TITLE = "SU2 Simulation"
VARIABLES = "Iteration","CLift","CDrag","CSideForce","CMx","CMy","CMz","CFx","CFy","CFz","CL/CD","Res_Flow[0]","Res_Flow[1]","Res_Flow[2]","Res_Flow[3]","Res_Flow[4]","Linear_Solver_Iterations","CFL_Number","Time(min)"
ZONE T= "Convergence history"
        5849, 6.68794180e-02, 4.50056390e-04, 0.00000000e+00, 0.00000000e+00, 0.00000000e+00, -3.67191377e-02, -1.00901753e-03, 6.68733204e-02, 0.00000000e+00, 1.48602307e+02, -8.46477445e+00, -8.45110365e+00, -8.98378436e+00, -7.86839491e+00, 0.00000000e+00, 2.0000000000, 10.0000000000, 0.0002861698
        5850, 6.68799324e-02, 4.50616527e-04, 0.00000000e+00, 0.00000000e+00, 0.00000000e+00, -3.67186855e-02, -1.00846874e-03, 6.68738470e-02, 0.00000000e+00, 1.48418730e+02, -8.52253350e+00, -8.43258708e+00, -8.60806807e+00, -7.91925343e+00, 0.00000000e+00, 2.0000000000, 10.0000000000, 0.0005852183
        5851, 6.68802924e-02, 4.50824295e-04, 0.00000000e+00, 0.00000000e+00, 0.00000000e+00, -3.67183660e-02, -1.00826888e-03, 6.68742113e-02, 0.00000000e+00, 1.48351127e+02, -8.52527093e+00, -8.46461991e+00, -8.56812840e+00, -7.92532945e+00, 0.00000000e+00, 2.0000000000, 10.0000000000, 0.0008901517
        5852, 6.68807209e-02, 4.51004146e-04, 0.00000000e+00, 0.00000000e+00, 0.00000000e+00, -3.67180519e-02, -1.00809842e-03, 6.68746437e-02, 0.00000000e+00, 1.48292918e+02, -8.49333958e+00, -8.44461653e+00, -8.51913894e+00, -7.88976211e+00, 0.00000000e+00, 2.0000000000, 10.0000000000, 0.0013769190
        5853, 6.68812091e-02, 4.51143184e-04, 0.00000000e+00, 0.00000000e+00, 0.00000000e+00, -3.67177449e-02, -1.00797006e-03, 6.68751348e-02, 0.00000000e+00, 1.48248298e+02, -8.45092557e+00, -8.40962318e+00, -8.47321790e+00, -7.84551112e+00, 0.00000000e+00, 2.0000000000, 10.0000000000, 0.0016841173
        5854, 6.68817591e-02, 4.51239139e-04, 0.00000000e+00, 0.00000000e+00, 0.00000000e+00, -3.67174730e-02, -1.00788613e-03, 6.68756867e-02, 0.00000000e+00, 1.48217992e+02, -8.41755702e+00, -8.38893709e+00, -8.45378266e+00, -7.81415020e+00, 0.00000000e+00, 2.0000000000, 10.0000000000, 0.0019730012
        5855, 6.68823134e-02, 4.51319320e-04, 0.00000000e+00, 0.00000000e+00, 0.00000000e+00, -3.67172332e-02, -1.00781806e-03, 6.68762427e-02, 0.00000000e+00, 1.48192888e+02, -8.38861518e+00, -8.36656689e+00, -8.44216429e+00, -7.78635250e+00, 0.00000000e+00, 2.0000000000, 10.0000000000, 0.0024647514
        5856, 6.68828349e-02, 4.51386794e-04, 0.00000000e+00, 0.00000000e+00, 0.00000000e+00, -3.67170315e-02, -1.00776198e-03, 6.68767656e-02, 0.00000000e+00, 1.48171891e+02, -8.36169730e+00, -8.33418625e+00, -8.42773197e+00, -7.75858113e+00, 0.00000000e+00, 2.0000000000, 10.0000000000, 0.0030001998
        5857, 6.68833093e-02, 4.51440591e-04, 0.00000000e+00, 0.00000000e+00, 0.00000000e+00, -3.67168743e-02, -1.00771854e-03, 6.68772410e-02, 0.00000000e+00, 1.48155285e+02, -8.34369189e+00, -8.31047508e+00, -8.41919191e+00, -7.74001715e+00, 0.00000000e+00, 2.0000000000, 10.0000000000, 0.0034295360
        5858, 6.68837312e-02, 4.51484113e-04, 0.00000000e+00, 0.00000000e+00, 0.00000000e+00, -3.67167572e-02, -1.00768423e-03, 6.68776637e-02, 0.00000000e+00, 1.48141937e+02, -8.33309882e+00, -8.29521071e+00, -8.41517952e+00, -7.72915259e+00, 0.00000000e+00, 2.0000000000, 10.0000000000, 0.0037825028
        5859, 6.68841052e-02, 4.51519048e-04, 0.00000000e+00, 0.00000000e+00, 0.00000000e+00, -3.67166707e-02, -1.00765747e-03, 6.68780385e-02, 0.00000000e+00, 1.48131304e+02, -8.32876762e+00, -8.28902759e+00, -8.41408451e+00, -7.72469611e+00, 0.00000000e+00, 2.0000000000, 10.0000000000, 0.0041139841
        5860, 6.68844399e-02, 4.51545564e-04, 0.00000000e+00, 0.00000000e+00, 0.00000000e+00, -3.67166063e-02, -1.00763826e-03, 6.68783736e-02, 0.00000000e+00, 1.48123346e+02, -8.32923983e+00, -8.29137310e+00, -8.41547350e+00, -7.72509366e+00, 0.00000000e+00, 2.0000000000, 10.0000000000, 0.0044093688
        5861, 6.68847431e-02, 4.51564458e-04, 0.00000000e+00, 0.00000000e+00, 0.00000000e+00, -3.67165574e-02, -1.00762598e-03, 6.68786771e-02, 0.00000000e+00, 1.48117820e+02, -8.33280184e+00, -8.30001002e+00, -8.41887803e+00, -7.72861281e+00, 0.00000000e+00, 2.0000000000, 10.0000000000, 0.0047051867
        5862, 6.68850199e-02, 4.51577687e-04, 0.00000000e+00, 0.00000000e+00, 0.00000000e+00, -3.67165202e-02, -1.00761880e-03, 6.68789542e-02, 0.00000000e+00, 1.48114094e+02, -8.33806944e+00, -8.31184729e+00, -8.42363570e+00, -7.73391273e+00, 0.00000000e+00, 2.0000000000, 10.0000000000, 0.0049985846
        5863, 6.68852725e-02, 4.51587153e-04, 0.00000000e+00, 0.00000000e+00, 0.00000000e+00, -3.67164924e-02, -1.00761484e-03, 6.68792069e-02, 0.00000000e+00, 1.48111549e+02, -8.34423488e+00, -8.32362353e+00, -8.42906460e+00, -7.74019607e+00, 0.00000000e+00, 2.0000000000, 10.0000000000, 0.0052870671
        5864, 6.68855021e-02, 4.51594062e-04, 0.00000000e+00, 0.00000000e+00, 0.00000000e+00, -3.67164721e-02, -1.00761295e-03, 6.68794367e-02, 0.00000000e+00, 1.48109791e+02, -8.35079503e+00, -8.33218627e+00, -8.43472489e+00, -7.74686537e+00, 0.00000000e+00, 2.0000000000, 10.0000000000, 0.0055649837
        5865, 6.68857105e-02, 4.51599127e-04, 0.00000000e+00, 0.00000000e+00, 0.00000000e+00, -3.67164574e-02, -1.00761243e-03, 6.68796451e-02, 0.00000000e+00, 1.48108591e+02, -8.35724124e+00, -8.33489333e+00, -8.44055037e+00, -7.75321660e+00, 0.00000000e+00, 2.0000000000, 10.0000000000, 0.0058425188
        5866, 6.68858998e-02, 4.51602823e-04, 0.00000000e+00, 0.00000000e+00, 0.00000000e+00, -3.67164467e-02, -1.00761286e-03, 6.68798344e-02, 0.00000000e+00, 1.48107798e+02, -8.36303266e+00, -8.33038874e+00, -8.44672098e+00, -7.75848334e+00, 0.00000000e+00, 2.0000000000, 10.0000000000, 0.0061216513
        5867, 6.68860723e-02, 4.51605504e-04, 0.00000000e+00, 0.00000000e+00, 0.00000000e+00, -3.67164386e-02, -1.00761394e-03, 6.68800070e-02, 0.00000000e+00, 1.48107301e+02, -8.36778671e+00, -8.31920634e+00, -8.45346365e+00, -7.76213942e+00, 0.00000000e+00, 2.0000000000, 10.0000000000, 0.0063897689
        5868, 6.68862303e-02, 4.51607498e-04, 0.00000000e+00, 0.00000000e+00, 0.00000000e+00, -3.67164322e-02, -1.00761540e-03, 6.68801650e-02, 0.00000000e+00, 1.48106997e+02, -8.37147566e+00, -8.30349311e+00, -8.46094990e+00, -7.76417634e+00, 0.00000000e+00, 2.0000000000, 10.0000000000, 0.0066666365
        5869, 6.68863754e-02, 4.51609122e-04, 0.00000000e+00, 0.00000000e+00, 0.00000000e+00, -3.67164268e-02, -1.00761694e-03, 6.68803100e-02, 0.00000000e+00, 1.48106786e+02, -8.37448001e+00, -8.28601181e+00, -8.46930826e+00, -7.76513620e+00, 0.00000000e+00, 2.0000000000, 10.0000000000, 0.0069394509
        5870, 6.68865085e-02, 4.51610706e-04, 0.00000000e+00, 0.00000000e+00, 0.00000000e+00, -3.67164221e-02, -1.00761826e-03, 6.68804432e-02, 0.00000000e+00, 1.48106561e+02, -8.37743591e+00, -8.26922977e+00, -8.47858974e+00, -7.76587275e+00, 0.00000000e+00, 2.0000000000, 10.0000000000, 0.0072201173
        5871, 6.68866305e-02, 4.51612623e-04, 0.00000000e+00, 0.00000000e+00, 0.00000000e+00, -3.67164179e-02, -1.00761900e-03, 6.68805652e-02, 0.00000000e+00, 1.48106202e+02, -8.38110431e+00, -8.25503277e+00, -8.48880743e+00, -7.76734553e+00, 0.00000000e+00, 2.0000000000, 10.0000000000, 0.0075576862
        5872, 6.68867421e-02, 4.51615293e-04, 0.00000000e+00, 0.00000000e+00, 0.00000000e+00, -3.67164142e-02, -1.00761877e-03, 6.68806768e-02, 0.00000000e+00, 1.48105574e+02, -8.38635177e+00, -8.24489705e+00, -8.50006500e+00, -7.77057328e+00, 0.00000000e+00, 2.0000000000, 10.0000000000, 0.0078920523
        5873, 6.68868441e-02, 4.51619175e-04, 0.00000000e+00, 0.00000000e+00, 0.00000000e+00, -3.67164106e-02, -1.00761711e-03, 6.68807789e-02, 0.00000000e+00, 1.48104527e+02, -8.39422873e+00, -8.24020932e+00, -8.51273372e+00, -7.77672602e+00, 0.00000000e+00, 2.0000000000, 10.0000000000, 0.0081782699
        5874, 6.68869381e-02, 4.51624743e-04, 0.00000000e+00, 0.00000000e+00, 0.00000000e+00, -3.67164068e-02, -1.00761360e-03, 6.68808729e-02, 0.00000000e+00, 1.48102909e+02, -8.40610188e+00, -8.24255012e+00, -8.52765925e+00, -7.78728683e+00, 0.00000000e+00, 2.0000000000, 10.0000000000, 0.0084618529
        5875, 6.68870258e-02, 4.51632434e-04, 0.00000000e+00, 0.00000000e+00, 0.00000000e+00, -3.67164019e-02, -1.00760782e-03, 6.68809608e-02, 0.00000000e+00, 1.48100581e+02, -8.42378950e+00, -8.25387715e+00, -8.54639278e+00, -7.80421436e+00, 0.00000000e+00, 2.0000000000, 10.0000000000, 0.0087278008
        5876, 6.68871097e-02, 4.51642582e-04, 0.00000000e+00, 0.00000000e+00, 0.00000000e+00, -3.67163951e-02, -1.00759950e-03, 6.68810449e-02, 0.00000000e+00, 1.48097439e+02, -8.44976170e+00, -8.27670429e+00, -8.57156004e+00, -7.83017125e+00, 0.00000000e+00, 2.0000000000, 10.0000000000, 0.0090049863
        5877, 6.68871923e-02, 4.51655352e-04, 0.00000000e+00, 0.00000000e+00, 0.00000000e+00, -3.67163853e-02, -1.00758854e-03, 6.68811278e-02, 0.00000000e+00, 1.48093434e+02, -8.48759308e+00, -8.31448427e+00, -8.60762863e+00, -7.86903025e+00, 0.00000000e+00, 2.0000000000, 10.0000000000, 0.0092985352
        5878, 6.68872752e-02, 4.51670524e-04, 0.00000000e+00, 0.00000000e+00, 0.00000000e+00, -3.67163726e-02, -1.00757518e-03, 6.68812110e-02, 0.00000000e+00, 1.48088643e+02, -8.54235909e+00, -8.37178925e+00, -8.66197230e+00, -7.92636032e+00, 0.00000000e+00, 2.0000000000, 10.0000000000, 0.0095876694
        5879, 6.68873615e-02, 4.51686018e-04, 0.00000000e+00, 0.00000000e+00, 0.00000000e+00, -3.67163567e-02, -1.00756157e-03, 6.68812976e-02, 0.00000000e+00, 1.48083755e+02, -8.61546158e+00, -8.44821118e+00, -8.74068594e+00, -8.00399144e+00, 0.00000000e+00, 2.0000000000, 10.0000000000, 0.0098860184
        5880, 6.68874667e-02, 4.51699425e-04, 0.00000000e+00, 0.00000000e+00, 0.00000000e+00, -3.67163302e-02, -1.00755046e-03, 6.68814030e-02, 0.00000000e+00, 1.48079592e+02, -8.67984777e+00, -8.51311854e+00, -8.81861964e+00, -8.07283850e+00, 0.00000000e+00, 2.0000000000, 10.0000000000, 0.0102253675
        5881, 6.68875953e-02, 4.51710586e-04, 0.00000000e+00, 0.00000000e+00, 0.00000000e+00, -3.67162911e-02, -1.00754211e-03, 6.68815318e-02, 0.00000000e+00, 1.48076218e+02, -8.71340932e+00, -8.54703670e+00, -8.86660431e+00, -8.10880367e+00, 0.00000000e+00, 2.0000000000, 10.0000000000, 0.0105496168
        5882, 6.68877335e-02, 4.51721074e-04, 0.00000000e+00, 0.00000000e+00, 0.00000000e+00, -3.67162473e-02, -1.00753464e-03, 6.68816703e-02, 0.00000000e+00, 1.48073086e+02, -8.73462681e+00, -8.57209874e+00, -8.90199556e+00, -8.13237545e+00, 0.00000000e+00, 2.0000000000, 10.0000000000, 0.0108648499
        5883, 6.68878758e-02, 4.51729844e-04, 0.00000000e+00, 0.00000000e+00, 0.00000000e+00, -3.67162023e-02, -1.00752898e-03, 6.68818128e-02, 0.00000000e+00, 1.48070527e+02, -8.75365531e+00, -8.59941013e+00, -8.93434586e+00, -8.15458686e+00, 0.00000000e+00, 2.0000000000, 10.0000000000, 0.0111775517
        5884, 6.68880180e-02, 4.51736324e-04, 0.00000000e+00, 0.00000000e+00, 0.00000000e+00, -3.67161594e-02, -1.00752560e-03, 6.68819550e-02, 0.00000000e+00, 1.48068717e+02, -8.76903855e+00, -8.62625687e+00, -8.96144557e+00, -8.17308536e+00, 0.00000000e+00, 2.0000000000, 10.0000000000, 0.0114663839
        5885, 6.68881574e-02, 4.51741862e-04, 0.00000000e+00, 0.00000000e+00, 0.00000000e+00, -3.67161210e-02, -1.00752310e-03, 6.68820945e-02, 0.00000000e+00, 1.48067211e+02, -8.77663934e+00, -8.64609206e+00, -8.97768445e+00, -8.18270095e+00, 0.00000000e+00, 2.0000000000, 10.0000000000, 0.0117782513
        5886, 6.68882920e-02, 4.51747543e-04, 0.00000000e+00, 0.00000000e+00, 0.00000000e+00, -3.67160880e-02, -1.00752036e-03, 6.68822292e-02, 0.00000000e+00, 1.48065647e+02, -8.77932908e+00, -8.66098852e+00, -8.98627686e+00, -8.18674758e+00, 0.00000000e+00, 2.0000000000, 10.0000000000, 0.0120667497
        5887, 6.68884207e-02, 4.51752758e-04, 0.00000000e+00, 0.00000000e+00, 0.00000000e+00, -3.67160605e-02, -1.00751795e-03, 6.68823580e-02, 0.00000000e+00, 1.48064222e+02, -8.78131920e+00, -8.67519991e+00, -8.99265865e+00, -8.19012763e+00, 0.00000000e+00, 2.0000000000, 10.0000000000, 0.0124484181
        5888, 6.68885427e-02, 4.51756695e-04, 0.00000000e+00, 0.00000000e+00, 0.00000000e+00, -3.67160385e-02, -1.00751668e-03, 6.68824801e-02, 0.00000000e+00, 1.48063202e+02, -8.78326070e+00, -8.68904194e+00, -8.99791630e+00, -8.19355492e+00, 0.00000000e+00, 2.0000000000, 10.0000000000, 0.0127652168
        5889, 6.68886575e-02, 4.51759364e-04, 0.00000000e+00, 0.00000000e+00, 0.00000000e+00, -3.67160216e-02, -1.00751652e-03, 6.68825949e-02, 0.00000000e+00, 1.48062581e+02, -8.78403494e+00, -8.70091630e+00, -9.00117787e+00, -8.19568881e+00, 0.00000000e+00, 2.0000000000, 10.0000000000, 0.0130639195
        5890, 6.68887648e-02, 4.51761028e-04, 0.00000000e+00, 0.00000000e+00, 0.00000000e+00, -3.67160094e-02, -1.00751719e-03, 6.68827022e-02, 0.00000000e+00, 1.48062273e+02, -8.78356492e+00, -8.71043964e+00, -9.00267429e+00, -8.19637161e+00, 0.00000000e+00, 2.0000000000, 10.0000000000, 0.0133401513
        5891, 6.68888640e-02, 4.51761723e-04, 0.00000000e+00, 0.00000000e+00, 0.00000000e+00, -3.67160011e-02, -1.00751866e-03, 6.68828014e-02, 0.00000000e+00, 1.48062265e+02, -8.78247001e+00, -8.71796407e+00, -9.00308893e+00, -8.19621819e+00, 0.00000000e+00, 2.0000000000, 10.0000000000, 0.0136175513
        5892, 6.68889549e-02, 4.51761495e-04, 0.00000000e+00, 0.00000000e+00, 0.00000000e+00, -3.67159962e-02, -1.00752087e-03, 6.68828923e-02, 0.00000000e+00, 1.48062541e+02, -8.78104747e+00, -8.72357239e+00, -9.00260340e+00, -8.19548964e+00, 0.00000000e+00, 2.0000000000, 10.0000000000, 0.0139039675
        5893, 6.68890379e-02, 4.51760568e-04, 0.00000000e+00, 0.00000000e+00, 0.00000000e+00, -3.67159940e-02, -1.00752361e-03, 6.68829752e-02, 0.00000000e+00, 1.48063028e+02, -8.77948918e+00, -8.72742404e+00, -9.00143454e+00, -8.19436622e+00, 0.00000000e+00, 2.0000000000, 10.0000000000, 0.0141776522
        5894, 6.68891135e-02, 4.51759180e-04, 0.00000000e+00, 0.00000000e+00, 0.00000000e+00, -3.67159938e-02, -1.00752665e-03, 6.68830508e-02, 0.00000000e+00, 1.48063651e+02, -8.77819447e+00, -8.73001930e+00, -9.00014645e+00, -8.19329188e+00, 0.00000000e+00, 2.0000000000, 10.0000000000, 0.0144714514
        5895, 6.68891827e-02, 4.51757507e-04, 0.00000000e+00, 0.00000000e+00, 0.00000000e+00, -3.67159950e-02, -1.00752983e-03, 6.68831199e-02, 0.00000000e+00, 1.48064352e+02, -8.77754781e+00, -8.73187523e+00, -8.99924945e+00, -8.19270617e+00, 0.00000000e+00, 2.0000000000, 10.0000000000, 0.0147596677
        5896, 6.68892461e-02, 4.51755713e-04, 0.00000000e+00, 0.00000000e+00, 0.00000000e+00, -3.67159970e-02, -1.00753301e-03, 6.68831832e-02, 0.00000000e+00, 1.48065081e+02, -8.77779843e+00, -8.73338941e+00, -8.99908809e+00, -8.19290324e+00, 0.00000000e+00, 2.0000000000, 10.0000000000, 0.0150403698
        5897, 6.68893045e-02, 4.51753942e-04, 0.00000000e+00, 0.00000000e+00, 0.00000000e+00, -3.67159996e-02, -1.00753605e-03, 6.68832416e-02, 0.00000000e+00, 1.48065790e+02, -8.77917618e+00, -8.73495537e+00, -9.00001955e+00, -8.19416134e+00, 0.00000000e+00, 2.0000000000, 10.0000000000, 0.0153306524
        5898, 6.68893586e-02, 4.51752290e-04, 0.00000000e+00, 0.00000000e+00, 0.00000000e+00, -3.67160024e-02, -1.00753888e-03, 6.68832957e-02, 0.00000000e+00, 1.48066452e+02, -8.78191041e+00, -8.73697350e+00, -9.00239465e+00, -8.19676330e+00, 0.00000000e+00, 2.0000000000, 10.0000000000, 0.0156633854
        5899, 6.68894091e-02, 4.51750809e-04, 0.00000000e+00, 0.00000000e+00, 0.00000000e+00, -3.67160053e-02, -1.00754147e-03, 6.68833462e-02, 0.00000000e+00, 1.48067049e+02, -8.78617201e+00, -8.73980291e+00, -9.00646791e+00, -8.20093177e+00, 0.00000000e+00, 2.0000000000, 10.0000000000, 0.0159256697
        5900, 6.68894565e-02, 4.51749524e-04, 0.00000000e+00, 0.00000000e+00, 0.00000000e+00, -3.67160081e-02, -1.00754378e-03, 6.68833935e-02, 0.00000000e+00, 1.48067575e+02, -8.79209230e+00, -8.74379217e+00, -9.01244410e+00, -8.20685075e+00, 0.00000000e+00, 2.0000000000, 10.0000000000, 0.0162063003
        5901, 6.68895012e-02, 4.51748432e-04, 0.00000000e+00, 0.00000000e+00, 0.00000000e+00, -3.67160109e-02, -1.00754585e-03, 6.68834381e-02, 0.00000000e+00, 1.48068032e+02, -8.79980318e+00, -8.74931939e+00, -9.02053591e+00, -8.21471059e+00, 0.00000000e+00, 2.0000000000, 10.0000000000, 0.0164842685
        5902, 6.68895436e-02, 4.51747509e-04, 0.00000000e+00, 0.00000000e+00, 0.00000000e+00, -3.67160137e-02, -1.00754770e-03, 6.68834805e-02, 0.00000000e+00, 1.48068428e+02, -8.80942441e+00, -8.75677422e+00, -9.03094074e+00, -8.22469334e+00, 0.00000000e+00, 2.0000000000, 10.0000000000, 0.0167644501
        5903, 6.68895839e-02, 4.51746716e-04, 0.00000000e+00, 0.00000000e+00, 0.00000000e+00, -3.67160163e-02, -1.00754937e-03, 6.68835208e-02, 0.00000000e+00, 1.48068777e+02, -8.82104446e+00, -8.76653192e+00, -9.04382193e+00, -8.23695069e+00, 0.00000000e+00, 2.0000000000, 10.0000000000, 0.0170362512
        5904, 6.68896225e-02, 4.51746010e-04, 0.00000000e+00, 0.00000000e+00, 0.00000000e+00, -3.67160190e-02, -1.00755092e-03, 6.68835593e-02, 0.00000000e+00, 1.48069094e+02, -8.83472235e+00, -8.77894752e+00, -9.05932248e+00, -8.25160514e+00, 0.00000000e+00, 2.0000000000, 10.0000000000, 0.0173092008
        5905, 6.68896594e-02, 4.51745348e-04, 0.00000000e+00, 0.00000000e+00, 0.00000000e+00, -3.67160217e-02, -1.00755238e-03, 6.68835962e-02, 0.00000000e+00, 1.48069393e+02, -8.85050581e+00, -8.79436980e+00, -9.07759683e+00, -8.26876969e+00, 0.00000000e+00, 2.0000000000, 10.0000000000, 0.0175878167
        5906, 6.68896948e-02, 4.51744687e-04, 0.00000000e+00, 0.00000000e+00, 0.00000000e+00, -3.67160245e-02, -1.00755382e-03, 6.68836317e-02, 0.00000000e+00, 1.48069688e+02, -8.86844242e+00, -8.81315458e+00, -9.09883220e+00, -8.28855954e+00, 0.00000000e+00, 2.0000000000, 10.0000000000, 0.0178779682
        5907, 6.68897288e-02, 4.51743985e-04, 0.00000000e+00, 0.00000000e+00, 0.00000000e+00, -3.67160275e-02, -1.00755526e-03, 6.68836656e-02, 0.00000000e+00, 1.48069993e+02, -8.88859720e+00, -8.83569338e+00, -9.12328262e+00, -8.31111178e+00, 0.00000000e+00, 2.0000000000, 10.0000000000, 0.0181555867
        5908, 6.68897615e-02, 4.51743208e-04, 0.00000000e+00, 0.00000000e+00, 0.00000000e+00, -3.67160306e-02, -1.00755675e-03, 6.68836983e-02, 0.00000000e+00, 1.48070320e+02, -8.91107901e+00, -8.86246163e+00, -9.15131562e+00, -8.33661602e+00, 0.00000000e+00, 2.0000000000, 10.0000000000, 0.0184248686
        5909, 6.68897929e-02, 4.51742321e-04, 0.00000000e+00, 0.00000000e+00, 0.00000000e+00, -3.67160340e-02, -1.00755832e-03, 6.68837296e-02, 0.00000000e+00, 1.48070681e+02, -8.93605423e+00, -8.89406586e+00, -9.18344203e+00, -8.36533134e+00, 0.00000000e+00, 2.0000000000, 10.0000000000, 0.0187430183
        5910, 6.68898230e-02, 4.51741295e-04, 0.00000000e+00, 0.00000000e+00, 0.00000000e+00, -3.67160377e-02, -1.00756000e-03, 6.68837597e-02, 0.00000000e+00, 1.48071083e+02, -8.96373965e+00, -8.93128063e+00, -9.22032208e+00, -8.39757802e+00, 0.00000000e+00, 2.0000000000, 10.0000000000, 0.0191592852
        5911, 6.68898518e-02, 4.51740108e-04, 0.00000000e+00, 0.00000000e+00, 0.00000000e+00, -3.67160417e-02, -1.00756182e-03, 6.68837885e-02, 0.00000000e+00, 1.48071536e+02, -8.99437310e+00, -8.97507103e+00, -9.26274086e+00, -8.43369874e+00, 0.00000000e+00, 2.0000000000, 10.0000000000, 0.0195921699
        5912, 6.68898793e-02, 4.51738740e-04, 0.00000000e+00, 0.00000000e+00, 0.00000000e+00, -3.67160460e-02, -1.00756379e-03, 6.68838160e-02, 0.00000000e+00, 1.48072046e+02, -9.02812967e+00, -9.02654617e+00, -9.31148559e+00, -8.47394248e+00, 0.00000000e+00, 2.0000000000, 10.0000000000, 0.0199780862
        5913, 6.68899056e-02, 4.51737192e-04, 0.00000000e+00, 0.00000000e+00, 0.00000000e+00, -3.67160506e-02, -1.00756591e-03, 6.68838422e-02, 0.00000000e+00, 1.48072611e+02, -9.06493691e+00, -9.08671662e+00, -9.36698493e+00, -8.51819751e+00, 0.00000000e+00, 2.0000000000, 10.0000000000, 0.0202843189
        5914, 6.68899304e-02, 4.51735496e-04, 0.00000000e+00, 0.00000000e+00, 0.00000000e+00, -3.67160556e-02, -1.00756815e-03, 6.68838670e-02, 0.00000000e+00, 1.48073222e+02, -9.10379112e+00, -9.15519651e+00, -9.42791724e+00, -8.56503422e+00, 0.00000000e+00, 2.0000000000, 10.0000000000, 0.0205761870
        5915, 6.68899534e-02, 4.51733722e-04, 0.00000000e+00, 0.00000000e+00, 0.00000000e+00, -3.67160607e-02, -1.00757042e-03, 6.68838899e-02, 0.00000000e+00, 1.48073854e+02, -9.14102188e+00, -9.22585842e+00, -9.48734988e+00, -8.60928748e+00, 0.00000000e+00, 2.0000000000, 10.0000000000, 0.0208739519
        5916, 6.68899734e-02, 4.51731873e-04, 0.00000000e+00, 0.00000000e+00, 0.00000000e+00, -3.67160661e-02, -1.00757271e-03, 6.68839098e-02, 0.00000000e+00, 1.48074505e+02, -9.16715646e+00, -9.27758180e+00, -9.52604675e+00, -8.63801050e+00, 0.00000000e+00, 2.0000000000, 10.0000000000, 0.0211592356
        5917, 6.68899893e-02, 4.51729788e-04, 0.00000000e+00, 0.00000000e+00, 0.00000000e+00, -3.67160719e-02, -1.00757514e-03, 6.68839257e-02, 0.00000000e+00, 1.48075223e+02, -9.17038898e+00, -9.28388242e+00, -9.52202076e+00, -8.63666500e+00, 0.00000000e+00, 2.0000000000, 10.0000000000, 0.0214713534
        5918, 6.68900013e-02, 4.51727557e-04, 0.00000000e+00, 0.00000000e+00, 0.00000000e+00, -3.67160782e-02, -1.00757763e-03, 6.68839377e-02, 0.00000000e+00, 1.48075981e+02, -9.15558304e+00, -9.26008519e+00, -9.48861850e+00, -8.61438662e+00, 0.00000000e+00, 2.0000000000, 10.0000000000, 0.0217518687
        5919, 6.68900100e-02, 4.51725407e-04, 0.00000000e+00, 0.00000000e+00, 0.00000000e+00, -3.67160850e-02, -1.00757997e-03, 6.68839463e-02, 0.00000000e+00, 1.48076705e+02, -9.13833888e+00, -9.23669658e+00, -9.45576949e+00, -8.59168057e+00, 0.00000000e+00, 2.0000000000, 10.0000000000, 0.0220149358
        5920, 6.68900162e-02, 4.51723388e-04, 0.00000000e+00, 0.00000000e+00, 0.00000000e+00, -3.67160919e-02, -1.00758212e-03, 6.68839525e-02, 0.00000000e+00, 1.48077381e+02, -9.12692674e+00, -9.22271216e+00, -9.43525111e+00, -8.57741395e+00, 0.00000000e+00, 2.0000000000, 10.0000000000, 0.0223008513
        5921, 6.68900206e-02, 4.51721509e-04, 0.00000000e+00, 0.00000000e+00, 0.00000000e+00, -3.67160985e-02, -1.00758410e-03, 6.68839568e-02, 0.00000000e+00, 1.48078006e+02, -9.12240570e+00, -9.21518017e+00, -9.42513419e+00, -8.57146848e+00, 0.00000000e+00, 2.0000000000, 10.0000000000, 0.0225663185
        5922, 6.68900240e-02, 4.51719737e-04, 0.00000000e+00, 0.00000000e+00, 0.00000000e+00, -3.67161045e-02, -1.00758594e-03, 6.68839602e-02, 0.00000000e+00, 1.48078595e+02, -9.12184676e+00, -9.21060597e+00, -9.41976413e+00, -8.56994389e+00, 0.00000000e+00, 2.0000000000, 10.0000000000, 0.0228539348
        5923, 6.68900270e-02, 4.51718068e-04, 0.00000000e+00, 0.00000000e+00, 0.00000000e+00, -3.67161099e-02, -1.00758768e-03, 6.68839632e-02, 0.00000000e+00, 1.48079149e+02, -9.12577877e+00, -9.21252080e+00, -9.42083456e+00, -8.57390144e+00, 0.00000000e+00, 2.0000000000, 10.0000000000, 0.0231296857
        5924, 6.68900299e-02, 4.51716563e-04, 0.00000000e+00, 0.00000000e+00, 0.00000000e+00, -3.67161146e-02, -1.00758925e-03, 6.68839660e-02, 0.00000000e+00, 1.48079649e+02, -9.13495777e+00, -9.22365130e+00, -9.42981577e+00, -8.58446313e+00, 0.00000000e+00, 2.0000000000, 10.0000000000, 0.0234057665
        5925, 6.68900328e-02, 4.51715237e-04, 0.00000000e+00, 0.00000000e+00, 0.00000000e+00, -3.67161186e-02, -1.00759064e-03, 6.68839689e-02, 0.00000000e+00, 1.48080090e+02, -9.14622594e+00, -9.23947896e+00, -9.44241156e+00, -8.59754538e+00, 0.00000000e+00, 2.0000000000, 10.0000000000, 0.0236774524
        5926, 6.68900357e-02, 4.51714072e-04, 0.00000000e+00, 0.00000000e+00, 0.00000000e+00, -3.67161220e-02, -1.00759186e-03, 6.68839718e-02, 0.00000000e+00, 1.48080478e+02, -9.15797387e+00, -9.25722161e+00, -9.45655760e+00, -8.61109121e+00, 0.00000000e+00, 2.0000000000, 10.0000000000, 0.0239881198
        5927, 6.68900384e-02, 4.51713065e-04, 0.00000000e+00, 0.00000000e+00, 0.00000000e+00, -3.67161251e-02, -1.00759293e-03, 6.68839744e-02, 0.00000000e+00, 1.48080814e+02, -9.16895144e+00, -9.27440494e+00, -9.47000980e+00, -8.62354346e+00, 0.00000000e+00, 2.0000000000, 10.0000000000, 0.0242941856
        5928, 6.68900407e-02, 4.51712220e-04, 0.00000000e+00, 0.00000000e+00, 0.00000000e+00, -3.67161278e-02, -1.00759382e-03, 6.68839767e-02, 0.00000000e+00, 1.48081096e+02, -9.17764911e+00, -9.28773044e+00, -9.48000895e+00, -8.63295319e+00, 0.00000000e+00, 2.0000000000, 10.0000000000, 0.0246187011
        5929, 6.68900427e-02, 4.51711538e-04, 0.00000000e+00, 0.00000000e+00, 0.00000000e+00, -3.67161303e-02, -1.00759455e-03, 6.68839787e-02, 0.00000000e+00, 1.48081324e+02, -9.18477119e+00, -9.29816584e+00, -9.48768807e+00, -8.64033725e+00, 0.00000000e+00, 2.0000000000, 10.0000000000, 0.0248959859
        5930, 6.68900443e-02, 4.51711035e-04, 0.00000000e+00, 0.00000000e+00, 0.00000000e+00, -3.67161325e-02, -1.00759509e-03, 6.68839803e-02, 0.00000000e+00, 1.48081493e+02, -9.19136507e+00, -9.30762717e+00, -9.49486009e+00, -8.64711249e+00, 0.00000000e+00, 2.0000000000, 10.0000000000, 0.0251861850
        5931, 6.68900456e-02, 4.51710729e-04, 0.00000000e+00, 0.00000000e+00, 0.00000000e+00, -3.67161345e-02, -1.00759542e-03, 6.68839816e-02, 0.00000000e+00, 1.48081596e+02, -9.19809100e+00, -9.31712890e+00, -9.50252275e+00, -8.65406726e+00, 0.00000000e+00, 2.0000000000, 10.0000000000, 0.0254592180
        5932, 6.68900468e-02, 4.51710622e-04, 0.00000000e+00, 0.00000000e+00, 0.00000000e+00, -3.67161361e-02, -1.00759555e-03, 6.68839828e-02, 0.00000000e+00, 1.48081633e+02, -9.20515312e+00, -9.32677595e+00, -9.51081602e+00, -8.66137264e+00, 0.00000000e+00, 2.0000000000, 10.0000000000, 0.0257108172
        5933, 6.68900479e-02, 4.51710697e-04, 0.00000000e+00, 0.00000000e+00, 0.00000000e+00, -3.67161375e-02, -1.00759550e-03, 6.68839839e-02, 0.00000000e+00, 1.48081611e+02, -9.21262374e+00, -9.33666288e+00, -9.51969407e+00, -8.66908826e+00, 0.00000000e+00, 2.0000000000, 10.0000000000, 0.0259884199
        5934, 6.68900490e-02, 4.51710917e-04, 0.00000000e+00, 0.00000000e+00, 0.00000000e+00, -3.67161386e-02, -1.00759531e-03, 6.68839850e-02, 0.00000000e+00, 1.48081542e+02, -9.22059173e+00, -9.34719081e+00, -9.52921061e+00, -8.67734939e+00, 0.00000000e+00, 2.0000000000, 10.0000000000, 0.0262539347
        5935, 6.68900501e-02, 4.51711234e-04, 0.00000000e+00, 0.00000000e+00, 0.00000000e+00, -3.67161395e-02, -1.00759501e-03, 6.68839861e-02, 0.00000000e+00, 1.48081440e+02, -9.22919825e+00, -9.35895129e+00, -9.53954765e+00, -8.68637167e+00, 0.00000000e+00, 2.0000000000, 10.0000000000, 0.0265156349
        5936, 6.68900512e-02, 4.51711597e-04, 0.00000000e+00, 0.00000000e+00, 0.00000000e+00, -3.67161402e-02, -1.00759467e-03, 6.68839872e-02, 0.00000000e+00, 1.48081323e+02, -9.23859931e+00, -9.37248408e+00, -9.55093171e+00, -8.69637225e+00, 0.00000000e+00, 2.0000000000, 10.0000000000, 0.0267955860
        5937, 6.68900522e-02, 4.51711958e-04, 0.00000000e+00, 0.00000000e+00, 0.00000000e+00, -3.67161409e-02, -1.00759433e-03, 6.68839882e-02, 0.00000000e+00, 1.48081207e+02, -9.24901104e+00, -9.38833668e+00, -9.56369149e+00, -8.70762602e+00, 0.00000000e+00, 2.0000000000, 10.0000000000, 0.0270750999
        5938, 6.68900530e-02, 4.51712276e-04, 0.00000000e+00, 0.00000000e+00, 0.00000000e+00, -3.67161416e-02, -1.00759404e-03, 6.68839890e-02, 0.00000000e+00, 1.48081105e+02, -9.26063932e+00, -9.40698469e+00, -9.57816049e+00, -8.72037656e+00, 0.00000000e+00, 2.0000000000, 10.0000000000, 0.0273432533
        5939, 6.68900536e-02, 4.51712524e-04, 0.00000000e+00, 0.00000000e+00, 0.00000000e+00, -3.67161422e-02, -1.00759380e-03, 6.68839897e-02, 0.00000000e+00, 1.48081025e+02, -9.27370303e+00, -9.42894088e+00, -9.59469770e+00, -8.73487504e+00, 0.00000000e+00, 2.0000000000, 10.0000000000, 0.0276270866
        5940, 6.68900541e-02, 4.51712686e-04, 0.00000000e+00, 0.00000000e+00, 0.00000000e+00, -3.67161429e-02, -1.00759365e-03, 6.68839901e-02, 0.00000000e+00, 1.48080973e+02, -9.28834391e+00, -9.45461500e+00, -9.61353291e+00, -8.75126507e+00, 0.00000000e+00, 2.0000000000, 10.0000000000, 0.0278900703
        5941, 6.68900543e-02, 4.51712758e-04, 0.00000000e+00, 0.00000000e+00, 0.00000000e+00, -3.67161436e-02, -1.00759358e-03, 6.68839903e-02, 0.00000000e+00, 1.48080950e+02, -9.30461191e+00, -9.48429283e+00, -9.63471480e+00, -8.76956815e+00, 0.00000000e+00, 2.0000000000, 10.0000000000, 0.0281704863
        5942, 6.68900542e-02, 4.51712748e-04, 0.00000000e+00, 0.00000000e+00, 0.00000000e+00, -3.67161444e-02, -1.00759359e-03, 6.68839902e-02, 0.00000000e+00, 1.48080953e+02, -9.32252413e+00, -9.51829209e+00, -9.65817830e+00, -8.78977223e+00, 0.00000000e+00, 2.0000000000, 10.0000000000, 0.0284408530
        5943, 6.68900538e-02, 4.51712669e-04, 0.00000000e+00, 0.00000000e+00, 0.00000000e+00, -3.67161452e-02, -1.00759366e-03, 6.68839899e-02, 0.00000000e+00, 1.48080978e+02, -9.34198448e+00, -9.55681160e+00, -9.68362656e+00, -8.81172435e+00, 0.00000000e+00, 2.0000000000, 10.0000000000, 0.0287199497
        5944, 6.68900532e-02, 4.51712537e-04, 0.00000000e+00, 0.00000000e+00, 0.00000000e+00, -3.67161461e-02, -1.00759378e-03, 6.68839892e-02, 0.00000000e+00, 1.48081020e+02, -9.36283408e+00, -9.60004405e+00, -9.71059084e+00, -8.83520559e+00, 0.00000000e+00, 2.0000000000, 10.0000000000, 0.0289857864
        5945, 6.68900521e-02, 4.51712369e-04, 0.00000000e+00, 0.00000000e+00, 0.00000000e+00, -3.67161471e-02, -1.00759392e-03, 6.68839882e-02, 0.00000000e+00, 1.48081073e+02, -9.38480292e+00, -9.64807894e+00, -9.73837933e+00, -8.85987515e+00, 0.00000000e+00, 2.0000000000, 10.0000000000, 0.0292482177
        5946, 6.68900507e-02, 4.51712179e-04, 0.00000000e+00, 0.00000000e+00, 0.00000000e+00, -3.67161482e-02, -1.00759408e-03, 6.68839867e-02, 0.00000000e+00, 1.48081132e+02, -9.40734315e+00, -9.70019413e+00, -9.76578468e+00, -8.88504383e+00, 0.00000000e+00, 2.0000000000, 10.0000000000, 0.0295220176
        5947, 6.68900488e-02, 4.51711979e-04, 0.00000000e+00, 0.00000000e+00, 0.00000000e+00, -3.67161494e-02, -1.00759424e-03, 6.68839848e-02, 0.00000000e+00, 1.48081193e+02, -9.42937546e+00, -9.75337861e+00, -9.79068003e+00, -8.90934389e+00, 0.00000000e+00, 2.0000000000, 10.0000000000, 0.0297978520
        5948, 6.68900466e-02, 4.51711779e-04, 0.00000000e+00, 0.00000000e+00, 0.00000000e+00, -3.67161505e-02, -1.00759439e-03, 6.68839826e-02, 0.00000000e+00, 1.48081254e+02, -9.44885531e+00, -9.79959573e+00, -9.80966388e+00, -8.92998982e+00, 0.00000000e+00, 2.0000000000, 10.0000000000, 0.0300732176
        5949, 6.68900442e-02, 4.51711596e-04, 0.00000000e+00, 0.00000000e+00, 0.00000000e+00, -3.67161517e-02, -1.00759452e-03, 6.68839802e-02, 0.00000000e+00, 1.48081308e+02, -9.46311824e+00, -9.82633556e+00, -9.81836181e+00, -8.94340172e+00, 0.00000000e+00, 2.0000000000, 10.0000000000, 0.0303722342
        5950, 6.68900417e-02, 4.51711458e-04, 0.00000000e+00, 0.00000000e+00, 0.00000000e+00, -3.67161526e-02, -1.00759461e-03, 6.68839777e-02, 0.00000000e+00, 1.48081348e+02, -9.47026621e+00, -9.82444816e+00, -9.81431049e+00, -8.94792933e+00, 0.00000000e+00, 2.0000000000, 10.0000000000, 0.0306423187
        5951, 6.68900396e-02, 4.51711374e-04, 0.00000000e+00, 0.00000000e+00, 0.00000000e+00, -3.67161532e-02, -1.00759464e-03, 6.68839756e-02, 0.00000000e+00, 1.48081371e+02, -9.46993427e+00, -9.79907926e+00, -9.79942047e+00, -8.94373144e+00, 0.00000000e+00, 2.0000000000, 10.0000000000, 0.0309094866
        5952, 6.68900379e-02, 4.51711312e-04, 0.00000000e+00, 0.00000000e+00, 0.00000000e+00, -3.67161536e-02, -1.00759467e-03, 6.68839739e-02, 0.00000000e+00, 1.48081388e+02, -9.46640779e+00, -9.77011503e+00, -9.78276884e+00, -8.93669312e+00, 0.00000000e+00, 2.0000000000, 10.0000000000, 0.0311953664
        5953, 6.68900364e-02, 4.51711234e-04, 0.00000000e+00, 0.00000000e+00, 0.00000000e+00, -3.67161538e-02, -1.00759472e-03, 6.68839724e-02, 0.00000000e+00, 1.48081410e+02, -9.46364342e+00, -9.74796870e+00, -9.77107166e+00, -8.93169624e+00, 0.00000000e+00, 2.0000000000, 10.0000000000, 0.0315019846
        5954, 6.68900352e-02, 4.51711138e-04, 0.00000000e+00, 0.00000000e+00, 0.00000000e+00, -3.67161538e-02, -1.00759479e-03, 6.68839713e-02, 0.00000000e+00, 1.48081439e+02, -9.46344613e+00, -9.73427547e+00, -9.76622523e+00, -8.93050518e+00, 0.00000000e+00, 2.0000000000, 10.0000000000, 0.0317867359
        5955, 6.68900343e-02, 4.51711037e-04, 0.00000000e+00, 0.00000000e+00, 0.00000000e+00, -3.67161537e-02, -1.00759487e-03, 6.68839703e-02, 0.00000000e+00, 1.48081470e+02, -9.46610697e+00, -9.72804533e+00, -9.76723366e+00, -8.93304685e+00, 0.00000000e+00, 2.0000000000, 10.0000000000, 0.0320563833
        5956, 6.68900336e-02, 4.51710950e-04, 0.00000000e+00, 0.00000000e+00, 0.00000000e+00, -3.67161535e-02, -1.00759494e-03, 6.68839696e-02, 0.00000000e+00, 1.48081497e+02, -9.47205360e+00, -9.72962292e+00, -9.77381523e+00, -8.93969368e+00, 0.00000000e+00, 2.0000000000, 10.0000000000, 0.0323707183
        5957, 6.68900331e-02, 4.51710896e-04, 0.00000000e+00, 0.00000000e+00, 0.00000000e+00, -3.67161533e-02, -1.00759498e-03, 6.68839691e-02, 0.00000000e+00, 1.48081514e+02, -9.48153273e+00, -9.73956567e+00, -9.78594813e+00, -8.95068120e+00, 0.00000000e+00, 2.0000000000, 10.0000000000, 0.0326562683
        5958, 6.68900328e-02, 4.51710891e-04, 0.00000000e+00, 0.00000000e+00, 0.00000000e+00, -3.67161529e-02, -1.00759498e-03, 6.68839688e-02, 0.00000000e+00, 1.48081514e+02, -9.49432150e+00, -9.75752009e+00, -9.80307601e+00, -8.96562357e+00, 0.00000000e+00, 2.0000000000, 10.0000000000, 0.0329252680
        5959, 6.68900327e-02, 4.51710945e-04, 0.00000000e+00, 0.00000000e+00, 0.00000000e+00, -3.67161524e-02, -1.00759492e-03, 6.68839687e-02, 0.00000000e+00, 1.48081497e+02, -9.50990464e+00, -9.78245239e+00, -9.82426389e+00, -8.98377398e+00, 0.00000000e+00, 2.0000000000, 10.0000000000, 0.0331989368
        5960, 6.68900327e-02, 4.51711059e-04, 0.00000000e+00, 0.00000000e+00, 0.00000000e+00, -3.67161520e-02, -1.00759481e-03, 6.68839687e-02, 0.00000000e+00, 1.48081459e+02, -9.52779251e+00, -9.81319106e+00, -9.84882191e+00, -9.00446025e+00, 0.00000000e+00, 2.0000000000, 10.0000000000, 0.0334680200
        5961, 6.68900328e-02, 4.51711225e-04, 0.00000000e+00, 0.00000000e+00, 0.00000000e+00, -3.67161516e-02, -1.00759465e-03, 6.68839688e-02, 0.00000000e+00, 1.48081405e+02, -9.54797579e+00, -9.84942433e+00, -9.87699947e+00, -9.02766700e+00, 0.00000000e+00, 2.0000000000, 10.0000000000, 0.0337432186
        5962, 6.68900328e-02, 4.51711420e-04, 0.00000000e+00, 0.00000000e+00, 0.00000000e+00, -3.67161513e-02, -1.00759445e-03, 6.68839688e-02, 0.00000000e+00, 1.48081341e+02, -9.57075564e+00, -9.89143430e+00, -9.90938628e+00, -9.05375975e+00, 0.00000000e+00, 2.0000000000, 10.0000000000, 0.0340103507
        5963, 6.68900328e-02, 4.51711610e-04, 0.00000000e+00, 0.00000000e+00, 0.00000000e+00, -3.67161510e-02, -1.00759426e-03, 6.68839688e-02, 0.00000000e+00, 1.48081279e+02, -9.59587027e+00, -9.93808080e+00, -9.94494241e+00, -9.08229357e+00, 0.00000000e+00, 2.0000000000, 10.0000000000, 0.0342765530
        5964, 6.68900325e-02, 4.51711764e-04, 0.00000000e+00, 0.00000000e+00, 0.00000000e+00, -3.67161509e-02, -1.00759410e-03, 6.68839685e-02, 0.00000000e+00, 1.48081228e+02, -9.62189676e+00, -9.98446662e+00, -9.97985340e+00, -9.11126882e+00, 0.00000000e+00, 2.0000000000, 10.0000000000, 0.0345378359
        5965, 6.68900322e-02, 4.51711877e-04, 0.00000000e+00, 0.00000000e+00, 0.00000000e+00, -3.67161507e-02, -1.00759398e-03, 6.68839682e-02, 0.00000000e+00, 1.48081190e+02, -9.64684502e+00, -1.00228577e+01, -1.00097436e+01, -9.13805588e+00, 0.00000000e+00, 2.0000000000, 10.0000000000, 0.0348142187
        5966, 6.68900318e-02, 4.51711966e-04, 0.00000000e+00, 0.00000000e+00, 0.00000000e+00, -3.67161506e-02, -1.00759388e-03, 6.68839678e-02, 0.00000000e+00, 1.48081160e+02, -9.66948440e+00, -1.00496199e+01, -1.00327329e+01, -9.16131055e+00, 0.00000000e+00, 2.0000000000, 10.0000000000, 0.0350855509
        5967, 6.68900316e-02, 4.51712039e-04, 0.00000000e+00, 0.00000000e+00, 0.00000000e+00, -3.67161503e-02, -1.00759380e-03, 6.68839676e-02, 0.00000000e+00, 1.48081135e+02, -9.68937074e+00, -1.00659499e+01, -1.00491786e+01, -9.18081811e+00, 0.00000000e+00, 2.0000000000, 10.0000000000, 0.0354451855
        5968, 6.68900316e-02, 4.51712077e-04, 0.00000000e+00, 0.00000000e+00, 0.00000000e+00, -3.67161499e-02, -1.00759377e-03, 6.68839676e-02, 0.00000000e+00, 1.48081123e+02, -9.70651863e+00, -1.00742498e+01, -1.00603261e+01, -9.19686071e+00, 0.00000000e+00, 2.0000000000, 10.0000000000, 0.0358819524
        5969, 6.68900318e-02, 4.51712064e-04, 0.00000000e+00, 0.00000000e+00, 0.00000000e+00, -3.67161493e-02, -1.00759378e-03, 6.68839678e-02, 0.00000000e+00, 1.48081128e+02, -9.72296797e+00, -1.00834051e+01, -1.00706588e+01, -9.21248001e+00, 0.00000000e+00, 2.0000000000, 10.0000000000, 0.0363192201
        5970, 6.68900323e-02, 4.51712019e-04, 0.00000000e+00, 0.00000000e+00, 0.00000000e+00, -3.67161487e-02, -1.00759384e-03, 6.68839683e-02, 0.00000000e+00, 1.48081144e+02, -9.74198371e+00, -1.01048994e+01, -1.00861522e+01, -9.23220024e+00, 0.00000000e+00, 2.0000000000, 10.0000000000, 0.0366972685
        5971, 6.68900331e-02, 4.51711961e-04, 0.00000000e+00, 0.00000000e+00, 0.00000000e+00, -3.67161481e-02, -1.00759392e-03, 6.68839691e-02, 0.00000000e+00, 1.48081164e+02, -9.76357003e+00, -1.01375874e+01, -1.01060374e+01, -9.25538751e+00, 0.00000000e+00, 2.0000000000, 10.0000000000, 0.0369997700
        5972, 6.68900341e-02, 4.51711893e-04, 0.00000000e+00, 0.00000000e+00, 0.00000000e+00, -3.67161473e-02, -1.00759401e-03, 6.68839702e-02, 0.00000000e+00, 1.48081189e+02, -9.78554069e+00, -1.01698781e+01, -1.01252160e+01, -9.27828370e+00, 0.00000000e+00, 2.0000000000, 10.0000000000, 0.0372738997
        5973, 6.68900354e-02, 4.51711815e-04, 0.00000000e+00, 0.00000000e+00, 0.00000000e+00, -3.67161464e-02, -1.00759411e-03, 6.68839715e-02, 0.00000000e+00, 1.48081217e+02, -9.80804217e+00, -1.02010354e+01, -1.01438461e+01, -9.30136721e+00, 0.00000000e+00, 2.0000000000, 10.0000000000, 0.0375424027
        5974, 6.68900369e-02, 4.51711752e-04, 0.00000000e+00, 0.00000000e+00, 0.00000000e+00, -3.67161455e-02, -1.00759421e-03, 6.68839730e-02, 0.00000000e+00, 1.48081241e+02, -9.83041110e+00, -1.02288676e+01, -1.01617031e+01, -9.32400196e+00, 0.00000000e+00, 2.0000000000, 10.0000000000, 0.0378241857
        5975, 6.68900387e-02, 4.51711725e-04, 0.00000000e+00, 0.00000000e+00, 0.00000000e+00, -3.67161446e-02, -1.00759427e-03, 6.68839747e-02, 0.00000000e+00, 1.48081254e+02, -9.85228881e+00, -1.02531584e+01, -1.01786462e+01, -9.34579950e+00, 0.00000000e+00, 2.0000000000, 10.0000000000, 0.0380944173
        5976, 6.68900407e-02, 4.51711742e-04, 0.00000000e+00, 0.00000000e+00, 0.00000000e+00, -3.67161437e-02, -1.00759430e-03, 6.68839767e-02, 0.00000000e+00, 1.48081253e+02, -9.87401375e+00, -1.02772996e+01, -1.01959217e+01, -9.36741932e+00, 0.00000000e+00, 2.0000000000, 10.0000000000, 0.0383683364
        5977, 6.68900429e-02, 4.51711800e-04, 0.00000000e+00, 0.00000000e+00, 0.00000000e+00, -3.67161427e-02, -1.00759429e-03, 6.68839789e-02, 0.00000000e+00, 1.48081239e+02, -9.89593852e+00, -1.03027678e+01, -1.02143873e+01, -9.38942110e+00, 0.00000000e+00, 2.0000000000, 10.0000000000, 0.0386469007
        5978, 6.68900453e-02, 4.51711909e-04, 0.00000000e+00, 0.00000000e+00, 0.00000000e+00, -3.67161418e-02, -1.00759424e-03, 6.68839813e-02, 0.00000000e+00, 1.48081208e+02, -9.91801542e+00, -1.03299143e+01, -1.02339646e+01, -9.41167840e+00, 0.00000000e+00, 2.0000000000, 10.0000000000, 0.0389355858
        5979, 6.68900478e-02, 4.51712066e-04, 0.00000000e+00, 0.00000000e+00, 0.00000000e+00, -3.67161408e-02, -1.00759413e-03, 6.68839839e-02, 0.00000000e+00, 1.48081163e+02, -9.94021681e+00, -1.03591794e+01, -1.02547723e+01, -9.43413976e+00, 0.00000000e+00, 2.0000000000, 10.0000000000, 0.0392265836
        5980, 6.68900503e-02, 4.51712199e-04, 0.00000000e+00, 0.00000000e+00, 0.00000000e+00, -3.67161401e-02, -1.00759405e-03, 6.68839863e-02, 0.00000000e+00, 1.48081124e+02, -9.96322503e+00, -1.03942515e+01, -1.02780421e+01, -9.45777731e+00, 0.00000000e+00, 2.0000000000, 10.0000000000, 0.0395146370
        5981, 6.68900525e-02, 4.51712357e-04, 0.00000000e+00, 0.00000000e+00, 0.00000000e+00, -3.67161396e-02, -1.00759394e-03, 6.68839885e-02, 0.00000000e+00, 1.48081077e+02, -9.98372070e+00, -1.04119519e+01, -1.02953614e+01, -9.47731969e+00, 0.00000000e+00, 2.0000000000, 10.0000000000, 0.0397867997
        5982, 6.68900549e-02, 4.51712527e-04, 0.00000000e+00, 0.00000000e+00, 0.00000000e+00, -3.67161390e-02, -1.00759383e-03, 6.68839909e-02, 0.00000000e+00, 1.48081027e+02, -1.00051630e+01, -1.04325241e+01, -1.03135670e+01, -9.49877188e+00, 0.00000000e+00, 2.0000000000, 10.0000000000, 0.0400621017
        5983, 6.68900574e-02, 4.51712693e-04, 0.00000000e+00, 0.00000000e+00, 0.00000000e+00, -3.67161384e-02, -1.00759371e-03, 6.68839934e-02, 0.00000000e+00, 1.48080978e+02, -1.00281815e+01, -1.04689142e+01, -1.03382563e+01, -9.52318121e+00, 0.00000000e+00, 2.0000000000, 10.0000000000, 0.0403449019
        5984, 6.68900598e-02, 4.51712815e-04, 0.00000000e+00, 0.00000000e+00, 0.00000000e+00, -3.67161379e-02, -1.00759365e-03, 6.68839959e-02, 0.00000000e+00, 1.48080944e+02, -1.00504140e+01, -1.04878822e+01, -1.03594423e+01, -9.54529590e+00, 0.00000000e+00, 2.0000000000, 10.0000000000, 0.0406422536
        5985, 6.68900621e-02, 4.51712911e-04, 0.00000000e+00, 0.00000000e+00, 0.00000000e+00, -3.67161375e-02, -1.00759360e-03, 6.68839981e-02, 0.00000000e+00, 1.48080917e+02, -1.00753112e+01, -1.05168643e+01, -1.03865931e+01, -9.57131531e+00, 0.00000000e+00, 2.0000000000, 10.0000000000, 0.0409493844
        5986, 6.68900641e-02, 4.51712975e-04, 0.00000000e+00, 0.00000000e+00, 0.00000000e+00, -3.67161373e-02, -1.00759358e-03, 6.68840001e-02, 0.00000000e+00, 1.48080900e+02, -1.00938101e+01, -1.05155526e+01, -1.04023941e+01, -9.58775629e+00, 0.00000000e+00, 2.0000000000, 10.0000000000, 0.0412744681
        5987, 6.68900659e-02, 4.51713009e-04, 0.00000000e+00, 0.00000000e+00, 0.00000000e+00, -3.67161372e-02, -1.00759358e-03, 6.68840020e-02, 0.00000000e+00, 1.48080893e+02, -1.01152552e+01, -1.05314352e+01, -1.04243069e+01, -9.60905928e+00, 0.00000000e+00, 2.0000000000, 10.0000000000, 0.0415536682
        5988, 6.68900675e-02, 4.51713008e-04, 0.00000000e+00, 0.00000000e+00, 0.00000000e+00, -3.67161372e-02, -1.00759362e-03, 6.68840035e-02, 0.00000000e+00, 1.48080897e+02, -1.01383621e+01, -1.05441674e+01, -1.04471217e+01, -9.63295944e+00, 0.00000000e+00, 2.0000000000, 10.0000000000, 0.0418772022
        5989, 6.68900689e-02, 4.51712973e-04, 0.00000000e+00, 0.00000000e+00, 0.00000000e+00, -3.67161373e-02, -1.00759368e-03, 6.68840049e-02, 0.00000000e+00, 1.48080912e+02, -1.01565061e+01, -1.05507405e+01, -1.04652098e+01, -9.64961876e+00, 0.00000000e+00, 2.0000000000, 10.0000000000, 0.0421495835
        5990, 6.68900701e-02, 4.51712927e-04, 0.00000000e+00, 0.00000000e+00, 0.00000000e+00, -3.67161374e-02, -1.00759376e-03, 6.68840062e-02, 0.00000000e+00, 1.48080930e+02, -1.01767839e+01, -1.05538912e+01, -1.04820483e+01, -9.66924073e+00, 0.00000000e+00, 2.0000000000, 10.0000000000, 0.0424508174
        5991, 6.68900712e-02, 4.51712872e-04, 0.00000000e+00, 0.00000000e+00, 0.00000000e+00, -3.67161375e-02, -1.00759384e-03, 6.68840072e-02, 0.00000000e+00, 1.48080950e+02, -1.01974242e+01, -1.05702480e+01, -1.05043820e+01, -9.69006059e+00, 0.00000000e+00, 2.0000000000, 10.0000000000, 0.0427216848
        5992, 6.68900721e-02, 4.51712806e-04, 0.00000000e+00, 0.00000000e+00, 0.00000000e+00, -3.67161376e-02, -1.00759392e-03, 6.68840082e-02, 0.00000000e+00, 1.48080974e+02, -1.02186501e+01, -1.05777522e+01, -1.05254001e+01, -9.71127425e+00, 0.00000000e+00, 2.0000000000, 10.0000000000, 0.0429897507
        5993, 6.68900729e-02, 4.51712740e-04, 0.00000000e+00, 0.00000000e+00, 0.00000000e+00, -3.67161378e-02, -1.00759401e-03, 6.68840090e-02, 0.00000000e+00, 1.48080997e+02, -1.02387016e+01, -1.05860704e+01, -1.05450713e+01, -9.73067790e+00, 0.00000000e+00, 2.0000000000, 10.0000000000, 0.0432613015
        5994, 6.68900736e-02, 4.51712679e-04, 0.00000000e+00, 0.00000000e+00, 0.00000000e+00, -3.67161380e-02, -1.00759408e-03, 6.68840096e-02, 0.00000000e+00, 1.48081019e+02, -1.02591671e+01, -1.05937073e+01, -1.05645247e+01, -9.75061167e+00, 0.00000000e+00, 2.0000000000, 10.0000000000, 0.0435302854
        5995, 6.68900742e-02, 4.51712626e-04, 0.00000000e+00, 0.00000000e+00, 0.00000000e+00, -3.67161381e-02, -1.00759415e-03, 6.68840102e-02, 0.00000000e+00, 1.48081037e+02, -1.02810349e+01, -1.06086132e+01, -1.05868684e+01, -9.77271830e+00, 0.00000000e+00, 2.0000000000, 10.0000000000, 0.0437999169
        5996, 6.68900746e-02, 4.51712580e-04, 0.00000000e+00, 0.00000000e+00, 0.00000000e+00, -3.67161383e-02, -1.00759420e-03, 6.68840106e-02, 0.00000000e+00, 1.48081053e+02, -1.03044518e+01, -1.06286419e+01, -1.06117410e+01, -9.79691793e+00, 0.00000000e+00, 2.0000000000, 10.0000000000, 0.0440681855
        5997, 6.68900750e-02, 4.51712540e-04, 0.00000000e+00, 0.00000000e+00, 0.00000000e+00, -3.67161385e-02, -1.00759425e-03, 6.68840110e-02, 0.00000000e+00, 1.48081067e+02, -1.03289173e+01, -1.06509038e+01, -1.06381053e+01, -9.82219813e+00, 0.00000000e+00, 2.0000000000, 10.0000000000, 0.0443295519
        5998, 6.68900752e-02, 4.51712506e-04, 0.00000000e+00, 0.00000000e+00, 0.00000000e+00, -3.67161387e-02, -1.00759429e-03, 6.68840112e-02, 0.00000000e+00, 1.48081079e+02, -1.03541027e+01, -1.06747147e+01, -1.06649433e+01, -9.84808750e+00, 0.00000000e+00, 2.0000000000, 10.0000000000, 0.0445978840
        5999, 6.68900754e-02, 4.51712478e-04, 0.00000000e+00, 0.00000000e+00, 0.00000000e+00, -3.67161389e-02, -1.00759432e-03, 6.68840114e-02, 0.00000000e+00, 1.48081088e+02, -1.03803226e+01, -1.07015552e+01, -1.06929740e+01, -9.87514750e+00, 0.00000000e+00, 2.0000000000, 10.0000000000, 0.0448725025
        6000, 6.68900754e-02, 4.51712451e-04, 0.00000000e+00, 0.00000000e+00, 0.00000000e+00, -3.67161391e-02, -1.00759435e-03, 6.68840115e-02, 0.00000000e+00, 1.48081097e+02, -1.04077846e+01, -1.07322039e+01, -1.07223738e+01, -9.90371672e+00, 0.00000000e+00, 2.0000000000, 10.0000000000, 0.0451493343
        6001, 6.68900754e-02, 4.51712425e-04, 0.00000000e+00, 0.00000000e+00, 0.00000000e+00, -3.67161394e-02, -1.00759438e-03, 6.68840114e-02, 0.00000000e+00, 1.48081106e+02, -1.04357442e+01, -1.07642885e+01, -1.07520380e+01, -9.93266007e+00, 0.00000000e+00, 2.0000000000, 10.0000000000, 0.0454318841
        6002, 6.68900753e-02, 4.51712398e-04, 0.00000000e+00, 0.00000000e+00, 0.00000000e+00, -3.67161396e-02, -1.00759440e-03, 6.68840113e-02, 0.00000000e+00, 1.48081115e+02, -1.04639652e+01, -1.07971041e+01, -1.07813907e+01, -9.96167355e+00, 0.00000000e+00, 2.0000000000, 10.0000000000, 0.0457070351
        6003, 6.68900751e-02, 4.51712371e-04, 0.00000000e+00, 0.00000000e+00, 0.00000000e+00, -3.67161398e-02, -1.00759442e-03, 6.68840111e-02, 0.00000000e+00, 1.48081123e+02, -1.04932037e+01, -1.08333303e+01, -1.08118495e+01, -9.99196640e+00, 0.00000000e+00, 2.0000000000, 10.0000000000, 0.0459826032
        6004, 6.68900749e-02, 4.51712343e-04, 0.00000000e+00, 0.00000000e+00, 0.00000000e+00, -3.67161400e-02, -1.00759445e-03, 6.68840109e-02, 0.00000000e+00, 1.48081131e+02, -1.05235897e+01, -1.08726778e+01, -1.08437500e+01, -1.00236612e+01, 0.00000000e+00, 2.0000000000, 10.0000000000, 0.0462572853
        6005, 6.68900746e-02, 4.51712317e-04, 0.00000000e+00, 0.00000000e+00, 0.00000000e+00, -3.67161402e-02, -1.00759447e-03, 6.68840106e-02, 0.00000000e+00, 1.48081140e+02, -1.05550627e+01, -1.09143485e+01, -1.08769097e+01, -1.00565211e+01, 0.00000000e+00, 2.0000000000, 10.0000000000, 0.0465289195
        6006, 6.68900743e-02, 4.51712293e-04, 0.00000000e+00, 0.00000000e+00, 0.00000000e+00, -3.67161404e-02, -1.00759448e-03, 6.68840103e-02, 0.00000000e+00, 1.48081147e+02, -1.05874952e+01, -1.09579445e+01, -1.09108774e+01, -1.00903025e+01, 0.00000000e+00, 2.0000000000, 10.0000000000, 0.0467911005
        6007, 6.68900739e-02, 4.51712272e-04, 0.00000000e+00, 0.00000000e+00, 0.00000000e+00, -3.67161406e-02, -1.00759450e-03, 6.68840099e-02, 0.00000000e+00, 1.48081153e+02, -1.06211280e+01, -1.10042226e+01, -1.09460211e+01, -1.01253548e+01, 0.00000000e+00, 2.0000000000, 10.0000000000, 0.0470659852
        6008, 6.68900735e-02, 4.51712255e-04, 0.00000000e+00, 0.00000000e+00, 0.00000000e+00, -3.67161408e-02, -1.00759450e-03, 6.68840095e-02, 0.00000000e+00, 1.48081157e+02, -1.06549594e+01, -1.10484653e+01, -1.09806683e+01, -1.01601492e+01, 0.00000000e+00, 2.0000000000, 10.0000000000, 0.0473341664
        6009, 6.68900731e-02, 4.51712242e-04, 0.00000000e+00, 0.00000000e+00, 0.00000000e+00, -3.67161409e-02, -1.00759451e-03, 6.68840091e-02, 0.00000000e+00, 1.48081161e+02, -1.06873350e+01, -1.10817687e+01, -1.10118338e+01, -1.01922959e+01, 0.00000000e+00, 2.0000000000, 10.0000000000, 0.0476106683
        6010, 6.68900726e-02, 4.51712235e-04, 0.00000000e+00, 0.00000000e+00, 0.00000000e+00, -3.67161411e-02, -1.00759451e-03, 6.68840087e-02, 0.00000000e+00, 1.48081162e+02, -1.07163042e+01, -1.10976286e+01, -1.10363974e+01, -1.02194136e+01, 0.00000000e+00, 2.0000000000, 10.0000000000, 0.0478999694
        6011, 6.68900722e-02, 4.51712231e-04, 0.00000000e+00, 0.00000000e+00, 0.00000000e+00, -3.67161412e-02, -1.00759450e-03, 6.68840082e-02, 0.00000000e+00, 1.48081162e+02, -1.07405661e+01, -1.10990785e+01, -1.10533606e+01, -1.02404337e+01, 0.00000000e+00, 2.0000000000, 10.0000000000, 0.0481810689
        6012, 6.68900717e-02, 4.51712227e-04, 0.00000000e+00, 0.00000000e+00, 0.00000000e+00, -3.67161414e-02, -1.00759449e-03, 6.68840077e-02, 0.00000000e+00, 1.48081162e+02, -1.07629681e+01, -1.10999962e+01, -1.10695828e+01, -1.02599757e+01, 0.00000000e+00, 2.0000000000, 10.0000000000, 0.0484600345
        6013, 6.68900711e-02, 4.51712222e-04, 0.00000000e+00, 0.00000000e+00, 0.00000000e+00, -3.67161415e-02, -1.00759449e-03, 6.68840072e-02, 0.00000000e+00, 1.48081163e+02, -1.07883426e+01, -1.11118299e+01, -1.10941848e+01, -1.02846387e+01, 0.00000000e+00, 2.0000000000, 10.0000000000, 0.0487435182
        6014, 6.68900707e-02, 4.51712231e-04, 0.00000000e+00, 0.00000000e+00, 0.00000000e+00, -3.67161416e-02, -1.00759447e-03, 6.68840067e-02, 0.00000000e+00, 1.48081159e+02, -1.08161174e+01, -1.11321077e+01, -1.11241898e+01, -1.03129201e+01, 0.00000000e+00, 2.0000000000, 10.0000000000, 0.0490489006
        6015, 6.68900703e-02, 4.51712232e-04, 0.00000000e+00, 0.00000000e+00, 0.00000000e+00, -3.67161416e-02, -1.00759446e-03, 6.68840063e-02, 0.00000000e+00, 1.48081158e+02, -1.08247698e+01, -1.11072153e+01, -1.11194137e+01, -1.03141851e+01, 0.00000000e+00, 2.0000000000, 10.0000000000, 0.0493501703
        6016, 6.68900698e-02, 4.51712228e-04, 0.00000000e+00, 0.00000000e+00, 0.00000000e+00, -3.67161417e-02, -1.00759445e-03, 6.68840058e-02, 0.00000000e+00, 1.48081158e+02, -1.08482980e+01, -1.11255768e+01, -1.11409134e+01, -1.03376454e+01, 0.00000000e+00, 2.0000000000, 10.0000000000, 0.0496261835
        6017, 6.68900693e-02, 4.51712222e-04, 0.00000000e+00, 0.00000000e+00, 0.00000000e+00, -3.67161418e-02, -1.00759445e-03, 6.68840053e-02, 0.00000000e+00, 1.48081159e+02, -1.08880070e+01, -1.12502298e+01, -1.12013948e+01, -1.03890601e+01, 0.00000000e+00, 2.0000000000, 10.0000000000, 0.0498974164
        6018, 6.68900689e-02, 4.51712227e-04, 0.00000000e+00, 0.00000000e+00, 0.00000000e+00, -3.67161419e-02, -1.00759443e-03, 6.68840049e-02, 0.00000000e+00, 1.48081156e+02, -1.09248950e+01, -1.12806142e+01, -1.12411330e+01, -1.04279437e+01, 0.00000000e+00, 2.0000000000, 10.0000000000, 0.0501773834
        6019, 6.68900684e-02, 4.51712218e-04, 0.00000000e+00, 0.00000000e+00, 0.00000000e+00, -3.67161420e-02, -1.00759443e-03, 6.68840044e-02, 0.00000000e+00, 1.48081158e+02, -1.09599833e+01, -1.13177138e+01, -1.12829824e+01, -1.04632215e+01, 0.00000000e+00, 2.0000000000, 10.0000000000, 0.0504440864
        6020, 6.68900680e-02, 4.51712210e-04, 0.00000000e+00, 0.00000000e+00, 0.00000000e+00, -3.67161420e-02, -1.00759443e-03, 6.68840040e-02, 0.00000000e+00, 1.48081160e+02, -1.09946919e+01, -1.13618611e+01, -1.13181547e+01, -1.04975559e+01, 0.00000000e+00, 2.0000000000, 10.0000000000, 0.0507204851
        6021, 6.68900675e-02, 4.51712205e-04, 0.00000000e+00, 0.00000000e+00, 0.00000000e+00, -3.67161421e-02, -1.00759442e-03, 6.68840035e-02, 0.00000000e+00, 1.48081161e+02, -1.10235240e+01, -1.13819403e+01, -1.13443042e+01, -1.05239687e+01, 0.00000000e+00, 2.0000000000, 10.0000000000, 0.0509910703
        6022, 6.68900671e-02, 4.51712206e-04, 0.00000000e+00, 0.00000000e+00, 0.00000000e+00, -3.67161421e-02, -1.00759441e-03, 6.68840031e-02, 0.00000000e+00, 1.48081159e+02, -1.10565452e+01, -1.14150534e+01, -1.13772051e+01, -1.05571509e+01, 0.00000000e+00, 2.0000000000, 10.0000000000, 0.0512631337
        6023, 6.68900667e-02, 4.51712209e-04, 0.00000000e+00, 0.00000000e+00, 0.00000000e+00, -3.67161422e-02, -1.00759440e-03, 6.68840027e-02, 0.00000000e+00, 1.48081157e+02, -1.10836017e+01, -1.14369513e+01, -1.14054655e+01, -1.05820871e+01, 0.00000000e+00, 2.0000000000, 10.0000000000, 0.0515434861
        6024, 6.68900663e-02, 4.51712217e-04, 0.00000000e+00, 0.00000000e+00, 0.00000000e+00, -3.67161422e-02, -1.00759438e-03, 6.68840023e-02, 0.00000000e+00, 1.48081154e+02, -1.11117322e+01, -1.14659349e+01, -1.14338562e+01, -1.06095099e+01, 0.00000000e+00, 2.0000000000, 10.0000000000, 0.0518186172
        6025, 6.68900659e-02, 4.51712230e-04, 0.00000000e+00, 0.00000000e+00, 0.00000000e+00, -3.67161422e-02, -1.00759436e-03, 6.68840019e-02, 0.00000000e+00, 1.48081149e+02, -1.11363163e+01, -1.14781710e+01, -1.14584465e+01, -1.06318543e+01, 0.00000000e+00, 2.0000000000, 10.0000000000, 0.0521905502
        6026, 6.68900656e-02, 4.51712245e-04, 0.00000000e+00, 0.00000000e+00, 0.00000000e+00, -3.67161423e-02, -1.00759434e-03, 6.68840016e-02, 0.00000000e+00, 1.48081143e+02, -1.11543654e+01, -1.14679408e+01, -1.14722698e+01, -1.06454825e+01, 0.00000000e+00, 2.0000000000, 10.0000000000, 0.0526756684
        6027, 6.68900652e-02, 4.51712260e-04, 0.00000000e+00, 0.00000000e+00, 0.00000000e+00, -3.67161423e-02, -1.00759432e-03, 6.68840012e-02, 0.00000000e+00, 1.48081137e+02, -1.11682237e+01, -1.14549603e+01, -1.14799009e+01, -1.06547127e+01, 0.00000000e+00, 2.0000000000, 10.0000000000, 0.0530834198
        6028, 6.68900649e-02, 4.51712273e-04, 0.00000000e+00, 0.00000000e+00, 0.00000000e+00, -3.67161423e-02, -1.00759430e-03, 6.68840009e-02, 0.00000000e+00, 1.48081132e+02, -1.11952376e+01, -1.14845342e+01, -1.15119206e+01, -1.06842564e+01, 0.00000000e+00, 2.0000000000, 10.0000000000, 0.0534485181
        6029, 6.68900645e-02, 4.51712283e-04, 0.00000000e+00, 0.00000000e+00, 0.00000000e+00, -3.67161424e-02, -1.00759428e-03, 6.68840005e-02, 0.00000000e+00, 1.48081128e+02, -1.12220563e+01, -1.15181697e+01, -1.15461001e+01, -1.07131624e+01, 0.00000000e+00, 2.0000000000, 10.0000000000, 0.0537459691
        6030, 6.68900641e-02, 4.51712289e-04, 0.00000000e+00, 0.00000000e+00, 0.00000000e+00, -3.67161424e-02, -1.00759427e-03, 6.68840002e-02, 0.00000000e+00, 1.48081125e+02, -1.12481086e+01, -1.15510514e+01, -1.15782821e+01, -1.07399633e+01, 0.00000000e+00, 2.0000000000, 10.0000000000, 0.0540318370
        6031, 6.68900638e-02, 4.51712292e-04, 0.00000000e+00, 0.00000000e+00, 0.00000000e+00, -3.67161425e-02, -1.00759425e-03, 6.68839998e-02, 0.00000000e+00, 1.48081124e+02, -1.12773560e+01, -1.15922160e+01, -1.16159209e+01, -1.07707774e+01, 0.00000000e+00, 2.0000000000, 10.0000000000, 0.0543234189
        6032, 6.68900634e-02, 4.51712291e-04, 0.00000000e+00, 0.00000000e+00, 0.00000000e+00, -3.67161425e-02, -1.00759425e-03, 6.68839995e-02, 0.00000000e+00, 1.48081123e+02, -1.13120226e+01, -1.16530451e+01, -1.16635618e+01, -1.08090872e+01, 0.00000000e+00, 2.0000000000, 10.0000000000, 0.0546289682
        6033, 6.68900631e-02, 4.51712288e-04, 0.00000000e+00, 0.00000000e+00, 0.00000000e+00, -3.67161426e-02, -1.00759424e-03, 6.68839991e-02, 0.00000000e+00, 1.48081123e+02, -1.13402235e+01, -1.16870174e+01, -1.16982481e+01, -1.08366666e+01, 0.00000000e+00, 2.0000000000, 10.0000000000, 0.0549004674
        6034, 6.68900627e-02, 4.51712284e-04, 0.00000000e+00, 0.00000000e+00, 0.00000000e+00, -3.67161426e-02, -1.00759424e-03, 6.68839988e-02, 0.00000000e+00, 1.48081124e+02, -1.13662747e+01, -1.17173907e+01, -1.17272544e+01, -1.08616289e+01, 0.00000000e+00, 2.0000000000, 10.0000000000, 0.0551792701
        6035, 6.68900624e-02, 4.51712281e-04, 0.00000000e+00, 0.00000000e+00, 0.00000000e+00, -3.67161427e-02, -1.00759424e-03, 6.68839984e-02, 0.00000000e+00, 1.48081124e+02, -1.13961617e+01, -1.17667201e+01, -1.17659233e+01, -1.08930572e+01, 0.00000000e+00, 2.0000000000, 10.0000000000, 0.0554716190
        6036, 6.68900621e-02, 4.51712279e-04, 0.00000000e+00, 0.00000000e+00, 0.00000000e+00, -3.67161427e-02, -1.00759423e-03, 6.68839981e-02, 0.00000000e+00, 1.48081124e+02, -1.14092089e+01, -1.17565874e+01, -1.17746736e+01, -1.09002072e+01, 0.00000000e+00, 2.0000000000, 10.0000000000, 0.0557588180
        6037, 6.68900618e-02, 4.51712277e-04, 0.00000000e+00, 0.00000000e+00, 0.00000000e+00, -3.67161428e-02, -1.00759423e-03, 6.68839978e-02, 0.00000000e+00, 1.48081124e+02, -1.14266298e+01, -1.17669482e+01, -1.17903292e+01, -1.09158233e+01, 0.00000000e+00, 2.0000000000, 10.0000000000, 0.0560473839
        6038, 6.68900615e-02, 4.51712278e-04, 0.00000000e+00, 0.00000000e+00, 0.00000000e+00, -3.67161428e-02, -1.00759422e-03, 6.68839975e-02, 0.00000000e+00, 1.48081123e+02, -1.14504826e+01, -1.17991821e+01, -1.18215707e+01, -1.09416981e+01, 0.00000000e+00, 2.0000000000, 10.0000000000, 0.0563480695
        6039, 6.68900612e-02, 4.51712278e-04, 0.00000000e+00, 0.00000000e+00, 0.00000000e+00, -3.67161428e-02, -1.00759421e-03, 6.68839972e-02, 0.00000000e+00, 1.48081123e+02, -1.14577402e+01, -1.17803239e+01, -1.18247161e+01, -1.09433303e+01, 0.00000000e+00, 2.0000000000, 10.0000000000, 0.0566436847
        6040, 6.68900609e-02, 4.51712278e-04, 0.00000000e+00, 0.00000000e+00, 0.00000000e+00, -3.67161429e-02, -1.00759420e-03, 6.68839969e-02, 0.00000000e+00, 1.48081122e+02, -1.14750985e+01, -1.17917880e+01, -1.18433692e+01, -1.09605455e+01, 0.00000000e+00, 2.0000000000, 10.0000000000, 0.0569622676
        6041, 6.68900606e-02, 4.51712280e-04, 0.00000000e+00, 0.00000000e+00, 0.00000000e+00, -3.67161429e-02, -1.00759420e-03, 6.68839966e-02, 0.00000000e+00, 1.48081120e+02, -1.15020416e+01, -1.18317499e+01, -1.18806800e+01, -1.09916138e+01, 0.00000000e+00, 2.0000000000, 10.0000000000, 0.0572582841
        6042, 6.68900603e-02, 4.51712281e-04, 0.00000000e+00, 0.00000000e+00, 0.00000000e+00, -3.67161430e-02, -1.00759419e-03, 6.68839963e-02, 0.00000000e+00, 1.48081119e+02, -1.15115409e+01, -1.18201529e+01, -1.18878803e+01, -1.09963256e+01, 0.00000000e+00, 2.0000000000, 10.0000000000, 0.0575965166
        6043, 6.68900600e-02, 4.51712280e-04, 0.00000000e+00, 0.00000000e+00, 0.00000000e+00, -3.67161430e-02, -1.00759418e-03, 6.68839960e-02, 0.00000000e+00, 1.48081119e+02, -1.15243155e+01, -1.18240139e+01, -1.18986690e+01, -1.10069615e+01, 0.00000000e+00, 2.0000000000, 10.0000000000, 0.0579246362
        6044, 6.68900597e-02, 4.51712282e-04, 0.00000000e+00, 0.00000000e+00, 0.00000000e+00, -3.67161430e-02, -1.00759418e-03, 6.68839957e-02, 0.00000000e+00, 1.48081118e+02, -1.15568901e+01, -1.18845916e+01, -1.19446174e+01, -1.10465032e+01, 0.00000000e+00, 2.0000000000, 10.0000000000, 0.0582219680
        6045, 6.68900594e-02, 4.51712283e-04, 0.00000000e+00, 0.00000000e+00, 0.00000000e+00, -3.67161431e-02, -1.00759417e-03, 6.68839955e-02, 0.00000000e+00, 1.48081117e+02, -1.15739693e+01, -1.18923095e+01, -1.19665826e+01, -1.10612040e+01, 0.00000000e+00, 2.0000000000, 10.0000000000, 0.0585220337
        6046, 6.68900592e-02, 4.51712282e-04, 0.00000000e+00, 0.00000000e+00, 0.00000000e+00, -3.67161431e-02, -1.00759416e-03, 6.68839952e-02, 0.00000000e+00, 1.48081117e+02, -1.15732867e+01, -1.18648274e+01, -1.19525980e+01, -1.10523519e+01, 0.00000000e+00, 2.0000000000, 10.0000000000, 0.0588026683
        6047, 6.68900589e-02, 4.51712280e-04, 0.00000000e+00, 0.00000000e+00, 0.00000000e+00, -3.67161431e-02, -1.00759416e-03, 6.68839950e-02, 0.00000000e+00, 1.48081117e+02, -1.15952925e+01, -1.18953344e+01, -1.19756061e+01, -1.10778012e+01, 0.00000000e+00, 2.0000000000, 10.0000000000, 0.0590662003
        6048, 6.68900587e-02, 4.51712282e-04, 0.00000000e+00, 0.00000000e+00, 0.00000000e+00, -3.67161432e-02, -1.00759415e-03, 6.68839947e-02, 0.00000000e+00, 1.48081116e+02, -1.16260007e+01, -1.19447893e+01, -1.20216840e+01, -1.11141876e+01, 0.00000000e+00, 2.0000000000, 10.0000000000, 0.0593633691
        6049, 6.68900584e-02, 4.51712284e-04, 0.00000000e+00, 0.00000000e+00, 0.00000000e+00, -3.67161432e-02, -1.00759415e-03, 6.68839945e-02, 0.00000000e+00, 1.48081114e+02, -1.16188008e+01, -1.18990402e+01, -1.20002543e+01, -1.10960276e+01, 0.00000000e+00, 2.0000000000, 10.0000000000, 0.0596309702
        6050, 6.68900582e-02, 4.51712282e-04, 0.00000000e+00, 0.00000000e+00, 0.00000000e+00, -3.67161432e-02, -1.00759414e-03, 6.68839942e-02, 0.00000000e+00, 1.48081115e+02, -1.16123635e+01, -1.18672844e+01, -1.19758756e+01, -1.10826749e+01, 0.00000000e+00, 2.0000000000, 10.0000000000, 0.0599034349
        6051, 6.68900580e-02, 4.51712281e-04, 0.00000000e+00, 0.00000000e+00, 0.00000000e+00, -3.67161433e-02, -1.00759414e-03, 6.68839940e-02, 0.00000000e+00, 1.48081115e+02, -1.16342485e+01, -1.18920899e+01, -1.20001314e+01, -1.11100213e+01, 0.00000000e+00, 2.0000000000, 10.0000000000, 0.0601710002
        6052, 6.68900578e-02, 4.51712284e-04, 0.00000000e+00, 0.00000000e+00, 0.00000000e+00, -3.67161433e-02, -1.00759413e-03, 6.68839938e-02, 0.00000000e+00, 1.48081113e+02, -1.16572840e+01, -1.19170749e+01, -1.20356324e+01, -1.11366361e+01, 0.00000000e+00, 2.0000000000, 10.0000000000, 0.0604379177
        6053, 6.68900576e-02, 4.51712286e-04, 0.00000000e+00, 0.00000000e+00, 0.00000000e+00, -3.67161433e-02, -1.00759412e-03, 6.68839936e-02, 0.00000000e+00, 1.48081112e+02, -1.16459322e+01, -1.18788991e+01, -1.20081748e+01, -1.11157244e+01, 0.00000000e+00, 2.0000000000, 10.0000000000, 0.0606992006
        6054, 6.68900574e-02, 4.51712284e-04, 0.00000000e+00, 0.00000000e+00, 0.00000000e+00, -3.67161433e-02, -1.00759412e-03, 6.68839934e-02, 0.00000000e+00, 1.48081112e+02, -1.16436148e+01, -1.18574443e+01, -1.19940557e+01, -1.11090635e+01, 0.00000000e+00, 2.0000000000, 10.0000000000, 0.0609641671
        6055, 6.68900571e-02, 4.51712283e-04, 0.00000000e+00, 0.00000000e+00, 0.00000000e+00, -3.67161434e-02, -1.00759412e-03, 6.68839932e-02, 0.00000000e+00, 1.48081112e+02, -1.16635999e+01, -1.18789653e+01, -1.20164003e+01, -1.11336282e+01, 0.00000000e+00, 2.0000000000, 10.0000000000, 0.0612235665
        6056, 6.68900570e-02, 4.51712286e-04, 0.00000000e+00, 0.00000000e+00, 0.00000000e+00, -3.67161434e-02, -1.00759411e-03, 6.68839930e-02, 0.00000000e+00, 1.48081110e+02, -1.16865227e+01, -1.19061549e+01, -1.20501394e+01, -1.11603431e+01, 0.00000000e+00, 2.0000000000, 10.0000000000, 0.0614916841
        6057, 6.68900568e-02, 4.51712288e-04, 0.00000000e+00, 0.00000000e+00, 0.00000000e+00, -3.67161434e-02, -1.00759411e-03, 6.68839928e-02, 0.00000000e+00, 1.48081109e+02, -1.16818941e+01, -1.18845047e+01, -1.20352221e+01, -1.11490926e+01, 0.00000000e+00, 2.0000000000, 10.0000000000, 0.0617634018
        6058, 6.68900566e-02, 4.51712287e-04, 0.00000000e+00, 0.00000000e+00, 0.00000000e+00, -3.67161434e-02, -1.00759410e-03, 6.68839926e-02, 0.00000000e+00, 1.48081109e+02, -1.16812815e+01, -1.18704601e+01, -1.20244599e+01, -1.11446797e+01, 0.00000000e+00, 2.0000000000, 10.0000000000, 0.0620291193
        6059, 6.68900564e-02, 4.51712287e-04, 0.00000000e+00, 0.00000000e+00, 0.00000000e+00, -3.67161435e-02, -1.00759410e-03, 6.68839924e-02, 0.00000000e+00, 1.48081109e+02, -1.16993611e+01, -1.18900211e+01, -1.20441246e+01, -1.11660944e+01, 0.00000000e+00, 2.0000000000, 10.0000000000, 0.0623197198
        6060, 6.68900562e-02, 4.51712290e-04, 0.00000000e+00, 0.00000000e+00, 0.00000000e+00, -3.67161435e-02, -1.00759409e-03, 6.68839923e-02, 0.00000000e+00, 1.48081108e+02, -1.17254062e+01, -1.19264438e+01, -1.20825114e+01, -1.11970454e+01, 0.00000000e+00, 2.0000000000, 10.0000000000, 0.0627055367
        6061, 6.68900561e-02, 4.51712292e-04, 0.00000000e+00, 0.00000000e+00, 0.00000000e+00, -3.67161435e-02, -1.00759409e-03, 6.68839921e-02, 0.00000000e+00, 1.48081107e+02, -1.17282837e+01, -1.19193153e+01, -1.20805705e+01, -1.11956056e+01, 0.00000000e+00, 2.0000000000, 10.0000000000, 0.0629807194
        6062, 6.68900559e-02, 4.51712292e-04, 0.00000000e+00, 0.00000000e+00, 0.00000000e+00, -3.67161435e-02, -1.00759408e-03, 6.68839919e-02, 0.00000000e+00, 1.48081106e+02, -1.17277395e+01, -1.19076138e+01, -1.20695651e+01, -1.11908617e+01, 0.00000000e+00, 2.0000000000, 10.0000000000, 0.0632779360
        6063, 6.68900558e-02, 4.51712293e-04, 0.00000000e+00, 0.00000000e+00, 0.00000000e+00, -3.67161435e-02, -1.00759408e-03, 6.68839918e-02, 0.00000000e+00, 1.48081106e+02, -1.17454492e+01, -1.19283257e+01, -1.20887918e+01, -1.12113571e+01, 0.00000000e+00, 2.0000000000, 10.0000000000, 0.0635563334
        6064, 6.68900556e-02, 4.51712296e-04, 0.00000000e+00, 0.00000000e+00, 0.00000000e+00, -3.67161435e-02, -1.00759407e-03, 6.68839916e-02, 0.00000000e+00, 1.48081104e+02, -1.17735297e+01, -1.19721254e+01, -1.21315000e+01, -1.12451323e+01, 0.00000000e+00, 2.0000000000, 10.0000000000, 0.0638391177
        6065, 6.68900555e-02, 4.51712298e-04, 0.00000000e+00, 0.00000000e+00, 0.00000000e+00, -3.67161435e-02, -1.00759407e-03, 6.68839915e-02, 0.00000000e+00, 1.48081103e+02, -1.17776218e+01, -1.19691366e+01, -1.21315125e+01, -1.12452750e+01, 0.00000000e+00, 2.0000000000, 10.0000000000, 0.0641171853
        6066, 6.68900553e-02, 4.51712298e-04, 0.00000000e+00, 0.00000000e+00, 0.00000000e+00, -3.67161436e-02, -1.00759406e-03, 6.68839914e-02, 0.00000000e+00, 1.48081103e+02, -1.17787315e+01, -1.19609430e+01, -1.21225802e+01, -1.12424851e+01, 0.00000000e+00, 2.0000000000, 10.0000000000, 0.0643859029
        6067, 6.68900552e-02, 4.51712300e-04, 0.00000000e+00, 0.00000000e+00, 0.00000000e+00, -3.67161436e-02, -1.00759406e-03, 6.68839912e-02, 0.00000000e+00, 1.48081102e+02, -1.18015239e+01, -1.19931972e+01, -1.21509403e+01, -1.12696953e+01, 0.00000000e+00, 2.0000000000, 10.0000000000, 0.0646737854
        6068, 6.68900550e-02, 4.51712302e-04, 0.00000000e+00, 0.00000000e+00, 0.00000000e+00, -3.67161436e-02, -1.00759405e-03, 6.68839911e-02, 0.00000000e+00, 1.48081101e+02, -1.18278224e+01, -1.20363344e+01, -1.21934402e+01, -1.13007878e+01, 0.00000000e+00, 2.0000000000, 10.0000000000, 0.0649432500
        6069, 6.68900549e-02, 4.51712304e-04, 0.00000000e+00, 0.00000000e+00, 0.00000000e+00, -3.67161436e-02, -1.00759405e-03, 6.68839910e-02, 0.00000000e+00, 1.48081100e+02, -1.18247547e+01, -1.20224586e+01, -1.21784543e+01, -1.12915768e+01, 0.00000000e+00, 2.0000000000, 10.0000000000, 0.0652022839
        6070, 6.68900548e-02, 4.51712304e-04, 0.00000000e+00, 0.00000000e+00, 0.00000000e+00, -3.67161436e-02, -1.00759405e-03, 6.68839908e-02, 0.00000000e+00, 1.48081100e+02, -1.18340969e+01, -1.20275742e+01, -1.21831607e+01, -1.12998965e+01, 0.00000000e+00, 2.0000000000, 10.0000000000, 0.0654838165
        6071, 6.68900547e-02, 4.51712306e-04, 0.00000000e+00, 0.00000000e+00, 0.00000000e+00, -3.67161436e-02, -1.00759404e-03, 6.68839907e-02, 0.00000000e+00, 1.48081099e+02, -1.18638888e+01, -1.20760497e+01, -1.22266506e+01, -1.13366208e+01, 0.00000000e+00, 2.0000000000, 10.0000000000, 0.0657638033
        6072, 6.68900546e-02, 4.51712309e-04, 0.00000000e+00, 0.00000000e+00, 0.00000000e+00, -3.67161436e-02, -1.00759404e-03, 6.68839906e-02, 0.00000000e+00, 1.48081098e+02, -1.18795553e+01, -1.20973599e+01, -1.22492934e+01, -1.13523505e+01, 0.00000000e+00, 2.0000000000, 10.0000000000, 0.0660748680
        6073, 6.68900544e-02, 4.51712309e-04, 0.00000000e+00, 0.00000000e+00, 0.00000000e+00, -3.67161436e-02, -1.00759403e-03, 6.68839905e-02, 0.00000000e+00, 1.48081097e+02, -1.18733386e+01, -1.20780705e+01, -1.22255146e+01, -1.13393111e+01, 0.00000000e+00, 2.0000000000, 10.0000000000, 0.0663425843
        6074, 6.68900543e-02, 4.51712310e-04, 0.00000000e+00, 0.00000000e+00, 0.00000000e+00, -3.67161437e-02, -1.00759403e-03, 6.68839904e-02, 0.00000000e+00, 1.48081097e+02, -1.18898917e+01, -1.20952599e+01, -1.22437492e+01, -1.13579104e+01, 0.00000000e+00, 2.0000000000, 10.0000000000, 0.0666034500
        6075, 6.68900542e-02, 4.51712312e-04, 0.00000000e+00, 0.00000000e+00, 0.00000000e+00, -3.67161437e-02, -1.00759403e-03, 6.68839903e-02, 0.00000000e+00, 1.48081096e+02, -1.19230295e+01, -1.21539928e+01, -1.22968733e+01, -1.13993520e+01, 0.00000000e+00, 2.0000000000, 10.0000000000, 0.0668700337
        6076, 6.68900541e-02, 4.51712313e-04, 0.00000000e+00, 0.00000000e+00, 0.00000000e+00, -3.67161437e-02, -1.00759402e-03, 6.68839902e-02, 0.00000000e+00, 1.48081095e+02, -1.19220705e+01, -1.21440968e+01, -1.22862782e+01, -1.13926853e+01, 0.00000000e+00, 2.0000000000, 10.0000000000, 0.0671336174
        6077, 6.68900540e-02, 4.51712313e-04, 0.00000000e+00, 0.00000000e+00, 0.00000000e+00, -3.67161437e-02, -1.00759402e-03, 6.68839901e-02, 0.00000000e+00, 1.48081095e+02, -1.19234837e+01, -1.21342823e+01, -1.22752733e+01, -1.13900965e+01, 0.00000000e+00, 2.0000000000, 10.0000000000, 0.0673997362
        6078, 6.68900539e-02, 4.51712314e-04, 0.00000000e+00, 0.00000000e+00, 0.00000000e+00, -3.67161437e-02, -1.00759402e-03, 6.68839899e-02, 0.00000000e+00, 1.48081095e+02, -1.19585631e+01, -1.21922658e+01, -1.23281895e+01, -1.14344799e+01, 0.00000000e+00, 2.0000000000, 10.0000000000, 0.0676706672
        6079, 6.68900538e-02, 4.51712315e-04, 0.00000000e+00, 0.00000000e+00, 0.00000000e+00, -3.67161437e-02, -1.00759401e-03, 6.68839899e-02, 0.00000000e+00, 1.48081094e+02, -1.19738921e+01, -1.22140915e+01, -1.23517700e+01, -1.14499270e+01, 0.00000000e+00, 2.0000000000, 10.0000000000, 0.0679379702
        6080, 6.68900537e-02, 4.51712315e-04, 0.00000000e+00, 0.00000000e+00, 0.00000000e+00, -3.67161437e-02, -1.00759401e-03, 6.68839898e-02, 0.00000000e+00, 1.48081094e+02, -1.19648238e+01, -1.21901068e+01, -1.23192974e+01, -1.14328855e+01, 0.00000000e+00, 2.0000000000, 10.0000000000, 0.0681995869
        6081, 6.68900536e-02, 4.51712315e-04, 0.00000000e+00, 0.00000000e+00, 0.00000000e+00, -3.67161437e-02, -1.00759401e-03, 6.68839897e-02, 0.00000000e+00, 1.48081094e+02, -1.19886391e+01, -1.22177561e+01, -1.23506358e+01, -1.14610974e+01, 0.00000000e+00, 2.0000000000, 10.0000000000, 0.0684699535
        6082, 6.68900535e-02, 4.51712316e-04, 0.00000000e+00, 0.00000000e+00, 0.00000000e+00, -3.67161438e-02, -1.00759401e-03, 6.68839896e-02, 0.00000000e+00, 1.48081093e+02, -1.20257660e+01, -1.22872460e+01, -1.24125718e+01, -1.15076755e+01, 0.00000000e+00, 2.0000000000, 10.0000000000, 0.0688434164
        6083, 6.68900535e-02, 4.51712317e-04, 0.00000000e+00, 0.00000000e+00, 0.00000000e+00, -3.67161438e-02, -1.00759400e-03, 6.68839895e-02, 0.00000000e+00, 1.48081093e+02, -1.20149621e+01, -1.22588234e+01, -1.23800389e+01, -1.14872070e+01, 0.00000000e+00, 2.0000000000, 10.0000000000, 0.0692751010
        6084, 6.68900534e-02, 4.51712316e-04, 0.00000000e+00, 0.00000000e+00, 0.00000000e+00, -3.67161438e-02, -1.00759400e-03, 6.68839894e-02, 0.00000000e+00, 1.48081093e+02, -1.20161418e+01, -1.22439654e+01, -1.23662035e+01, -1.14842788e+01, 0.00000000e+00, 2.0000000000, 10.0000000000, 0.0696790179
        6085, 6.68900533e-02, 4.51712317e-04, 0.00000000e+00, 0.00000000e+00, 0.00000000e+00, -3.67161438e-02, -1.00759400e-03, 6.68839893e-02, 0.00000000e+00, 1.48081092e+02, -1.20552188e+01, -1.23084846e+01, -1.24278874e+01, -1.15347508e+01, 0.00000000e+00, 2.0000000000, 10.0000000000, 0.0700084686
        6086, 6.68900532e-02, 4.51712318e-04, 0.00000000e+00, 0.00000000e+00, 0.00000000e+00, -3.67161438e-02, -1.00759400e-03, 6.68839892e-02, 0.00000000e+00, 1.48081092e+02, -1.20687616e+01, -1.23237085e+01, -1.24475605e+01, -1.15473308e+01, 0.00000000e+00, 2.0000000000, 10.0000000000, 0.0703056693
        6087, 6.68900531e-02, 4.51712317e-04, 0.00000000e+00, 0.00000000e+00, 0.00000000e+00, -3.67161438e-02, -1.00759400e-03, 6.68839892e-02, 0.00000000e+00, 1.48081092e+02, -1.20562942e+01, -1.22930140e+01, -1.24076097e+01, -1.15256155e+01, 0.00000000e+00, 2.0000000000, 10.0000000000, 0.0705923001
        6088, 6.68900530e-02, 4.51712317e-04, 0.00000000e+00, 0.00000000e+00, 0.00000000e+00, -3.67161438e-02, -1.00759399e-03, 6.68839891e-02, 0.00000000e+00, 1.48081092e+02, -1.20825107e+01, -1.23224794e+01, -1.24427649e+01, -1.15570874e+01, 0.00000000e+00, 2.0000000000, 10.0000000000, 0.0708642364
        6089, 6.68900530e-02, 4.51712318e-04, 0.00000000e+00, 0.00000000e+00, 0.00000000e+00, -3.67161438e-02, -1.00759399e-03, 6.68839890e-02, 0.00000000e+00, 1.48081091e+02, -1.21225506e+01, -1.23986800e+01, -1.25102082e+01, -1.16078082e+01, 0.00000000e+00, 2.0000000000, 10.0000000000, 0.0711295366
        6090, 6.68900529e-02, 4.51712318e-04, 0.00000000e+00, 0.00000000e+00, 0.00000000e+00, -3.67161438e-02, -1.00759399e-03, 6.68839889e-02, 0.00000000e+00, 1.48081091e+02, -1.21037847e+01, -1.23569138e+01, -1.24636524e+01, -1.15769511e+01, 0.00000000e+00, 2.0000000000, 10.0000000000, 0.0713956197
        6091, 6.68900528e-02, 4.51712317e-04, 0.00000000e+00, 0.00000000e+00, 0.00000000e+00, -3.67161438e-02, -1.00759399e-03, 6.68839889e-02, 0.00000000e+00, 1.48081091e+02, -1.21112372e+01, -1.23488950e+01, -1.24620674e+01, -1.15821411e+01, 0.00000000e+00, 2.0000000000, 10.0000000000, 0.0716709177
        6092, 6.68900527e-02, 4.51712318e-04, 0.00000000e+00, 0.00000000e+00, 0.00000000e+00, -3.67161438e-02, -1.00759399e-03, 6.68839888e-02, 0.00000000e+00, 1.48081091e+02, -1.21538360e+01, -1.24230586e+01, -1.25284681e+01, -1.16375448e+01, 0.00000000e+00, 2.0000000000, 10.0000000000, 0.0719391664
        6093, 6.68900527e-02, 4.51712319e-04, 0.00000000e+00, 0.00000000e+00, 0.00000000e+00, -3.67161439e-02, -1.00759399e-03, 6.68839887e-02, 0.00000000e+00, 1.48081090e+02, -1.21649472e+01, -1.24279542e+01, -1.25446331e+01, -1.16458022e+01, 0.00000000e+00, 2.0000000000, 10.0000000000, 0.0722603361
        6094, 6.68900526e-02, 4.51712318e-04, 0.00000000e+00, 0.00000000e+00, 0.00000000e+00, -3.67161439e-02, -1.00759399e-03, 6.68839887e-02, 0.00000000e+00, 1.48081090e+02, -1.21432623e+01, -1.23839258e+01, -1.24896077e+01, -1.16124210e+01, 0.00000000e+00, 2.0000000000, 10.0000000000, 0.0725367665
        6095, 6.68900526e-02, 4.51712317e-04, 0.00000000e+00, 0.00000000e+00, 0.00000000e+00, -3.67161439e-02, -1.00759398e-03, 6.68839886e-02, 0.00000000e+00, 1.48081091e+02, -1.21642874e+01, -1.23991816e+01, -1.25143131e+01, -1.16373644e+01, 0.00000000e+00, 2.0000000000, 10.0000000000, 0.0727933844
        6096, 6.68900525e-02, 4.51712318e-04, 0.00000000e+00, 0.00000000e+00, 0.00000000e+00, -3.67161439e-02, -1.00759398e-03, 6.68839885e-02, 0.00000000e+00, 1.48081090e+02, -1.22047763e+01, -1.24712894e+01, -1.25783601e+01, -1.16898720e+01, 0.00000000e+00, 2.0000000000, 10.0000000000, 0.0730691671
        6097, 6.68900524e-02, 4.51712319e-04, 0.00000000e+00, 0.00000000e+00, 0.00000000e+00, -3.67161439e-02, -1.00759398e-03, 6.68839885e-02, 0.00000000e+00, 1.48081090e+02, -1.21976738e+01, -1.24419278e+01, -1.25624061e+01, -1.16742298e+01, 0.00000000e+00, 2.0000000000, 10.0000000000, 0.0733311693
        6098, 6.68900524e-02, 4.51712318e-04, 0.00000000e+00, 0.00000000e+00, 0.00000000e+00, -3.67161439e-02, -1.00759398e-03, 6.68839884e-02, 0.00000000e+00, 1.48081090e+02, -1.21859333e+01, -1.24099734e+01, -1.25286597e+01, -1.16543649e+01, 0.00000000e+00, 2.0000000000, 10.0000000000, 0.0736077189
        6099, 6.68900523e-02, 4.51712318e-04, 0.00000000e+00, 0.00000000e+00, 0.00000000e+00, -3.67161439e-02, -1.00759398e-03, 6.68839884e-02, 0.00000000e+00, 1.48081090e+02, -1.22083095e+01, -1.24318546e+01, -1.25538400e+01, -1.16817916e+01, 0.00000000e+00, 2.0000000000, 10.0000000000, 0.0739039858
        6100, 6.68900523e-02, 4.51712319e-04, 0.00000000e+00, 0.00000000e+00, 0.00000000e+00, -3.67161439e-02, -1.00759398e-03, 6.68839883e-02, 0.00000000e+00, 1.48081090e+02, -1.22273611e+01, -1.24551353e+01, -1.25774975e+01, -1.17046243e+01, 0.00000000e+00, 2.0000000000, 10.0000000000, 0.0750753005
        6101, 6.68900522e-02, 4.51712319e-04, 0.00000000e+00, 0.00000000e+00, 0.00000000e+00, -3.67161439e-02, -1.00759398e-03, 6.68839883e-02, 0.00000000e+00, 1.48081089e+02, -1.22249681e+01, -1.24347935e+01, -1.25701904e+01, -1.16970078e+01, 0.00000000e+00, 2.0000000000, 10.0000000000, 0.0753710508
        6102, 6.68900522e-02, 4.51712320e-04, 0.00000000e+00, 0.00000000e+00, 0.00000000e+00, -3.67161439e-02, -1.00759397e-03, 6.68839882e-02, 0.00000000e+00, 1.48081089e+02, -1.22196322e+01, -1.24170957e+01, -1.25532788e+01, -1.16867605e+01, 0.00000000e+00, 2.0000000000, 10.0000000000, 0.0756473025
        6103, 6.68900522e-02, 4.51712320e-04, 0.00000000e+00, 0.00000000e+00, 0.00000000e+00, -3.67161439e-02, -1.00759397e-03, 6.68839882e-02, 0.00000000e+00, 1.48081089e+02, -1.22287727e+01, -1.24223290e+01, -1.25571740e+01, -1.16967201e+01, 0.00000000e+00, 2.0000000000, 10.0000000000, 0.0759282351
        6104, 6.68900521e-02, 4.51712320e-04, 0.00000000e+00, 0.00000000e+00, 0.00000000e+00, -3.67161439e-02, -1.00759397e-03, 6.68839881e-02, 0.00000000e+00, 1.48081089e+02, -1.22457802e+01, -1.24421350e+01, -1.25768813e+01, -1.17171271e+01, 0.00000000e+00, 2.0000000000, 10.0000000000, 0.0761974533
        6105, 6.68900521e-02, 4.51712321e-04, 0.00000000e+00, 0.00000000e+00, 0.00000000e+00, -3.67161439e-02, -1.00759397e-03, 6.68839881e-02, 0.00000000e+00, 1.48081088e+02, -1.22584094e+01, -1.24500588e+01, -1.25947121e+01, -1.17303669e+01, 0.00000000e+00, 2.0000000000, 10.0000000000, 0.0764697194
        6106, 6.68900520e-02, 4.51712322e-04, 0.00000000e+00, 0.00000000e+00, 0.00000000e+00, -3.67161439e-02, -1.00759397e-03, 6.68839881e-02, 0.00000000e+00, 1.48081088e+02, -1.22551554e+01, -1.24382806e+01, -1.25843467e+01, -1.17226596e+01, 0.00000000e+00, 2.0000000000, 10.0000000000, 0.0767380834
        6107, 6.68900520e-02, 4.51712322e-04, 0.00000000e+00, 0.00000000e+00, 0.00000000e+00, -3.67161439e-02, -1.00759397e-03, 6.68839880e-02, 0.00000000e+00, 1.48081088e+02, -1.22683373e+01, -1.24539322e+01, -1.25964906e+01, -1.17370921e+01, 0.00000000e+00, 2.0000000000, 10.0000000000, 0.0770094196
        6108, 6.68900520e-02, 4.51712323e-04, 0.00000000e+00, 0.00000000e+00, 0.00000000e+00, -3.67161439e-02, -1.00759397e-03, 6.68839880e-02, 0.00000000e+00, 1.48081088e+02, -1.22869800e+01, -1.24770739e+01, -1.26200839e+01, -1.17588243e+01, 0.00000000e+00, 2.0000000000, 10.0000000000, 0.0772821029
        6109, 6.68900519e-02, 4.51712323e-04, 0.00000000e+00, 0.00000000e+00, 0.00000000e+00, -3.67161439e-02, -1.00759397e-03, 6.68839880e-02, 0.00000000e+00, 1.48081087e+02, -1.22990750e+01, -1.24859143e+01, -1.26345201e+01, -1.17708066e+01, 0.00000000e+00, 2.0000000000, 10.0000000000, 0.0775488853
        6110, 6.68900519e-02, 4.51712323e-04, 0.00000000e+00, 0.00000000e+00, 0.00000000e+00, -3.67161439e-02, -1.00759396e-03, 6.68839879e-02, 0.00000000e+00, 1.48081087e+02, -1.23054623e+01, -1.24907782e+01, -1.26407561e+01, -1.17752174e+01, 0.00000000e+00, 2.0000000000, 10.0000000000, 0.0778153698
        6111, 6.68900519e-02, 4.51712324e-04, 0.00000000e+00, 0.00000000e+00, 0.00000000e+00, -3.67161439e-02, -1.00759396e-03, 6.68839879e-02, 0.00000000e+00, 1.48081087e+02, -1.23348373e+01, -1.25379460e+01, -1.26826110e+01, -1.18108657e+01, 0.00000000e+00, 2.0000000000, 10.0000000000, 0.0780866345
        6112, 6.68900518e-02, 4.51712324e-04, 0.00000000e+00, 0.00000000e+00, 0.00000000e+00, -3.67161439e-02, -1.00759396e-03, 6.68839879e-02, 0.00000000e+00, 1.48081087e+02, -1.23471974e+01, -1.25460601e+01, -1.26987146e+01, -1.18220647e+01, 0.00000000e+00, 2.0000000000, 10.0000000000, 0.0783529003
        6113, 6.68900518e-02, 4.51712325e-04, 0.00000000e+00, 0.00000000e+00, 0.00000000e+00, -3.67161439e-02, -1.00759396e-03, 6.68839878e-02, 0.00000000e+00, 1.48081086e+02, -1.23463592e+01, -1.25380157e+01, -1.26868683e+01, -1.18166841e+01, 0.00000000e+00, 2.0000000000, 10.0000000000, 0.0786229849
        6114, 6.68900518e-02, 4.51712325e-04, 0.00000000e+00, 0.00000000e+00, 0.00000000e+00, -3.67161439e-02, -1.00759396e-03, 6.68839878e-02, 0.00000000e+00, 1.48081086e+02, -1.23512332e+01, -1.25415738e+01, -1.26916617e+01, -1.18197938e+01, 0.00000000e+00, 2.0000000000, 10.0000000000, 0.0789042195
        6115, 6.68900518e-02, 4.51712325e-04, 0.00000000e+00, 0.00000000e+00, 0.00000000e+00, -3.67161439e-02, -1.00759396e-03, 6.68839878e-02, 0.00000000e+00, 1.48081086e+02, -1.23985063e+01, -1.26394213e+01, -1.27693624e+01, -1.18827145e+01, 0.00000000e+00, 2.0000000000, 10.0000000000, 0.0791779518
        6116, 6.68900517e-02, 4.51712325e-04, 0.00000000e+00, 0.00000000e+00, 0.00000000e+00, -3.67161439e-02, -1.00759396e-03, 6.68839878e-02, 0.00000000e+00, 1.48081086e+02, -1.23947122e+01, -1.26193436e+01, -1.27600864e+01, -1.18718273e+01, 0.00000000e+00, 2.0000000000, 10.0000000000, 0.0794548869
        6117, 6.68900517e-02, 4.51712326e-04, 0.00000000e+00, 0.00000000e+00, 0.00000000e+00, -3.67161439e-02, -1.00759396e-03, 6.68839878e-02, 0.00000000e+00, 1.48081086e+02, -1.24218371e+01, -1.26494009e+01, -1.28015558e+01, -1.19016851e+01, 0.00000000e+00, 2.0000000000, 10.0000000000, 0.0797323505
        6118, 6.68900517e-02, 4.51712326e-04, 0.00000000e+00, 0.00000000e+00, 0.00000000e+00, -3.67161439e-02, -1.00759396e-03, 6.68839877e-02, 0.00000000e+00, 1.48081086e+02, -1.24400690e+01, -1.26929412e+01, -1.28066766e+01, -1.19222466e+01, 0.00000000e+00, 2.0000000000, 10.0000000000, 0.0800054868
        6119, 6.68900517e-02, 4.51712326e-04, 0.00000000e+00, 0.00000000e+00, 0.00000000e+00, -3.67161439e-02, -1.00759396e-03, 6.68839877e-02, 0.00000000e+00, 1.48081086e+02, -1.24203339e+01, -1.26649316e+01, -1.27750886e+01, -1.18927642e+01, 0.00000000e+00, 2.0000000000, 10.0000000000, 0.0802771171
        6120, 6.68900517e-02, 4.51712327e-04, 0.00000000e+00, 0.00000000e+00, 0.00000000e+00, -3.67161439e-02, -1.00759396e-03, 6.68839877e-02, 0.00000000e+00, 1.48081085e+02, -1.24762661e+01, -1.27504350e+01, -1.28784749e+01, -1.19652098e+01, 0.00000000e+00, 2.0000000000, 10.0000000000, 0.0805591504
        6121, 6.68900517e-02, 4.51712327e-04, 0.00000000e+00, 0.00000000e+00, 0.00000000e+00, -3.67161439e-02, -1.00759396e-03, 6.68839877e-02, 0.00000000e+00, 1.48081085e+02, -1.25010667e+01, -1.28033038e+01, -1.29039461e+01, -1.19921590e+01, 0.00000000e+00, 2.0000000000, 10.0000000000, 0.0808329701
        6122, 6.68900516e-02, 4.51712327e-04, 0.00000000e+00, 0.00000000e+00, 0.00000000e+00, -3.67161439e-02, -1.00759395e-03, 6.68839877e-02, 0.00000000e+00, 1.48081085e+02, -1.24742906e+01, -1.27572695e+01, -1.28511824e+01, -1.19508053e+01, 0.00000000e+00, 2.0000000000, 10.0000000000, 0.0811002692
        6123, 6.68900516e-02, 4.51712328e-04, 0.00000000e+00, 0.00000000e+00, 0.00000000e+00, -3.67161439e-02, -1.00759395e-03, 6.68839877e-02, 0.00000000e+00, 1.48081085e+02, -1.25192140e+01, -1.28209188e+01, -1.29243625e+01, -1.20075939e+01, 0.00000000e+00, 2.0000000000, 10.0000000000, 0.0813860536
        6124, 6.68900516e-02, 4.51712328e-04, 0.00000000e+00, 0.00000000e+00, 0.00000000e+00, -3.67161439e-02, -1.00759395e-03, 6.68839877e-02, 0.00000000e+00, 1.48081085e+02, -1.25306168e+01, -1.28417121e+01, -1.29266390e+01, -1.20174693e+01, 0.00000000e+00, 2.0000000000, 10.0000000000, 0.0816557527
        6125, 6.68900516e-02, 4.51712329e-04, 0.00000000e+00, 0.00000000e+00, 0.00000000e+00, -3.67161439e-02, -1.00759395e-03, 6.68839876e-02, 0.00000000e+00, 1.48081085e+02, -1.25116849e+01, -1.28029767e+01, -1.28837765e+01, -1.19872490e+01, 0.00000000e+00, 2.0000000000, 10.0000000000, 0.0819265366
        6126, 6.68900516e-02, 4.51712329e-04, 0.00000000e+00, 0.00000000e+00, 0.00000000e+00, -3.67161439e-02, -1.00759395e-03, 6.68839876e-02, 0.00000000e+00, 1.48081085e+02, -1.25604291e+01, -1.28700815e+01, -1.29667469e+01, -1.20495658e+01, 0.00000000e+00, 2.0000000000, 10.0000000000, 0.0822026014
        6127, 6.68900516e-02, 4.51712329e-04, 0.00000000e+00, 0.00000000e+00, 0.00000000e+00, -3.67161439e-02, -1.00759395e-03, 6.68839876e-02, 0.00000000e+00, 1.48081085e+02, -1.25698743e+01, -1.28707456e+01, -1.29676005e+01, -1.20551822e+01, 0.00000000e+00, 2.0000000000, 10.0000000000, 0.0824769020
        6128, 6.68900516e-02, 4.51712329e-04, 0.00000000e+00, 0.00000000e+00, 0.00000000e+00, -3.67161439e-02, -1.00759395e-03, 6.68839876e-02, 0.00000000e+00, 1.48081085e+02, -1.25934974e+01, -1.28910550e+01, -1.30013213e+01, -1.20791693e+01, 0.00000000e+00, 2.0000000000, 10.0000000000, 0.0827875177
        6129, 6.68900516e-02, 4.51712329e-04, 0.00000000e+00, 0.00000000e+00, 0.00000000e+00, -3.67161439e-02, -1.00759395e-03, 6.68839876e-02, 0.00000000e+00, 1.48081084e+02, -1.26127405e+01, -1.29273072e+01, -1.30201556e+01, -1.20983179e+01, 0.00000000e+00, 2.0000000000, 10.0000000000, 0.0830557664
        6130, 6.68900516e-02, 4.51712329e-04, 0.00000000e+00, 0.00000000e+00, 0.00000000e+00, -3.67161439e-02, -1.00759395e-03, 6.68839876e-02, 0.00000000e+00, 1.48081084e+02, -1.26150677e+01, -1.29112528e+01, -1.30030367e+01, -1.20945847e+01, 0.00000000e+00, 2.0000000000, 10.0000000000, 0.0833570361
        6131, 6.68900515e-02, 4.51712329e-04, 0.00000000e+00, 0.00000000e+00, 0.00000000e+00, -3.67161439e-02, -1.00759395e-03, 6.68839876e-02, 0.00000000e+00, 1.48081084e+02, -1.26285247e+01, -1.29310364e+01, -1.30107239e+01, -1.21083674e+01, 0.00000000e+00, 2.0000000000, 10.0000000000, 0.0836433848
        6132, 6.68900515e-02, 4.51712330e-04, 0.00000000e+00, 0.00000000e+00, 0.00000000e+00, -3.67161439e-02, -1.00759395e-03, 6.68839876e-02, 0.00000000e+00, 1.48081084e+02, -1.26444214e+01, -1.29468410e+01, -1.30303801e+01, -1.21251949e+01, 0.00000000e+00, 2.0000000000, 10.0000000000, 0.0839151184
        6133, 6.68900515e-02, 4.51712330e-04, 0.00000000e+00, 0.00000000e+00, 0.00000000e+00, -3.67161439e-02, -1.00759395e-03, 6.68839876e-02, 0.00000000e+00, 1.48081084e+02, -1.26580710e+01, -1.29474410e+01, -1.30495588e+01, -1.21376942e+01, 0.00000000e+00, 2.0000000000, 10.0000000000, 0.0841867526
        6134, 6.68900515e-02, 4.51712330e-04, 0.00000000e+00, 0.00000000e+00, 0.00000000e+00, -3.67161439e-02, -1.00759395e-03, 6.68839876e-02, 0.00000000e+00, 1.48081084e+02, -1.26578396e+01, -1.29410842e+01, -1.30353296e+01, -1.21330665e+01, 0.00000000e+00, 2.0000000000, 10.0000000000, 0.0844955683
        6135, 6.68900515e-02, 4.51712330e-04, 0.00000000e+00, 0.00000000e+00, 0.00000000e+00, -3.67161439e-02, -1.00759395e-03, 6.68839875e-02, 0.00000000e+00, 1.48081084e+02, -1.26931338e+01, -1.29943571e+01, -1.31033159e+01, -1.21772471e+01, 0.00000000e+00, 2.0000000000, 10.0000000000, 0.0847912192
        6136, 6.68900515e-02, 4.51712330e-04, 0.00000000e+00, 0.00000000e+00, 0.00000000e+00, -3.67161439e-02, -1.00759395e-03, 6.68839875e-02, 0.00000000e+00, 1.48081084e+02, -1.27082108e+01, -1.30498106e+01, -1.31212599e+01, -1.21928963e+01, 0.00000000e+00, 2.0000000000, 10.0000000000, 0.0850641171
        6137, 6.68900515e-02, 4.51712330e-04, 0.00000000e+00, 0.00000000e+00, 0.00000000e+00, -3.67161439e-02, -1.00759395e-03, 6.68839875e-02, 0.00000000e+00, 1.48081084e+02, -1.27176256e+01, -1.30377795e+01, -1.31296241e+01, -1.21984505e+01, 0.00000000e+00, 2.0000000000, 10.0000000000, 0.0854019165
        6138, 6.68900515e-02, 4.51712330e-04, 0.00000000e+00, 0.00000000e+00, 0.00000000e+00, -3.67161439e-02, -1.00759395e-03, 6.68839875e-02, 0.00000000e+00, 1.48081084e+02, -1.27283815e+01, -1.30872369e+01, -1.31299798e+01, -1.22099884e+01, 0.00000000e+00, 2.0000000000, 10.0000000000, 0.0857961853
        6139, 6.68900515e-02, 4.51712330e-04, 0.00000000e+00, 0.00000000e+00, 0.00000000e+00, -3.67161439e-02, -1.00759395e-03, 6.68839875e-02, 0.00000000e+00, 1.48081084e+02, -1.27490663e+01, -1.30933029e+01, -1.31583099e+01, -1.22323472e+01, 0.00000000e+00, 2.0000000000, 10.0000000000, 0.0862368345
        6140, 6.68900515e-02, 4.51712330e-04, 0.00000000e+00, 0.00000000e+00, 0.00000000e+00, -3.67161439e-02, -1.00759395e-03, 6.68839875e-02, 0.00000000e+00, 1.48081084e+02, -1.27657404e+01, -1.31286147e+01, -1.31729961e+01, -1.22497066e+01, 0.00000000e+00, 2.0000000000, 10.0000000000, 0.0866214514
        6141, 6.68900515e-02, 4.51712330e-04, 0.00000000e+00, 0.00000000e+00, 0.00000000e+00, -3.67161439e-02, -1.00759395e-03, 6.68839875e-02, 0.00000000e+00, 1.48081084e+02, -1.27335929e+01, -1.30612099e+01, -1.30995048e+01, -1.22031448e+01, 0.00000000e+00, 2.0000000000, 10.0000000000, 0.0869153023
        6142, 6.68900515e-02, 4.51712330e-04, 0.00000000e+00, 0.00000000e+00, 0.00000000e+00, -3.67161439e-02, -1.00759395e-03, 6.68839875e-02, 0.00000000e+00, 1.48081084e+02, -1.27593270e+01, -1.30843672e+01, -1.31394038e+01, -1.22366759e+01, 0.00000000e+00, 2.0000000000, 10.0000000000, 0.0872110685
        6143, 6.68900515e-02, 4.51712330e-04, 0.00000000e+00, 0.00000000e+00, 0.00000000e+00, -3.67161439e-02, -1.00759395e-03, 6.68839875e-02, 0.00000000e+00, 1.48081084e+02, -1.27842456e+01, -1.31263374e+01, -1.31800133e+01, -1.22673176e+01, 0.00000000e+00, 2.0000000000, 10.0000000000, 0.0874848167
        6144, 6.68900515e-02, 4.51712330e-04, 0.00000000e+00, 0.00000000e+00, 0.00000000e+00, -3.67161439e-02, -1.00759395e-03, 6.68839875e-02, 0.00000000e+00, 1.48081084e+02, -1.27684101e+01, -1.30876574e+01, -1.31359602e+01, -1.22415715e+01, 0.00000000e+00, 2.0000000000, 10.0000000000, 0.0877605518
        6145, 6.68900515e-02, 4.51712330e-04, 0.00000000e+00, 0.00000000e+00, 0.00000000e+00, -3.67161439e-02, -1.00759395e-03, 6.68839875e-02, 0.00000000e+00, 1.48081084e+02, -1.27997850e+01, -1.31261718e+01, -1.31951353e+01, -1.22802479e+01, 0.00000000e+00, 2.0000000000, 10.0000000000, 0.0880340338
        6146, 6.68900515e-02, 4.51712331e-04, 0.00000000e+00, 0.00000000e+00, 0.00000000e+00, -3.67161439e-02, -1.00759395e-03, 6.68839875e-02, 0.00000000e+00, 1.48081084e+02, -1.28232049e+01, -1.31699760e+01, -1.32265688e+01, -1.23069312e+01, 0.00000000e+00, 2.0000000000, 10.0000000000, 0.0883005182
        6147, 6.68900515e-02, 4.51712329e-04, 0.00000000e+00, 0.00000000e+00, 0.00000000e+00, -3.67161439e-02, -1.00759395e-03, 6.68839875e-02, 0.00000000e+00, 1.48081084e+02, -1.28222157e+01, -1.31529740e+01, -1.32097708e+01, -1.22993520e+01, 0.00000000e+00, 2.0000000000, 10.0000000000, 0.0885757367
        6148, 6.68900515e-02, 4.51712330e-04, 0.00000000e+00, 0.00000000e+00, 0.00000000e+00, -3.67161439e-02, -1.00759395e-03, 6.68839875e-02, 0.00000000e+00, 1.48081084e+02, -1.28475689e+01, -1.31872122e+01, -1.32506069e+01, -1.23287368e+01, 0.00000000e+00, 2.0000000000, 10.0000000000, 0.0888443192
        6149, 6.68900515e-02, 4.51712331e-04, 0.00000000e+00, 0.00000000e+00, 0.00000000e+00, -3.67161439e-02, -1.00759395e-03, 6.68839875e-02, 0.00000000e+00, 1.48081084e+02, -1.28316615e+01, -1.31502171e+01, -1.32035853e+01, -1.23042605e+01, 0.00000000e+00, 2.0000000000, 10.0000000000, 0.0891245683
        6150, 6.68900515e-02, 4.51712330e-04, 0.00000000e+00, 0.00000000e+00, 0.00000000e+00, -3.67161439e-02, -1.00759395e-03, 6.68839875e-02, 0.00000000e+00, 1.48081084e+02, -1.28189324e+01, -1.31446958e+01, -1.31651124e+01, -1.22870501e+01, 0.00000000e+00, 2.0000000000, 10.0000000000, 0.0893985868
        6151, 6.68900515e-02, 4.51712330e-04, 0.00000000e+00, 0.00000000e+00, 0.00000000e+00, -3.67161439e-02, -1.00759395e-03, 6.68839875e-02, 0.00000000e+00, 1.48081084e+02, -1.28312105e+01, -1.31509520e+01, -1.31904950e+01, -1.23035241e+01, 0.00000000e+00, 2.0000000000, 10.0000000000, 0.0896856864
        6152, 6.68900515e-02, 4.51712330e-04, 0.00000000e+00, 0.00000000e+00, 0.00000000e+00, -3.67161439e-02, -1.00759395e-03, 6.68839875e-02, 0.00000000e+00, 1.48081084e+02, -1.28858064e+01, -1.32614834e+01, -1.33071171e+01, -1.23753304e+01, 0.00000000e+00, 2.0000000000, 10.0000000000, 0.0899482846
        6153, 6.68900515e-02, 4.51712331e-04, 0.00000000e+00, 0.00000000e+00, 0.00000000e+00, -3.67161439e-02, -1.00759395e-03, 6.68839875e-02, 0.00000000e+00, 1.48081084e+02, -1.28927462e+01, -1.32470271e+01, -1.32956672e+01, -1.23752272e+01, 0.00000000e+00, 2.0000000000, 10.0000000000, 0.0902390838
        6154, 6.68900515e-02, 4.51712331e-04, 0.00000000e+00, 0.00000000e+00, 0.00000000e+00, -3.67161439e-02, -1.00759395e-03, 6.68839875e-02, 0.00000000e+00, 1.48081084e+02, -1.28716634e+01, -1.31815728e+01, -1.32323232e+01, -1.23417316e+01, 0.00000000e+00, 2.0000000000, 10.0000000000, 0.0905177514
        6155, 6.68900515e-02, 4.51712331e-04, 0.00000000e+00, 0.00000000e+00, 0.00000000e+00, -3.67161439e-02, -1.00759395e-03, 6.68839875e-02, 0.00000000e+00, 1.48081084e+02, -1.28957301e+01, -1.32218823e+01, -1.32665386e+01, -1.23727272e+01, 0.00000000e+00, 2.0000000000, 10.0000000000, 0.0908481201
        6156, 6.68900515e-02, 4.51712331e-04, 0.00000000e+00, 0.00000000e+00, 0.00000000e+00, -3.67161439e-02, -1.00759395e-03, 6.68839875e-02, 0.00000000e+00, 1.48081084e+02, -1.29451564e+01, -1.33148333e+01, -1.33705652e+01, -1.24354255e+01, 0.00000000e+00, 2.0000000000, 10.0000000000, 0.0911521514
        6157, 6.68900515e-02, 4.51712330e-04, 0.00000000e+00, 0.00000000e+00, 0.00000000e+00, -3.67161439e-02, -1.00759395e-03, 6.68839875e-02, 0.00000000e+00, 1.48081084e+02, -1.29372637e+01, -1.32803413e+01, -1.33402669e+01, -1.24165622e+01, 0.00000000e+00, 2.0000000000, 10.0000000000, 0.0914659182
        6158, 6.68900515e-02, 4.51712331e-04, 0.00000000e+00, 0.00000000e+00, 0.00000000e+00, -3.67161439e-02, -1.00759395e-03, 6.68839875e-02, 0.00000000e+00, 1.48081084e+02, -1.29751274e+01, -1.33484322e+01, -1.33912618e+01, -1.24620864e+01, 0.00000000e+00, 2.0000000000, 10.0000000000, 0.0917704701
        6159, 6.68900515e-02, 4.51712331e-04, 0.00000000e+00, 0.00000000e+00, 0.00000000e+00, -3.67161439e-02, -1.00759395e-03, 6.68839875e-02, 0.00000000e+00, 1.48081084e+02, -1.29472305e+01, -1.32859492e+01, -1.33287625e+01, -1.24205878e+01, 0.00000000e+00, 2.0000000000, 10.0000000000, 0.0920743028
        6160, 6.68900515e-02, 4.51712331e-04, 0.00000000e+00, 0.00000000e+00, 0.00000000e+00, -3.67161439e-02, -1.00759395e-03, 6.68839875e-02, 0.00000000e+00, 1.48081084e+02, -1.29534770e+01, -1.32973379e+01, -1.33182496e+01, -1.24283154e+01, 0.00000000e+00, 2.0000000000, 10.0000000000, 0.0923405011
        6161, 6.68900515e-02, 4.51712331e-04, 0.00000000e+00, 0.00000000e+00, 0.00000000e+00, -3.67161439e-02, -1.00759395e-03, 6.68839875e-02, 0.00000000e+00, 1.48081084e+02, -1.29751971e+01, -1.33251031e+01, -1.33615031e+01, -1.24556227e+01, 0.00000000e+00, 2.0000000000, 10.0000000000, 0.0926392516
        6162, 6.68900515e-02, 4.51712331e-04, 0.00000000e+00, 0.00000000e+00, 0.00000000e+00, -3.67161439e-02, -1.00759395e-03, 6.68839875e-02, 0.00000000e+00, 1.48081084e+02, -1.30191550e+01, -1.34034929e+01, -1.34501970e+01, -1.25094804e+01, 0.00000000e+00, 2.0000000000, 10.0000000000, 0.0929122170
