TITLE = "SU2 Simulation"
VARIABLES = "Iteration","Sens_Geo","Sens_Mach","Sens_AoA","Sens_Press","Sens_Temp","Sens_AoS","Res_AdjFlow[0]","Res_AdjFlow[1]","Res_AdjFlow[2]","Res_AdjFlow[3]","Res_AdjFlow[4]","Linear_Solver_Iterations","CFL_Number","Time(min)"
ZONE T= "Convergence history"
         794, 2.63272243e-02, 9.07721895e-02, 4.08341861e-03, 2.41547380e-03, 7.58623366e-02, 0.0, -5.28243538e+00, -5.05877947e+00, -5.16365196e+00, -5.28041955e+00, 0.0, 2.0000000000, 8.0000000000, 0.0007099350
         795, 4.71870434e-03, 9.07331940e-02, 4.08799852e-03, 2.53143024e-03, 7.58146170e-02, 0.0, -5.10689150e+00, -5.00873841e+00, -5.01613522e+00, -5.35512546e+00, 0.0, 2.0000000000, 8.0000000000, 0.0010405660
         796, 2.12945959e-02, 8.96331411e-02, 4.09842002e-03, 1.55220624e-03, 7.45897104e-02, 0.0, -4.99607984e+00, -4.91068921e+00, -5.00100144e+00, -5.34897369e+00, 0.0, 2.0000000000, 8.0000000000, 0.0013493498
         797, 2.49929466e-02, 8.74973932e-02, 4.10175437e-03, -5.04309907e-04, 7.23205572e-02, 0.0, -4.92661867e+00, -4.83994967e+00, -4.99645765e+00, -5.35819562e+00, 0.0, 2.0000000000, 8.0000000000, 0.0016539017
         798, 1.75327373e-02, 8.61089451e-02, 4.08518086e-03, -1.47005195e-03, 7.12230930e-02, 0.0, -4.86296338e+00, -4.77696885e+00, -4.99005973e+00, -5.33222127e+00, 0.0, 2.0000000000, 8.0000000000, 0.0019930005
         799, 1.17579308e-02, 8.49612268e-02, 4.04237427e-03, -1.62609844e-03, 7.06820686e-02, 0.0, -4.83169745e+00, -4.72236026e+00, -4.99858514e+00, -5.31846832e+00, 0.0, 2.0000000000, 8.0000000000, 0.0024260163
         800, 8.34547445e-03, 8.32739345e-02, 3.97721514e-03, -1.90548470e-03, 6.96929357e-02, 0.0, -4.79481818e+00, -4.65777791e+00, -4.98602088e+00, -5.27582666e+00, 0.0, 2.0000000000, 8.0000000000, 0.0027138829
         801, 5.38523510e-03, 8.14790430e-02, 3.90462647e-03, -1.97819911e-03, 6.86511311e-02, 0.0, -4.77307122e+00, -4.61423921e+00, -4.96406557e+00, -5.23086167e+00, 0.0, 2.0000000000, 8.0000000000, 0.0030343334
         802, 2.22160980e-03, 7.97638089e-02, 3.83856780e-03, -1.71117832e-03, 6.76545128e-02, 0.0, -4.77866743e+00, -4.59462123e+00, -4.96432243e+00, -5.21959055e+00, 0.0, 2.0000000000, 8.0000000000, 0.0033685525
         803, -1.02838414e-03, 7.79941744e-02, 3.78259867e-03, -1.36107644e-03, 6.64765848e-02, 0.0, -4.79925300e+00, -4.58772341e+00, -4.98497445e+00, -5.22301178e+00, 0.0, 2.0000000000, 8.0000000000, 0.0036916693
         804, -4.29130511e-03, 7.61315941e-02, 3.73271788e-03, -1.06794202e-03, 6.50742617e-02, 0.0, -4.82689052e+00, -4.58927549e+00, -5.00605050e+00, -5.22810610e+00, 0.0, 2.0000000000, 8.0000000000, 0.0040229519
         805, -7.67447063e-03, 7.42189666e-02, 3.68372672e-03, -8.16242372e-04, 6.35375595e-02, 0.0, -4.85741944e+00, -4.59702334e+00, -5.02048431e+00, -5.23453860e+00, 0.0, 2.0000000000, 8.0000000000, 0.0043280323
         806, -1.11738629e-02, 7.22800018e-02, 3.63256030e-03, -5.78807526e-04, 6.19313664e-02, 0.0, -4.88682172e+00, -4.60862672e+00, -5.03337049e+00, -5.24307965e+00, 0.0, 2.0000000000, 8.0000000000, 0.0046278358
         807, -1.45825347e-02, 7.03310841e-02, 3.57856506e-03, -3.50498177e-04, 6.02928341e-02, 0.0, -4.91422975e+00, -4.62305878e+00, -5.04763980e+00, -5.25446007e+00, 0.0, 2.0000000000, 8.0000000000, 0.0049432675
         808, -1.76919785e-02, 6.84063983e-02, 3.52262645e-03, -1.30710205e-04, 5.86637609e-02, 0.0, -4.94188299e+00, -4.64066145e+00, -5.06477174e+00, -5.27050969e+00, 0.0, 2.0000000000, 8.0000000000, 0.0052577019
         809, -2.04134457e-02, 6.65536920e-02, 3.46618185e-03, 8.44636063e-05, 5.70948337e-02, 0.0, -4.97216125e+00, -4.66210203e+00, -5.08677090e+00, -5.29265767e+00, 0.0, 2.0000000000, 8.0000000000, 0.0055684686
         810, -2.27447483e-02, 6.48181199e-02, 3.41058141e-03, 2.98709560e-04, 5.56335960e-02, 0.0, -5.00617094e+00, -4.68784700e+00, -5.11515267e+00, -5.32144107e+00, 0.0, 2.0000000000, 8.0000000000, 0.0058692336
         811, -2.47284758e-02, 6.32314466e-02, 3.35685616e-03, 5.13119348e-04, 5.43142246e-02, 0.0, -5.04385171e+00, -4.71810293e+00, -5.15060978e+00, -5.35718915e+00, 0.0, 2.0000000000, 8.0000000000, 0.0061864018
         812, -2.65452226e-02, 6.17509358e-02, 3.30563004e-03, 6.71882529e-04, 5.30828317e-02, 0.0, -5.08451484e+00, -4.75310313e+00, -5.19397559e+00, -5.40142169e+00, 0.0, 2.0000000000, 8.0000000000, 0.0065001011
         813, -2.72265200e-02, 5.98791401e-02, 3.25617873e-03, 2.77461937e-04, 5.13285467e-02, 0.0, -5.12620241e+00, -4.79282504e+00, -5.24053280e+00, -5.45748732e+00, 0.0, 2.0000000000, 8.0000000000, 0.0068092187
         814, -2.75940874e-02, 5.90927146e-02, 3.21307875e-03, 7.22941629e-04, 5.08448552e-02, 0.0, -5.13071352e+00, -4.80220099e+00, -5.21107945e+00, -5.42550426e+00, 0.0, 2.0000000000, 8.0000000000, 0.0071190675
         815, -2.77566327e-02, 5.82376967e-02, 3.17614101e-03, 9.46196794e-04, 5.02361529e-02, 0.0, -5.15254899e+00, -4.82795437e+00, -5.22709878e+00, -5.44336731e+00, 0.0, 2.0000000000, 8.0000000000, 0.0074513515
         816, -2.74121923e-02, 5.75608251e-02, 3.14478454e-03, 1.17756746e-03, 4.97968878e-02, 0.0, -5.17856742e+00, -4.86626043e+00, -5.25685874e+00, -5.49167614e+00, 0.0, 2.0000000000, 8.0000000000, 0.0077619513
         817, -2.68645537e-02, 5.69874436e-02, 3.11786287e-03, 1.39584969e-03, 4.94348875e-02, 0.0, -5.19686531e+00, -4.90507997e+00, -5.30976956e+00, -5.54915129e+00, 0.0, 2.0000000000, 8.0000000000, 0.0080833356
         818, -2.63923805e-02, 5.64582687e-02, 3.09456158e-03, 1.57191074e-03, 4.90779275e-02, 0.0, -5.20753833e+00, -4.93709391e+00, -5.36314685e+00, -5.59121254e+00, 0.0, 2.0000000000, 8.0000000000, 0.0083967686
         819, -2.60173734e-02, 5.59847662e-02, 3.07500650e-03, 1.72809865e-03, 4.87397080e-02, 0.0, -5.21788794e+00, -4.96600928e+00, -5.40136327e+00, -5.62546785e+00, 0.0, 2.0000000000, 8.0000000000, 0.0087032159
         820, -2.56974695e-02, 5.55733004e-02, 3.05957373e-03, 1.87399124e-03, 4.84294272e-02, 0.0, -5.22767409e+00, -4.99240311e+00, -5.42949478e+00, -5.65690994e+00, 0.0, 2.0000000000, 8.0000000000, 0.0090196848
         821, -2.54211504e-02, 5.52206597e-02, 3.04845828e-03, 2.00979882e-03, 4.81460692e-02, 0.0, -5.23598547e+00, -5.01541003e+00, -5.45126727e+00, -5.68394422e+00, 0.0, 2.0000000000, 8.0000000000, 0.0093428016
         822, -2.52161702e-02, 5.49213822e-02, 3.04150762e-03, 2.13096784e-03, 4.78868121e-02, 0.0, -5.24373829e+00, -5.03567168e+00, -5.46860028e+00, -5.70809199e+00, 0.0, 2.0000000000, 8.0000000000, 0.0096600691
         823, -2.51067395e-02, 5.46703783e-02, 3.03828737e-03, 2.23144400e-03, 4.76504215e-02, 0.0, -5.25217323e+00, -5.05419530e+00, -5.48411314e+00, -5.73103491e+00, 0.0, 2.0000000000, 8.0000000000, 0.0099659165
         824, -2.51002845e-02, 5.44642012e-02, 3.03820368e-03, 2.30563725e-03, 4.74385521e-02, 0.0, -5.26257771e+00, -5.07205199e+00, -5.50024873e+00, -5.75390631e+00, 0.0, 2.0000000000, 8.0000000000, 0.0102786660
         825, -2.52058169e-02, 5.43009380e-02, 3.04063049e-03, 2.35031607e-03, 4.72548672e-02, 0.0, -5.27615375e+00, -5.09038828e+00, -5.51867529e+00, -5.77760701e+00, 0.0, 2.0000000000, 8.0000000000, 0.0105966528
         826, -2.54460907e-02, 5.41791952e-02, 3.04497369e-03, 2.36480655e-03, 4.71031626e-02, 0.0, -5.29384157e+00, -5.11031382e+00, -5.54024839e+00, -5.80289674e+00, 0.0, 2.0000000000, 8.0000000000, 0.0109381159
         827, -2.58521427e-02, 5.40972697e-02, 3.05069375e-03, 2.35048316e-03, 4.69861309e-02, 0.0, -5.31622317e+00, -5.13276720e+00, -5.56512607e+00, -5.83029223e+00, 0.0, 2.0000000000, 8.0000000000, 0.0112502495
         828, -2.64497288e-02, 5.40526786e-02, 3.05730854e-03, 2.31002291e-03, 4.69048395e-02, 0.0, -5.34352545e+00, -5.15841809e+00, -5.59292253e+00, -5.85992621e+00, 0.0, 2.0000000000, 8.0000000000, 0.0117132346
         829, -2.72480788e-02, 5.40420406e-02, 3.06439106e-03, 2.24697348e-03, 4.68586671e-02, 0.0, -5.37565234e+00, -5.18765167e+00, -5.62268346e+00, -5.89154900e+00, 0.0, 2.0000000000, 8.0000000000, 0.0122812351
         830, -2.82355808e-02, 5.40609601e-02, 3.07156308e-03, 2.16541342e-03, 4.68451914e-02, 0.0, -5.41221303e+00, -5.22060009e+00, -5.65288867e+00, -5.92468068e+00, 0.0, 2.0000000000, 8.0000000000, 0.0127647837
         831, -2.93828148e-02, 5.41038333e-02, 3.07848658e-03, 2.06957422e-03, 4.68599761e-02, 0.0, -5.45251339e+00, -5.25714547e+00, -5.68164461e+00, -5.95874666e+00, 0.0, 2.0000000000, 8.0000000000, 0.0131137331
         832, -3.06513458e-02, 5.41637347e-02, 3.08485719e-03, 1.96347812e-03, 4.68964920e-02, 0.0, -5.49550517e+00, -5.29686506e+00, -5.70701120e+00, -5.99308179e+00, 0.0, 2.0000000000, 8.0000000000, 0.0134471695
         833, -3.20076600e-02, 5.42328370e-02, 3.09040457e-03, 1.85096079e-03, 4.69467107e-02, 0.0, -5.53969805e+00, -5.33893517e+00, -5.72735415e+00, -6.02686664e+00, 0.0, 2.0000000000, 8.0000000000, 0.0137801687
         834, -3.34559670e-02, 5.43097190e-02, 3.09491591e-03, 1.74184389e-03, 4.70099603e-02, 0.0, -5.58313669e+00, -5.38207036e+00, -5.74178458e+00, -6.05920490e+00, 0.0, 2.0000000000, 8.0000000000, 0.0141703010
         835, -3.47937803e-02, 5.44813246e-02, 3.09846248e-03, 1.72861229e-03, 4.71915518e-02, 0.0, -5.62381772e+00, -5.42473824e+00, -5.75098165e+00, -6.08973355e+00, 0.0, 2.0000000000, 8.0000000000, 0.0145044843
         836, -3.58443367e-02, 5.45341656e-02, 3.10042140e-03, 1.62395179e-03, 4.72357345e-02, 0.0, -5.65206637e+00, -5.45929971e+00, -5.74868778e+00, -6.09823264e+00, 0.0, 2.0000000000, 8.0000000000, 0.0148251851
         837, -3.68538478e-02, 5.45763256e-02, 3.10081036e-03, 1.53328806e-03, 4.72725841e-02, 0.0, -5.67028673e+00, -5.48657822e+00, -5.74026770e+00, -6.10731443e+00, 0.0, 2.0000000000, 8.0000000000, 0.0151383360
         838, -3.80640160e-02, 5.46102059e-02, 3.09977934e-03, 1.47014913e-03, 4.73051909e-02, 0.0, -5.68330511e+00, -5.50841872e+00, -5.73730672e+00, -6.11934286e+00, 0.0, 2.0000000000, 8.0000000000, 0.0154872497
         839, -3.92804470e-02, 5.46087183e-02, 3.09746135e-03, 1.40672683e-03, 4.73011602e-02, 0.0, -5.69324436e+00, -5.52597114e+00, -5.73623050e+00, -6.12921906e+00, 0.0, 2.0000000000, 8.0000000000, 0.0158006191
         840, -4.02945691e-02, 5.45907546e-02, 3.09404095e-03, 1.35990397e-03, 4.72829106e-02, 0.0, -5.69879622e+00, -5.53811777e+00, -5.73367362e+00, -6.13311852e+00, 0.0, 2.0000000000, 8.0000000000, 0.0161102851
         841, -4.11174133e-02, 5.45589964e-02, 3.08964291e-03, 1.33213792e-03, 4.72530819e-02, 0.0, -5.70189616e+00, -5.54582126e+00, -5.72987954e+00, -6.13264901e+00, 0.0, 2.0000000000, 8.0000000000, 0.0164183855
         842, -4.18756235e-02, 5.45153561e-02, 3.08432792e-03, 1.32411123e-03, 4.72134523e-02, 0.0, -5.70505342e+00, -5.55183831e+00, -5.72765955e+00, -6.13302000e+00, 0.0, 2.0000000000, 8.0000000000, 0.0167353511
         843, -4.26025974e-02, 5.44565426e-02, 3.07822850e-03, 1.32837818e-03, 4.71598491e-02, 0.0, -5.71164415e+00, -5.55906103e+00, -5.72974342e+00, -6.13725282e+00, 0.0, 2.0000000000, 8.0000000000, 0.0170476000
         844, -4.32596191e-02, 5.43842354e-02, 3.07156900e-03, 1.34091015e-03, 4.70941626e-02, 0.0, -5.72199608e+00, -5.56868289e+00, -5.73568736e+00, -6.14484576e+00, 0.0, 2.0000000000, 8.0000000000, 0.0173521002
         845, -4.38003401e-02, 5.43020031e-02, 3.06461665e-03, 1.35941649e-03, 4.70202276e-02, 0.0, -5.73670440e+00, -5.58155395e+00, -5.74499086e+00, -6.15584411e+00, 0.0, 2.0000000000, 8.0000000000, 0.0176651676
         846, -4.42132108e-02, 5.42147629e-02, 3.05759957e-03, 1.38397416e-03, 4.69430292e-02, 0.0, -5.75542784e+00, -5.59780676e+00, -5.75714497e+00, -6.16997430e+00, 0.0, 2.0000000000, 8.0000000000, 0.0179669499
         847, -4.45035728e-02, 5.41270673e-02, 3.05070015e-03, 1.41495459e-03, 4.68668342e-02, 0.0, -5.77833158e+00, -5.61770509e+00, -5.77226378e+00, -6.18765797e+00, 0.0, 2.0000000000, 8.0000000000, 0.0182914853
         848, -4.46771268e-02, 5.40433798e-02, 3.04407632e-03, 1.45291407e-03, 4.67957783e-02, 0.0, -5.80492692e+00, -5.64121033e+00, -5.79007310e+00, -6.20881095e+00, 0.0, 2.0000000000, 8.0000000000, 0.0186140339
         849, -4.47362007e-02, 5.39680043e-02, 3.03788523e-03, 1.49806994e-03, 4.67338495e-02, 0.0, -5.83405875e+00, -5.66778305e+00, -5.80990971e+00, -6.23266989e+00, 0.0, 2.0000000000, 8.0000000000, 0.0189229846
         850, -4.46871667e-02, 5.39090580e-02, 3.03228580e-03, 1.55441323e-03, 4.66896151e-02, 0.0, -5.86345839e+00, -5.69605184e+00, -5.83066412e+00, -6.25759260e+00, 0.0, 2.0000000000, 8.0000000000, 0.0192293326
         851, -4.45405312e-02, 5.38446800e-02, 3.02733846e-03, 1.59958423e-03, 4.66356912e-02, 0.0, -5.89063093e+00, -5.72432465e+00, -5.85163260e+00, -6.28265827e+00, 0.0, 2.0000000000, 8.0000000000, 0.0195408503
         852, -4.43308519e-02, 5.38169511e-02, 3.02320775e-03, 1.67000613e-03, 4.66214629e-02, 0.0, -5.91350797e+00, -5.75106452e+00, -5.87313827e+00, -6.30650789e+00, 0.0, 2.0000000000, 8.0000000000, 0.0199500004
         853, -4.41037473e-02, 5.37680074e-02, 3.01985176e-03, 1.70303187e-03, 4.65767678e-02, 0.0, -5.92761507e+00, -5.77196915e+00, -5.89040702e+00, -6.32238383e+00, 0.0, 2.0000000000, 8.0000000000, 0.0202576995
         854, -4.38730934e-02, 5.37169481e-02, 3.01721810e-03, 1.71288110e-03, 4.65242568e-02, 0.0, -5.94141119e+00, -5.78910456e+00, -5.90780935e+00, -6.33658846e+00, 0.0, 2.0000000000, 8.0000000000, 0.0205748002
         855, -4.36246777e-02, 5.36904545e-02, 3.01535997e-03, 1.72842067e-03, 4.64962827e-02, 0.0, -5.95005390e+00, -5.80122882e+00, -5.92154825e+00, -6.34589318e+00, 0.0, 2.0000000000, 8.0000000000, 0.0208841006
         856, -4.33532591e-02, 5.36917227e-02, 3.01426824e-03, 1.75627991e-03, 4.64971780e-02, 0.0, -5.95237637e+00, -5.80815775e+00, -5.93158136e+00, -6.35043285e+00, 0.0, 2.0000000000, 8.0000000000, 0.0211898526
         857, -4.30962263e-02, 5.37074605e-02, 3.01385431e-03, 1.78355947e-03, 4.65111494e-02, 0.0, -5.94811886e+00, -5.80886538e+00, -5.93742173e+00, -6.34843448e+00, 0.0, 2.0000000000, 8.0000000000, 0.0215060353
         858, -4.28731191e-02, 5.37277540e-02, 3.01400313e-03, 1.79921810e-03, 4.65261145e-02, 0.0, -5.94390451e+00, -5.80701761e+00, -5.94337624e+00, -6.34678839e+00, 0.0, 2.0000000000, 8.0000000000, 0.0218105157
         859, -4.26741682e-02, 5.37534524e-02, 3.01461191e-03, 1.80366779e-03, 4.65430844e-02, 0.0, -5.94472634e+00, -5.80693290e+00, -5.95315383e+00, -6.35007418e+00, 0.0, 2.0000000000, 8.0000000000, 0.0221279860
         860, -4.24959334e-02, 5.37877649e-02, 3.01557209e-03, 1.80140730e-03, 4.65664373e-02, 0.0, -5.95121936e+00, -5.81012317e+00, -5.96643506e+00, -6.35741568e+00, 0.0, 2.0000000000, 8.0000000000, 0.0224358996
         861, -4.23495316e-02, 5.38311809e-02, 3.01676196e-03, 1.79514339e-03, 4.65977115e-02, 0.0, -5.96253672e+00, -5.81646435e+00, -5.98144456e+00, -6.36711806e+00, 0.0, 2.0000000000, 8.0000000000, 0.0227544347
         862, -4.22468722e-02, 5.38820030e-02, 3.01806923e-03, 1.78540739e-03, 4.66359136e-02, 0.0, -5.97790357e+00, -5.82570229e+00, -5.99730199e+00, -6.37867558e+00, 0.0, 2.0000000000, 8.0000000000, 0.0230769674
         863, -4.21927653e-02, 5.39381544e-02, 3.01940763e-03, 1.77210954e-03, 4.66794568e-02, 0.0, -5.99705237e+00, -5.83805779e+00, -6.01440636e+00, -6.39262326e+00, 0.0, 2.0000000000, 8.0000000000, 0.0234060685
         864, -4.21876467e-02, 5.39980098e-02, 3.02071292e-03, 1.75561699e-03, 4.67271173e-02, 0.0, -6.02001751e+00, -5.85403286e+00, -6.03345037e+00, -6.40964156e+00, 0.0, 2.0000000000, 8.0000000000, 0.0237128496
         865, -4.22315268e-02, 5.40601000e-02, 3.02192925e-03, 1.73663222e-03, 4.67777346e-02, 0.0, -6.04673689e+00, -5.87402766e+00, -6.05462448e+00, -6.43000875e+00, 0.0, 2.0000000000, 8.0000000000, 0.0240159671
         866, -4.23240060e-02, 5.41226938e-02, 3.02300057e-03, 1.71574174e-03, 4.68297736e-02, 0.0, -6.07699950e+00, -5.89825061e+00, -6.07770760e+00, -6.45381597e+00, 0.0, 2.0000000000, 8.0000000000, 0.0243463000
         867, -4.24628147e-02, 5.41838208e-02, 3.02387180e-03, 1.69334209e-03, 4.68813881e-02, 0.0, -6.11036283e+00, -5.92667661e+00, -6.10233541e+00, -6.48105616e+00, 0.0, 2.0000000000, 8.0000000000, 0.0246551355
         868, -4.26432754e-02, 5.42414786e-02, 3.02449492e-03, 1.66979602e-03, 4.69306745e-02, 0.0, -6.14600239e+00, -5.95896688e+00, -6.12805918e+00, -6.51148120e+00, 0.0, 2.0000000000, 8.0000000000, 0.0249648690
         869, -4.28586973e-02, 5.42936739e-02, 3.02483341e-03, 1.64544388e-03, 4.69757064e-02, 0.0, -6.18265100e+00, -5.99439351e+00, -6.15432437e+00, -6.54450855e+00, 0.0, 2.0000000000, 8.0000000000, 0.0252841512
         870, -4.31010255e-02, 5.43382115e-02, 3.02486313e-03, 1.62036194e-03, 4.70142607e-02, 0.0, -6.21866134e+00, -6.03177249e+00, -6.18049891e+00, -6.57919210e+00, 0.0, 2.0000000000, 8.0000000000, 0.0256061991
         871, -4.33628870e-02, 5.43721047e-02, 3.02457060e-03, 1.59376293e-03, 4.70430862e-02, 0.0, -6.25214241e+00, -6.06941431e+00, -6.20590686e+00, -6.61415850e+00, 0.0, 2.0000000000, 8.0000000000, 0.0259151856
         872, -4.36570564e-02, 5.43979879e-02, 3.02396642e-03, 1.56986269e-03, 4.70655599e-02, 0.0, -6.28121809e+00, -6.10526144e+00, -6.22995412e+00, -6.64775752e+00, 0.0, 2.0000000000, 8.0000000000, 0.0262192527
         873, -4.39215567e-02, 5.44362891e-02, 3.02312662e-03, 1.57025712e-03, 4.71062710e-02, 0.0, -6.30593639e+00, -6.13853897e+00, -6.25437218e+00, -6.68088157e+00, 0.0, 2.0000000000, 8.0000000000, 0.0265348832
         874, -4.41585405e-02, 5.44380134e-02, 3.02198680e-03, 1.54703820e-03, 4.71063571e-02, 0.0, -6.32346041e+00, -6.16290761e+00, -6.27235477e+00, -6.69782404e+00, 0.0, 2.0000000000, 8.0000000000, 0.0268480500
         875, -4.43981439e-02, 5.44431170e-02, 3.02059539e-03, 1.54023714e-03, 4.71136055e-02, 0.0, -6.33115571e+00, -6.18120985e+00, -6.28721749e+00, -6.71412221e+00, 0.0, 2.0000000000, 8.0000000000, 0.0271517356
         876, -4.46185307e-02, 5.44354177e-02, 3.01904407e-03, 1.53356264e-03, 4.71083742e-02, 0.0, -6.34593482e+00, -6.19779113e+00, -6.30611515e+00, -6.73189083e+00, 0.0, 2.0000000000, 8.0000000000, 0.0274615328
         877, -4.48337454e-02, 5.44245445e-02, 3.01736139e-03, 1.53572066e-03, 4.71018668e-02, 0.0, -6.35187600e+00, -6.20812572e+00, -6.32138583e+00, -6.74158141e+00, 0.0, 2.0000000000, 8.0000000000, 0.0277651350
         878, -4.50010357e-02, 5.44042229e-02, 3.01563812e-03, 1.53794546e-03, 4.70860225e-02, 0.0, -6.36712963e+00, -6.22070804e+00, -6.34086469e+00, -6.75572937e+00, 0.0, 2.0000000000, 8.0000000000, 0.0281446020
         879, -4.51465073e-02, 5.43807335e-02, 3.01391061e-03, 1.54530430e-03, 4.70678637e-02, 0.0, -6.37773920e+00, -6.23006586e+00, -6.35631273e+00, -6.76358673e+00, 0.0, 2.0000000000, 8.0000000000, 0.0286295493
         880, -4.52539505e-02, 5.43530950e-02, 3.01224571e-03, 1.55478082e-03, 4.70456561e-02, 0.0, -6.39731902e+00, -6.24373069e+00, -6.37668538e+00, -6.77881353e+00, 0.0, 2.0000000000, 8.0000000000, 0.0290990671
         881, -4.53377149e-02, 5.43240677e-02, 3.01067550e-03, 1.56768559e-03, 4.70222800e-02, 0.0, -6.41693837e+00, -6.25825255e+00, -6.39715693e+00, -6.79368913e+00, 0.0, 2.0000000000, 8.0000000000, 0.0294376850
         882, -4.53866629e-02, 5.42937250e-02, 3.00925436e-03, 1.58176403e-03, 4.69973453e-02, 0.0, -6.44327439e+00, -6.27773339e+00, -6.42182230e+00, -6.81502910e+00, 0.0, 2.0000000000, 8.0000000000, 0.0297672669
         883, -4.54063890e-02, 5.42649105e-02, 3.00801868e-03, 1.59810827e-03, 4.69738167e-02, 0.0, -6.46971022e+00, -6.29928422e+00, -6.44697306e+00, -6.83748302e+00, 0.0, 2.0000000000, 8.0000000000, 0.0300780336
         884, -4.53962864e-02, 5.42388488e-02, 3.00700936e-03, 1.61581827e-03, 4.69526940e-02, 0.0, -6.49738920e+00, -6.32333054e+00, -6.47321730e+00, -6.86266052e+00, 0.0, 2.0000000000, 8.0000000000, 0.0304041028
         885, -4.53626383e-02, 5.42239295e-02, 3.00625938e-03, 1.64154065e-03, 4.69436249e-02, 0.0, -6.52188112e+00, -6.34795113e+00, -6.49966566e+00, -6.88930766e+00, 0.0, 2.0000000000, 8.0000000000, 0.0307889660
         886, -4.53107347e-02, 5.42066597e-02, 3.00574979e-03, 1.66168545e-03, 4.69300915e-02, 0.0, -6.53997866e+00, -6.37197969e+00, -6.52666828e+00, -6.91921225e+00, 0.0, 2.0000000000, 8.0000000000, 0.0311188658
         887, -4.52375159e-02, 5.42039858e-02, 3.00552216e-03, 1.68857612e-03, 4.69320816e-02, 0.0, -6.55078451e+00, -6.39270305e+00, -6.55362066e+00, -6.94456264e+00, 0.0, 2.0000000000, 8.0000000000, 0.0314507524
         888, -4.51889321e-02, 5.41834141e-02, 3.00547838e-03, 1.69247976e-03, 4.69107382e-02, 0.0, -6.53650433e+00, -6.39319127e+00, -6.55669691e+00, -6.93749461e+00, 0.0, 2.0000000000, 8.0000000000, 0.0317495028
         889, -4.51155851e-02, 5.41650918e-02, 3.00563961e-03, 1.69032017e-03, 4.68901117e-02, 0.0, -6.54556364e+00, -6.40392623e+00, -6.58269601e+00, -6.95680570e+00, 0.0, 2.0000000000, 8.0000000000, 0.0320544004
         890, -4.50360930e-02, 5.41512987e-02, 3.00600112e-03, 1.68453435e-03, 4.68730967e-02, 0.0, -6.55299732e+00, -6.41350755e+00, -6.60553648e+00, -6.97261415e+00, 0.0, 2.0000000000, 8.0000000000, 0.0323889176
         891, -4.49578400e-02, 5.41465944e-02, 3.00654657e-03, 1.68044105e-03, 4.68654113e-02, 0.0, -6.55969785e+00, -6.41950335e+00, -6.61611924e+00, -6.98124402e+00, 0.0, 2.0000000000, 8.0000000000, 0.0326887687
         892, -4.48788450e-02, 5.41508445e-02, 3.00725052e-03, 1.67901197e-03, 4.68671030e-02, 0.0, -6.56078734e+00, -6.42128363e+00, -6.61864843e+00, -6.98405452e+00, 0.0, 2.0000000000, 8.0000000000, 0.0330821355
         893, -4.48058207e-02, 5.41610440e-02, 3.00807783e-03, 1.67797927e-03, 4.68746818e-02, 0.0, -6.55830308e+00, -6.42015919e+00, -6.62159453e+00, -6.98375640e+00, 0.0, 2.0000000000, 8.0000000000, 0.0335283160
         894, -4.47483021e-02, 5.41746833e-02, 3.00898628e-03, 1.67535283e-03, 4.68852109e-02, 0.0, -6.55827871e+00, -6.41936817e+00, -6.62944985e+00, -6.98542085e+00, 0.0, 2.0000000000, 8.0000000000, 0.0339914838
         895, -4.47071559e-02, 5.41907437e-02, 3.00993649e-03, 1.67067185e-03, 4.68976076e-02, 0.0, -6.56584208e+00, -6.42313757e+00, -6.64398243e+00, -6.99284612e+00, 0.0, 2.0000000000, 8.0000000000, 0.0344611327
         896, -4.46807493e-02, 5.42089426e-02, 3.01089350e-03, 1.66443038e-03, 4.69117934e-02, 0.0, -6.58277640e+00, -6.43356747e+00, -6.66440320e+00, -7.00662297e+00, 0.0, 2.0000000000, 8.0000000000, 0.0349605521
         897, -4.46704771e-02, 5.42288765e-02, 3.01182641e-03, 1.65721499e-03, 4.69276331e-02, 0.0, -6.60816511e+00, -6.45054987e+00, -6.68841388e+00, -7.02556847e+00, 0.0, 2.0000000000, 8.0000000000, 0.0354236007
         898, -4.46788240e-02, 5.42497568e-02, 3.01270805e-03, 1.64927773e-03, 4.69445500e-02, 0.0, -6.64058516e+00, -6.47358335e+00, -6.71468486e+00, -7.04930697e+00, 0.0, 2.0000000000, 8.0000000000, 0.0357387662
         899, -4.47072714e-02, 5.42705755e-02, 3.01351541e-03, 1.64061817e-03, 4.69616725e-02, 0.0, -6.67869029e+00, -6.50237575e+00, -6.74325733e+00, -7.07830385e+00, 0.0, 2.0000000000, 8.0000000000, 0.0360426029
         900, -4.47574549e-02, 5.42904200e-02, 3.01422958e-03, 1.63132128e-03, 4.69781955e-02, 0.0, -6.72081912e+00, -6.53662549e+00, -6.77427050e+00, -7.11301383e+00, 0.0, 2.0000000000, 8.0000000000, 0.0364254514
         901, -4.48079403e-02, 5.43211941e-02, 3.01486454e-03, 1.63391678e-03, 4.70087658e-02, 0.0, -6.76449032e+00, -6.57575957e+00, -6.80769339e+00, -7.15433083e+00, 0.0, 2.0000000000, 8.0000000000, 0.0367576838
         902, -4.48786133e-02, 5.43311860e-02, 3.01534303e-03, 1.61906245e-03, 4.70152939e-02, 0.0, -6.78193404e+00, -6.59937349e+00, -6.81226853e+00, -7.14929867e+00, 0.0, 2.0000000000, 8.0000000000, 0.0370743513
         903, -4.49461500e-02, 5.43405926e-02, 3.01567261e-03, 1.60620163e-03, 4.70223302e-02, 0.0, -6.81044234e+00, -6.63461133e+00, -6.83573660e+00, -7.19058785e+00, 0.0, 2.0000000000, 8.0000000000, 0.0373923341
         904, -4.50317008e-02, 5.43503446e-02, 3.01586302e-03, 1.59847816e-03, 4.70310624e-02, 0.0, -6.82412770e+00, -6.66433946e+00, -6.85733513e+00, -7.22236685e+00, 0.0, 2.0000000000, 8.0000000000, 0.0377093673
         905, -4.51229499e-02, 5.43563380e-02, 3.01592042e-03, 1.59201954e-03, 4.70365921e-02, 0.0, -6.82896555e+00, -6.68620451e+00, -6.87659689e+00, -7.24583738e+00, 0.0, 2.0000000000, 8.0000000000, 0.0380203684
         906, -4.52066711e-02, 5.43590025e-02, 3.01585756e-03, 1.58691188e-03, 4.70393754e-02, 0.0, -6.82181487e+00, -6.69436462e+00, -6.88761496e+00, -7.25365020e+00, 0.0, 2.0000000000, 8.0000000000, 0.0383246501
         907, -4.52796294e-02, 5.43589191e-02, 3.01569004e-03, 1.58350220e-03, 4.70400047e-02, 0.0, -6.81029442e+00, -6.69199576e+00, -6.88985492e+00, -7.25053879e+00, 0.0, 2.0000000000, 8.0000000000, 0.0386321187
         908, -4.53473025e-02, 5.43564700e-02, 3.01542710e-03, 1.58198105e-03, 4.70388359e-02, 0.0, -6.79698763e+00, -6.68265813e+00, -6.88707981e+00, -7.24282412e+00, 0.0, 2.0000000000, 8.0000000000, 0.0389419357
         909, -4.54123147e-02, 5.43515349e-02, 3.01507763e-03, 1.58190325e-03, 4.70356373e-02, 0.0, -6.78600632e+00, -6.67071879e+00, -6.88474827e+00, -7.23465723e+00, 0.0, 2.0000000000, 8.0000000000, 0.0392596523
         910, -4.54748228e-02, 5.43441398e-02, 3.01465625e-03, 1.58283017e-03, 4.70303454e-02, 0.0, -6.77884388e+00, -6.65885682e+00, -6.88453462e+00, -7.22721107e+00, 0.0, 2.0000000000, 8.0000000000, 0.0395638188
         911, -4.55326178e-02, 5.43345511e-02, 3.01418374e-03, 1.58450128e-03, 4.70231514e-02, 0.0, -6.77698243e+00, -6.64939564e+00, -6.88768863e+00, -7.22218647e+00, 0.0, 2.0000000000, 8.0000000000, 0.0399133007
         912, -4.55830660e-02, 5.43231911e-02, 3.01368248e-03, 1.58679715e-03, 4.70143941e-02, 0.0, -6.78140114e+00, -6.64400857e+00, -6.89525757e+00, -7.22117091e+00, 0.0, 2.0000000000, 8.0000000000, 0.0402271827
         913, -4.56239537e-02, 5.43105346e-02, 3.01317264e-03, 1.58965031e-03, 4.70044528e-02, 0.0, -6.79284634e+00, -6.64396586e+00, -6.90822582e+00, -7.22537996e+00, 0.0, 2.0000000000, 8.0000000000, 0.0405376514
         914, -4.56537016e-02, 5.42970630e-02, 3.01267103e-03, 1.59300347e-03, 4.69937159e-02, 0.0, -6.81178667e+00, -6.65023786e+00, -6.92722277e+00, -7.23566899e+00, 0.0, 2.0000000000, 8.0000000000, 0.0408449173
         915, -4.56713239e-02, 5.42832464e-02, 3.01219172e-03, 1.59679567e-03, 4.69825716e-02, 0.0, -6.83835545e+00, -6.66349967e+00, -6.95247525e+00, -7.25255310e+00, 0.0, 2.0000000000, 8.0000000000, 0.0411609332
         916, -4.56764558e-02, 5.42695451e-02, 3.01174702e-03, 1.60096792e-03, 4.69714111e-02, 0.0, -6.87222949e+00, -6.68408235e+00, -6.98382093e+00, -7.27617015e+00, 0.0, 2.0000000000, 8.0000000000, 0.0414677858
         917, -4.56694272e-02, 5.42564163e-02, 3.01134802e-03, 1.60547158e-03, 4.69606338e-02, 0.0, -6.91254967e+00, -6.71200019e+00, -7.02078886e+00, -7.30637325e+00, 0.0, 2.0000000000, 8.0000000000, 0.0417758862
         918, -4.56513236e-02, 5.42443266e-02, 3.01100473e-03, 1.61027622e-03, 4.69506612e-02, 0.0, -6.95768424e+00, -6.74691170e+00, -7.06255437e+00, -7.34273763e+00, 0.0, 2.0000000000, 8.0000000000, 0.0420909166
         919, -4.56239354e-02, 5.42338012e-02, 3.01072609e-03, 1.61541009e-03, 4.69419998e-02, 0.0, -7.00473839e+00, -6.78786074e+00, -7.10762602e+00, -7.38427071e+00, 0.0, 2.0000000000, 8.0000000000, 0.0423958023
         920, -4.55892457e-02, 5.42258283e-02, 3.01052076e-03, 1.62134124e-03, 4.69357330e-02, 0.0, -7.04899437e+00, -6.83272918e+00, -7.15323508e+00, -7.42882375e+00, 0.0, 2.0000000000, 8.0000000000, 0.0427385529
         921, -4.55448442e-02, 5.42193966e-02, 3.01038987e-03, 1.62703135e-03, 4.69305999e-02, 0.0, -7.08391654e+00, -6.87776974e+00, -7.19531036e+00, -7.47369158e+00, 0.0, 2.0000000000, 8.0000000000, 0.0430474679
         922, -4.54982809e-02, 5.42132977e-02, 3.01033118e-03, 1.63067353e-03, 4.69250664e-02, 0.0, -7.11187933e+00, -6.92717191e+00, -7.25555316e+00, -7.53873280e+00, 0.0, 2.0000000000, 8.0000000000, 0.0433683157
         923, -4.54664312e-02, 5.42086665e-02, 3.01034566e-03, 1.63289162e-03, 4.69205138e-02, 0.0, -7.11679457e+00, -6.95488076e+00, -7.27943988e+00, -7.55350120e+00, 0.0, 2.0000000000, 8.0000000000, 0.0436677694
         924, -4.54368349e-02, 5.42058590e-02, 3.01043071e-03, 1.63411568e-03, 4.69174132e-02, 0.0, -7.11512919e+00, -6.96934953e+00, -7.28543600e+00, -7.55828756e+00, 0.0, 2.0000000000, 8.0000000000, 0.0439658523
         925, -4.53999583e-02, 5.42054723e-02, 3.01058322e-03, 1.63509950e-03, 4.69165452e-02, 0.0, -7.10990907e+00, -6.97849085e+00, -7.28647186e+00, -7.56866993e+00, 0.0, 2.0000000000, 8.0000000000, 0.0442459027
         926, -4.53625598e-02, 5.42071657e-02, 3.01079182e-03, 1.63585726e-03, 4.69175867e-02, 0.0, -7.09955208e+00, -6.97863389e+00, -7.28581152e+00, -7.57163192e+00, 0.0, 2.0000000000, 8.0000000000, 0.0445571860
         927, -4.53309634e-02, 5.42102190e-02, 3.01104110e-03, 1.63601753e-03, 4.69197525e-02, 0.0, -7.08898101e+00, -6.97191713e+00, -7.28283065e+00, -7.56722176e+00, 0.0, 2.0000000000, 8.0000000000, 0.0450576345
         928, -4.53050731e-02, 5.42143382e-02, 3.01131869e-03, 1.63554951e-03, 4.69227669e-02, 0.0, -7.08364312e+00, -6.96457084e+00, -7.28193781e+00, -7.56380129e+00, 0.0, 2.0000000000, 8.0000000000, 0.0455251177
         929, -4.52830938e-02, 5.42194158e-02, 3.01161556e-03, 1.63458716e-03, 4.69265874e-02, 0.0, -7.08540617e+00, -6.96013626e+00, -7.28635336e+00, -7.56408044e+00, 0.0, 2.0000000000, 8.0000000000, 0.0459384680
         930, -4.52647917e-02, 5.42253321e-02, 3.01192321e-03, 1.63328034e-03, 4.69311602e-02, 0.0, -7.09486322e+00, -6.96033663e+00, -7.29695911e+00, -7.56875744e+00, 0.0, 2.0000000000, 8.0000000000, 0.0463028510
         931, -4.52511156e-02, 5.42318849e-02, 3.01223207e-03, 1.63171647e-03, 4.69363308e-02, 0.0, -7.11228807e+00, -6.96637109e+00, -7.31384586e+00, -7.57868193e+00, 0.0, 2.0000000000, 8.0000000000, 0.0466021657
         932, -4.52430493e-02, 5.42388104e-02, 3.01253226e-03, 1.62991375e-03, 4.69418694e-02, 0.0, -7.13782642e+00, -6.97919203e+00, -7.33746016e+00, -7.59499712e+00, 0.0, 2.0000000000, 8.0000000000, 0.0469211658
         933, -4.52411385e-02, 5.42458399e-02, 3.01281496e-03, 1.62786946e-03, 4.69475410e-02, 0.0, -7.17118279e+00, -6.99928759e+00, -7.36813978e+00, -7.61839297e+00, 0.0, 2.0000000000, 8.0000000000, 0.0472742995
         934, -4.52454648e-02, 5.42527183e-02, 3.01307305e-03, 1.62558241e-03, 4.69531236e-02, 0.0, -7.21145014e+00, -7.02677396e+00, -7.40555479e+00, -7.64914419e+00, 0.0, 2.0000000000, 8.0000000000, 0.0476641337
         935, -4.52558508e-02, 5.42591733e-02, 3.01330070e-03, 1.62302419e-03, 4.69583661e-02, 0.0, -7.25703151e+00, -7.06157646e+00, -7.44914430e+00, -7.68777002e+00, 0.0, 2.0000000000, 8.0000000000, 0.0479973356
         936, -4.52733889e-02, 5.42657487e-02, 3.01349484e-03, 1.62090985e-03, 4.69639867e-02, 0.0, -7.30541211e+00, -7.10352457e+00, -7.49958005e+00, -7.73625248e+00, 0.0, 2.0000000000, 8.0000000000, 0.0483148336
         937, -4.52875079e-02, 5.42722475e-02, 3.01365278e-03, 1.61953550e-03, 4.69698510e-02, 0.0, -7.35197865e+00, -7.15247405e+00, -7.55981437e+00, -7.79899277e+00, 0.0, 2.0000000000, 8.0000000000, 0.0486177683
         938, -4.53021585e-02, 5.42761771e-02, 3.01376341e-03, 1.61641881e-03, 4.69729431e-02, 0.0, -7.36796942e+00, -7.17653572e+00, -7.55022950e+00, -7.78613177e+00, 0.0, 2.0000000000, 8.0000000000, 0.0489794334
         939, -4.53221970e-02, 5.42800717e-02, 3.01382400e-03, 1.61449735e-03, 4.69763619e-02, 0.0, -7.37842101e+00, -7.20843703e+00, -7.56033596e+00, -7.81538050e+00, 0.0, 2.0000000000, 8.0000000000, 0.0492985845
         940, -4.53456707e-02, 5.42826741e-02, 3.01384036e-03, 1.61260174e-03, 4.69786068e-02, 0.0, -7.38458649e+00, -7.23791251e+00, -7.57498878e+00, -7.84681164e+00, 0.0, 2.0000000000, 8.0000000000, 0.0496018529
         941, -4.53676149e-02, 5.42843199e-02, 3.01381800e-03, 1.61098889e-03, 4.69800718e-02, 0.0, -7.37862779e+00, -7.25627925e+00, -7.59334355e+00, -7.87010907e+00, 0.0, 2.0000000000, 8.0000000000, 0.0499116182
         942, -4.53860415e-02, 5.42852597e-02, 3.01376333e-03, 1.60984264e-03, 4.69810235e-02, 0.0, -7.36598138e+00, -7.25951577e+00, -7.59438812e+00, -7.87229118e+00, 0.0, 2.0000000000, 8.0000000000, 0.0502212167
         943, -4.54023317e-02, 5.42855825e-02, 3.01367921e-03, 1.60921263e-03, 4.69815349e-02, 0.0, -7.35297784e+00, -7.25534882e+00, -7.58584901e+00, -7.86958280e+00, 0.0, 2.0000000000, 8.0000000000, 0.0505282521
         944, -4.54180243e-02, 5.42852307e-02, 3.01356843e-03, 1.60897846e-03, 4.69815068e-02, 0.0, -7.34294239e+00, -7.24797538e+00, -7.57683500e+00, -7.86513722e+00, 0.0, 2.0000000000, 8.0000000000, 0.0508251826
         945, -4.54333484e-02, 5.42841996e-02, 3.01343552e-03, 1.60903203e-03, 4.69809049e-02, 0.0, -7.33762449e+00, -7.24056383e+00, -7.57128535e+00, -7.86071030e+00, 0.0, 2.0000000000, 8.0000000000, 0.0511318326
         946, -4.54475783e-02, 5.42825554e-02, 3.01328687e-03, 1.60931412e-03, 4.69797759e-02, 0.0, -7.33830165e+00, -7.23552179e+00, -7.57122527e+00, -7.85823209e+00, 0.0, 2.0000000000, 8.0000000000, 0.0514378508
         947, -4.54598182e-02, 5.42804024e-02, 3.01312923e-03, 1.60979587e-03, 4.69782039e-02, 0.0, -7.34585437e+00, -7.23468531e+00, -7.57810215e+00, -7.85972413e+00, 0.0, 2.0000000000, 8.0000000000, 0.0517450015
         948, -4.54693601e-02, 5.42778599e-02, 3.01296866e-03, 1.61046256e-03, 4.69762837e-02, 0.0, -7.36090215e+00, -7.23938871e+00, -7.59304012e+00, -7.86664702e+00, 0.0, 2.0000000000, 8.0000000000, 0.0520646850
         949, -4.54757190e-02, 5.42750477e-02, 3.01281021e-03, 1.61130116e-03, 4.69741095e-02, 0.0, -7.38384722e+00, -7.25065945e+00, -7.61664724e+00, -7.88001592e+00, 0.0, 2.0000000000, 8.0000000000, 0.0523773193
         950, -4.54786046e-02, 5.42720832e-02, 3.01265821e-03, 1.61229720e-03, 4.69717757e-02, 0.0, -7.41471420e+00, -7.26921290e+00, -7.64898159e+00, -7.90040227e+00, 0.0, 2.0000000000, 8.0000000000, 0.0527104855
         951, -4.54779248e-02, 5.42690867e-02, 3.01251659e-03, 1.61343967e-03, 4.69693844e-02, 0.0, -7.45300261e+00, -7.29540351e+00, -7.68964631e+00, -7.92796605e+00, 0.0, 2.0000000000, 8.0000000000, 0.0530393163
         952, -4.54738075e-02, 5.42661893e-02, 3.01238901e-03, 1.61472758e-03, 4.69670527e-02, 0.0, -7.49750557e+00, -7.32918015e+00, -7.73777903e+00, -7.96254487e+00, 0.0, 2.0000000000, 8.0000000000, 0.0533627828
         953, -4.54665927e-02, 5.42635493e-02, 3.01227894e-03, 1.61618295e-03, 4.69649325e-02, 0.0, -7.54585631e+00, -7.36989902e+00, -7.79165017e+00, -8.00357858e+00, 0.0, 2.0000000000, 8.0000000000, 0.0536688685
         954, -4.54565331e-02, 5.42614224e-02, 3.01218966e-03, 1.61792405e-03, 4.69632962e-02, 0.0, -7.59380663e+00, -7.41587059e+00, -7.84806818e+00, -8.04995397e+00, 0.0, 2.0000000000, 8.0000000000, 0.0539738695
         955, -4.54450279e-02, 5.42583888e-02, 3.01211968e-03, 1.61846776e-03, 4.69604055e-02, 0.0, -7.63590745e+00, -7.46497769e+00, -7.90776976e+00, -8.10450642e+00, 0.0, 2.0000000000, 8.0000000000, 0.0542910496
         956, -4.54339449e-02, 5.42568426e-02, 3.01207557e-03, 1.61988774e-03, 4.69591149e-02, 0.0, -7.65967545e+00, -7.50352808e+00, -7.93757041e+00, -8.12479885e+00, 0.0, 2.0000000000, 8.0000000000, 0.0546039502
         957, -4.54229123e-02, 5.42557299e-02, 3.01205674e-03, 1.62116115e-03, 4.69581502e-02, 0.0, -7.66282202e+00, -7.52841112e+00, -7.93351622e+00, -8.14016257e+00, 0.0, 2.0000000000, 8.0000000000, 0.0549076994
         958, -4.54113582e-02, 5.42549842e-02, 3.01206164e-03, 1.62212029e-03, 4.69574331e-02, 0.0, -7.65446621e+00, -7.53973707e+00, -7.92248962e+00, -8.14858116e+00, 0.0, 2.0000000000, 8.0000000000, 0.0552222172
         959, -4.53998336e-02, 5.42546606e-02, 3.01208820e-03, 1.62281183e-03, 4.69570384e-02, 0.0, -7.63921523e+00, -7.53908101e+00, -7.90789778e+00, -8.14887450e+00, 0.0, 2.0000000000, 8.0000000000, 0.0555313508
         960, -4.53890995e-02, 5.42547332e-02, 3.01213357e-03, 1.62324981e-03, 4.69569493e-02, 0.0, -7.62160522e+00, -7.52898088e+00, -7.88948830e+00, -8.14065110e+00, 0.0, 2.0000000000, 8.0000000000, 0.0558326523
         961, -4.53792422e-02, 5.42551835e-02, 3.01219479e-03, 1.62346279e-03, 4.69571617e-02, 0.0, -7.60594586e+00, -7.51432489e+00, -7.86935610e+00, -8.12862305e+00, 0.0, 2.0000000000, 8.0000000000, 0.0561458826
         962, -4.53700444e-02, 5.42560007e-02, 3.01226904e-03, 1.62349061e-03, 4.69576822e-02, 0.0, -7.59464345e+00, -7.49913798e+00, -7.85138666e+00, -8.11652488e+00, 0.0, 2.0000000000, 8.0000000000, 0.0564655662
         963, -4.53614743e-02, 5.42571617e-02, 3.01235337e-03, 1.62336839e-03, 4.69585030e-02, 0.0, -7.58910320e+00, -7.48623099e+00, -7.83880167e+00, -8.10674326e+00, 0.0, 2.0000000000, 8.0000000000, 0.0567744851
         964, -4.53537718e-02, 5.42586247e-02, 3.01244462e-03, 1.62312128e-03, 4.69595939e-02, 0.0, -7.59036251e+00, -7.47770509e+00, -7.83378692e+00, -8.10119352e+00, 0.0, 2.0000000000, 8.0000000000, 0.0570950826
         965, -4.53473095e-02, 5.42603329e-02, 3.01253952e-03, 1.62276519e-03, 4.69609083e-02, 0.0, -7.59918278e+00, -7.47510504e+00, -7.83766581e+00, -8.10142385e+00, 0.0, 2.0000000000, 8.0000000000, 0.0574142337
         966, -4.53424493e-02, 5.42622208e-02, 3.01263498e-03, 1.62231024e-03, 4.69623910e-02, 0.0, -7.61600772e+00, -7.47944438e+00, -7.85096536e+00, -8.10846581e+00, 0.0, 2.0000000000, 8.0000000000, 0.0577202360
         967, -4.53394625e-02, 5.42642204e-02, 3.01272824e-03, 1.62176413e-03, 4.69639852e-02, 0.0, -7.64094596e+00, -7.49131848e+00, -7.87356769e+00, -8.12288401e+00, 0.0, 2.0000000000, 8.0000000000, 0.0580277165
         968, -4.53384965e-02, 5.42662626e-02, 3.01281690e-03, 1.62113306e-03, 4.69656330e-02, 0.0, -7.67375300e+00, -7.51105415e+00, -7.90502717e+00, -8.14497552e+00, 0.0, 2.0000000000, 8.0000000000, 0.0583415349
         969, -4.53395650e-02, 5.42682746e-02, 3.01289877e-03, 1.62041966e-03, 4.69672711e-02, 0.0, -7.71373206e+00, -7.53878056e+00, -7.94481278e+00, -8.17491465e+00, 0.0, 2.0000000000, 8.0000000000, 0.0586524010
         970, -4.53425583e-02, 5.42701739e-02, 3.01297183e-03, 1.61961777e-03, 4.69688232e-02, 0.0, -7.75944912e+00, -7.57435937e+00, -7.99220823e+00, -8.21276486e+00, 0.0, 2.0000000000, 8.0000000000, 0.0589636008
         971, -4.53473219e-02, 5.42718498e-02, 3.01303416e-03, 1.61869453e-03, 4.69701778e-02, 0.0, -7.80817329e+00, -7.61714123e+00, -8.04597423e+00, -8.25847984e+00, 0.0, 2.0000000000, 8.0000000000, 0.0592821519
         972, -4.53538672e-02, 5.42738019e-02, 3.01308553e-03, 1.61817974e-03, 4.69719538e-02, 0.0, -7.85543798e+00, -7.66588984e+00, -8.10599370e+00, -8.31354213e+00, 0.0, 2.0000000000, 8.0000000000, 0.0595848163
         973, -4.53601679e-02, 5.42751345e-02, 3.01312315e-03, 1.61738145e-03, 4.69730984e-02, 0.0, -7.89322921e+00, -7.71658744e+00, -8.16749855e+00, -8.36666344e+00, 0.0, 2.0000000000, 8.0000000000, 0.0598919829
         974, -4.53655866e-02, 5.42760469e-02, 3.01314642e-03, 1.61649728e-03, 4.69738560e-02, 0.0, -7.90519569e+00, -7.74770110e+00, -8.16831409e+00, -8.37751515e+00, 0.0, 2.0000000000, 8.0000000000, 0.0602013508
         975, -4.53721151e-02, 5.42768239e-02, 3.01315511e-03, 1.61589076e-03, 4.69745705e-02, 0.0, -7.89981714e+00, -7.76677840e+00, -8.15723539e+00, -8.38741164e+00, 0.0, 2.0000000000, 8.0000000000, 0.0605068008
         976, -4.53794488e-02, 5.42772660e-02, 3.01315001e-03, 1.61538977e-03, 4.69750018e-02, 0.0, -7.88901007e+00, -7.77815626e+00, -8.14849768e+00, -8.39954586e+00, 0.0, 2.0000000000, 8.0000000000, 0.0608118335
         977, -4.53864078e-02, 5.42774277e-02, 3.01313295e-03, 1.61501388e-03, 4.69752082e-02, 0.0, -7.87064083e+00, -7.77582323e+00, -8.13749710e+00, -8.39745088e+00, 0.0, 2.0000000000, 8.0000000000, 0.0611152331
         978, -4.53925563e-02, 5.42773686e-02, 3.01310601e-03, 1.61479045e-03, 4.69752509e-02, 0.0, -7.85138553e+00, -7.76347489e+00, -8.11926253e+00, -8.38486394e+00, 0.0, 2.0000000000, 8.0000000000, 0.0615737995
         979, -4.53981889e-02, 5.42770914e-02, 3.01307068e-03, 1.61469766e-03, 4.69751221e-02, 0.0, -7.83560702e+00, -7.74765730e+00, -8.09905641e+00, -8.37043330e+00, 0.0, 2.0000000000, 8.0000000000, 0.0620313168
         980, -4.54036136e-02, 5.42765927e-02, 3.01302828e-03, 1.61470355e-03, 4.69748063e-02, 0.0, -7.82491059e+00, -7.73199196e+00, -8.08200380e+00, -8.35670996e+00, 0.0, 2.0000000000, 8.0000000000, 0.0624754826
         981, -4.54088009e-02, 5.42758853e-02, 3.01298044e-03, 1.61478473e-03, 4.69743076e-02, 0.0, -7.82033680e+00, -7.71894856e+00, -8.07086714e+00, -8.34547755e+00, 0.0, 2.0000000000, 8.0000000000, 0.0628322681
         982, -4.54134991e-02, 5.42749978e-02, 3.01292908e-03, 1.61492821e-03, 4.69736484e-02, 0.0, -7.82272107e+00, -7.71044368e+00, -8.06730945e+00, -8.33857669e+00, 0.0, 2.0000000000, 8.0000000000, 0.0631704489
         983, -4.54174310e-02, 5.42739684e-02, 3.01287615e-03, 1.61512825e-03, 4.69728612e-02, 0.0, -7.83267565e+00, -7.70786317e+00, -8.07237101e+00, -8.33751111e+00, 0.0, 2.0000000000, 8.0000000000, 0.0634801189
         984, -4.54203821e-02, 5.42728375e-02, 3.01282334e-03, 1.61538175e-03, 4.69719795e-02, 0.0, -7.85053978e+00, -7.71208002e+00, -8.08642278e+00, -8.34319388e+00, 0.0, 2.0000000000, 8.0000000000, 0.0637978514
         985, -4.54222165e-02, 5.42716443e-02, 3.01277210e-03, 1.61568518e-03, 4.69710353e-02, 0.0, -7.87636745e+00, -7.72361755e+00, -8.10924502e+00, -8.35608979e+00, 0.0, 2.0000000000, 8.0000000000, 0.0641975164
         986, -4.54228740e-02, 5.42704274e-02, 3.01272367e-03, 1.61603472e-03, 4.69700600e-02, 0.0, -7.90990860e+00, -7.74279344e+00, -8.14037660e+00, -8.37644940e+00, 0.0, 2.0000000000, 8.0000000000, 0.0645283858
         987, -4.54223664e-02, 5.42692265e-02, 3.01267920e-03, 1.61642799e-03, 4.69690879e-02, 0.0, -7.95052925e+00, -7.76976311e+00, -8.17937131e+00, -8.40443740e+00, 0.0, 2.0000000000, 8.0000000000, 0.0648643176
         988, -4.54207697e-02, 5.42680857e-02, 3.01263980e-03, 1.61686601e-03, 4.69681585e-02, 0.0, -7.99696440e+00, -7.80445965e+00, -8.22565375e+00, -8.44014263e+00, 0.0, 2.0000000000, 8.0000000000, 0.0652035356
         989, -4.54182012e-02, 5.42670591e-02, 3.01260651e-03, 1.61735879e-03, 4.69673248e-02, 0.0, -8.04678872e+00, -7.84639152e+00, -8.27806879e+00, -8.48353012e+00, 0.0, 2.0000000000, 8.0000000000, 0.0655084014
         990, -4.54146342e-02, 5.42661877e-02, 3.01258019e-03, 1.61791012e-03, 4.69666257e-02, 0.0, -8.09576010e+00, -7.89434412e+00, -8.33508059e+00, -8.53487743e+00, 0.0, 2.0000000000, 8.0000000000, 0.0658641855
         991, -4.54110052e-02, 5.42650866e-02, 3.01256038e-03, 1.61808535e-03, 4.69655851e-02, 0.0, -8.13945047e+00, -7.94843674e+00, -8.40705743e+00, -8.60362941e+00, 0.0, 2.0000000000, 8.0000000000, 0.0661702355
         992, -4.54076514e-02, 5.42645130e-02, 3.01254912e-03, 1.61857251e-03, 4.69651104e-02, 0.0, -8.15688398e+00, -7.98291399e+00, -8.41340086e+00, -8.60891282e+00, 0.0, 2.0000000000, 8.0000000000, 0.0664742668
         993, -4.54038304e-02, 5.42640544e-02, 3.01254636e-03, 1.61895186e-03, 4.69647024e-02, 0.0, -8.15629724e+00, -8.01016840e+00, -8.40769575e+00, -8.62983156e+00, 0.0, 2.0000000000, 8.0000000000, 0.0667937517
         994, -4.53997510e-02, 5.42637728e-02, 3.01255129e-03, 1.61925933e-03, 4.69644363e-02, 0.0, -8.14812744e+00, -8.02652012e+00, -8.40185504e+00, -8.64601592e+00, 0.0, 2.0000000000, 8.0000000000, 0.0671086669
         995, -4.53958252e-02, 5.42636466e-02, 3.01256303e-03, 1.61948101e-03, 4.69642901e-02, 0.0, -8.13143232e+00, -8.02918842e+00, -8.39306694e+00, -8.65044796e+00, 0.0, 2.0000000000, 8.0000000000, 0.0674182693
         996, -4.53922803e-02, 5.42636587e-02, 3.01258051e-03, 1.61961703e-03, 4.69642497e-02, 0.0, -8.11282195e+00, -8.02055871e+00, -8.37708482e+00, -8.64255851e+00, 0.0, 2.0000000000, 8.0000000000, 0.0677259008
         997, -4.53890174e-02, 5.42638015e-02, 3.01260286e-03, 1.61967678e-03, 4.69643126e-02, 0.0, -8.09656541e+00, -8.00670672e+00, -8.35764401e+00, -8.63009268e+00, 0.0, 2.0000000000, 8.0000000000, 0.0680330992
         998, -4.53859142e-02, 5.42640733e-02, 3.01262926e-03, 1.61967682e-03, 4.69644836e-02, 0.0, -8.08512932e+00, -7.99194664e+00, -8.34038792e+00, -8.61706647e+00, 0.0, 2.0000000000, 8.0000000000, 0.0683453004
         999, -4.53829864e-02, 5.42644659e-02, 3.01265875e-03, 1.61963048e-03, 4.69647597e-02, 0.0, -8.07982080e+00, -7.97920841e+00, -8.32866470e+00, -8.60596121e+00, 0.0, 2.0000000000, 8.0000000000, 0.0686845183
        1000, -4.53803522e-02, 5.42649629e-02, 3.01269026e-03, 1.61954596e-03, 4.69651285e-02, 0.0, -8.08166027e+00, -7.97072272e+00, -8.32458152e+00, -8.59898829e+00, 0.0, 2.0000000000, 8.0000000000, 0.0689981341
        1001, -4.53781522e-02, 5.42655430e-02, 3.01272269e-03, 1.61942746e-03, 4.69655720e-02, 0.0, -8.09135366e+00, -7.96808684e+00, -8.32933738e+00, -8.59788900e+00, 0.0, 2.0000000000, 8.0000000000, 0.0693029006
        1002, -4.53765034e-02, 5.42661826e-02, 3.01275504e-03, 1.61927730e-03, 4.69660705e-02, 0.0, -8.10928187e+00, -7.97231428e+00, -8.34334534e+00, -8.60372797e+00, 0.0, 2.0000000000, 8.0000000000, 0.0696137349
        1003, -4.53754844e-02, 5.42668582e-02, 3.01278643e-03, 1.61909757e-03, 4.69666046e-02, 0.0, -8.13549085e+00, -7.98399719e+00, -8.36638030e+00, -8.61704521e+00, 0.0, 2.0000000000, 8.0000000000, 0.0699321826
        1004, -4.53751304e-02, 5.42675464e-02, 3.01281613e-03, 1.61889011e-03, 4.69671549e-02, 0.0, -8.16965829e+00, -8.00345254e+00, -8.39794325e+00, -8.63811423e+00, 0.0, 2.0000000000, 8.0000000000, 0.0702323993
        1005, -4.53754346e-02, 5.42682228e-02, 3.01284343e-03, 1.61865554e-03, 4.69677001e-02, 0.0, -8.21097847e+00, -8.03077356e+00, -8.43753111e+00, -8.66710499e+00, 0.0, 2.0000000000, 8.0000000000, 0.0705435832
        1006, -4.53763559e-02, 5.42688596e-02, 3.01286770e-03, 1.61839121e-03, 4.69682145e-02, 0.0, -8.25787382e+00, -8.06577980e+00, -8.48460409e+00, -8.70418928e+00, 0.0, 2.0000000000, 8.0000000000, 0.0708464026
        1007, -4.53778664e-02, 5.42694243e-02, 3.01288834e-03, 1.61808803e-03, 4.69686659e-02, 0.0, -8.30750015e+00, -8.10790289e+00, -8.53872801e+00, -8.74997268e+00, 0.0, 2.0000000000, 8.0000000000, 0.0711548845
        1008, -4.53796287e-02, 5.42701933e-02, 3.01290555e-03, 1.61803930e-03, 4.69693948e-02, 0.0, -8.35597570e+00, -8.15699387e+00, -8.60480489e+00, -8.81008810e+00, 0.0, 2.0000000000, 8.0000000000, 0.0714703361
        1009, -4.53813961e-02, 5.42705844e-02, 3.01291772e-03, 1.61772841e-03, 4.69697052e-02, 0.0, -8.38250636e+00, -8.19409346e+00, -8.62494812e+00, -8.82098078e+00, 0.0, 2.0000000000, 8.0000000000, 0.0717726827
        1010, -4.53833064e-02, 5.42709121e-02, 3.01292498e-03, 1.61745988e-03, 4.69699784e-02, 0.0, -8.39313421e+00, -8.22560115e+00, -8.62948662e+00, -8.84553726e+00, 0.0, 2.0000000000, 8.0000000000, 0.0720827023
        1011, -4.53854916e-02, 5.42711592e-02, 3.01292753e-03, 1.61724538e-03, 4.69701947e-02, 0.0, -8.39203074e+00, -8.24944294e+00, -8.63506319e+00, -8.86919924e+00, 0.0, 2.0000000000, 8.0000000000, 0.0723914186
        1012, -4.53877258e-02, 5.42713093e-02, 3.01292573e-03, 1.61707210e-03, 4.69703335e-02, 0.0, -8.38019276e+00, -8.26182892e+00, -8.63617364e+00, -8.88460295e+00, 0.0, 2.0000000000, 8.0000000000, 0.0727366328
        1013, -4.53897680e-02, 5.42713821e-02, 3.01292011e-03, 1.61695184e-03, 4.69704157e-02, 0.0, -8.36153340e+00, -8.25998261e+00, -8.62703527e+00, -8.88401711e+00, 0.0, 2.0000000000, 8.0000000000, 0.0730613828
        1014, -4.53916220e-02, 5.42713836e-02, 3.01291118e-03, 1.61688320e-03, 4.69704459e-02, 0.0, -8.34304944e+00, -8.24969619e+00, -8.61005249e+00, -8.87544129e+00, 0.0, 2.0000000000, 8.0000000000, 0.0733779192
        1015, -4.53933875e-02, 5.42713109e-02, 3.01289935e-03, 1.61685484e-03, 4.69704169e-02, 0.0, -8.32818226e+00, -8.23626476e+00, -8.59180377e+00, -8.86445845e+00, 0.0, 2.0000000000, 8.0000000000, 0.0736926993
        1016, -4.53951010e-02, 5.42711642e-02, 3.01288511e-03, 1.61685668e-03, 4.69703254e-02, 0.0, -8.31836479e+00, -8.22285664e+00, -8.57669046e+00, -8.85337866e+00, 0.0, 2.0000000000, 8.0000000000, 0.0740047852
        1017, -4.53967181e-02, 5.42709496e-02, 3.01286905e-03, 1.61688237e-03, 4.69701749e-02, 0.0, -8.31464321e+00, -8.21183603e+00, -8.56725508e+00, -8.84425615e+00, 0.0, 2.0000000000, 8.0000000000, 0.0743042509
        1018, -4.53981600e-02, 5.42706775e-02, 3.01285181e-03, 1.61692848e-03, 4.69699737e-02, 0.0, -8.31790555e+00, -8.20513439e+00, -8.56523563e+00, -8.83916179e+00, 0.0, 2.0000000000, 8.0000000000, 0.0746365190
        1019, -4.53993488e-02, 5.42703601e-02, 3.01283397e-03, 1.61699330e-03, 4.69697317e-02, 0.0, -8.32884812e+00, -8.20421021e+00, -8.57181536e+00, -8.83976252e+00, 0.0, 2.0000000000, 8.0000000000, 0.0749496500
        1020, -4.54002218e-02, 5.42700103e-02, 3.01281609e-03, 1.61707564e-03, 4.69694597e-02, 0.0, -8.34790061e+00, -8.21005295e+00, -8.58747471e+00, -8.84712073e+00, 0.0, 2.0000000000, 8.0000000000, 0.0752560019
        1021, -4.54007357e-02, 5.42696406e-02, 3.01279860e-03, 1.61717427e-03, 4.69691678e-02, 0.0, -8.37518573e+00, -8.22329173e+00, -8.61206966e+00, -8.86181075e+00, 0.0, 2.0000000000, 8.0000000000, 0.0755730510
        1022, -4.54008701e-02, 5.42692638e-02, 3.01278195e-03, 1.61728819e-03, 4.69688667e-02, 0.0, -8.41050419e+00, -8.24431138e+00, -8.64518588e+00, -8.88415982e+00, 0.0, 2.0000000000, 8.0000000000, 0.0758852323
        1023, -4.54006284e-02, 5.42688931e-02, 3.01276650e-03, 1.61741711e-03, 4.69685680e-02, 0.0, -8.45324355e+00, -8.27330147e+00, -8.68638840e+00, -8.91441190e+00, 0.0, 2.0000000000, 8.0000000000, 0.0761921326
        1024, -4.54000331e-02, 5.42685438e-02, 3.01275264e-03, 1.61756226e-03, 4.69682855e-02, 0.0, -8.50207286e+00, -8.31020375e+00, -8.73512639e+00, -8.95280201e+00, 0.0, 2.0000000000, 8.0000000000, 0.0765004516
        1025, -4.53990961e-02, 5.42682326e-02, 3.01274072e-03, 1.61772738e-03, 4.69680358e-02, 0.0, -8.55435485e+00, -8.35455064e+00, -8.79068487e+00, -8.99984514e+00, 0.0, 2.0000000000, 8.0000000000, 0.0768302520
        1026, -4.53980726e-02, 5.42678102e-02, 3.01273063e-03, 1.61775224e-03, 4.69676344e-02, 0.0, -8.60600081e+00, -8.40593445e+00, -8.85623337e+00, -9.05996890e+00, 0.0, 2.0000000000, 8.0000000000, 0.0772010525
        1027, -4.53970051e-02, 5.42676086e-02, 3.01272334e-03, 1.61793576e-03, 4.69674787e-02, 0.0, -8.63330689e+00, -8.44359373e+00, -8.86890873e+00, -9.06596493e+00, 0.0, 2.0000000000, 8.0000000000, 0.0776898861
        1028, -4.53958209e-02, 5.42674380e-02, 3.01271878e-03, 1.61809120e-03, 4.69673381e-02, 0.0, -8.64844371e+00, -8.48033809e+00, -8.87983759e+00, -9.09925971e+00, 0.0, 2.0000000000, 8.0000000000, 0.0781286518
        1029, -4.53945165e-02, 5.42673124e-02, 3.01271679e-03, 1.61821689e-03, 4.69672293e-02, 0.0, -8.64926376e+00, -8.50706437e+00, -8.88868969e+00, -9.12531176e+00, 0.0, 2.0000000000, 8.0000000000, 0.0785585523
        1030, -4.53932224e-02, 5.42672368e-02, 3.01271718e-03, 1.61831571e-03, 4.69671587e-02, 0.0, -8.63721583e+00, -8.51988426e+00, -8.88974731e+00, -9.13991112e+00, 0.0, 2.0000000000, 8.0000000000, 0.0789165179
        1031, -4.53920477e-02, 5.42672034e-02, 3.01271969e-03, 1.61838393e-03, 4.69671184e-02, 0.0, -8.61760247e+00, -8.51694017e+00, -8.87772873e+00, -9.13707880e+00, 0.0, 2.0000000000, 8.0000000000, 0.0792600989
        1032, -4.53909737e-02, 5.42672099e-02, 3.01272407e-03, 1.61842352e-03, 4.69671073e-02, 0.0, -8.59761388e+00, -8.50476211e+00, -8.85758431e+00, -9.12614218e+00, 0.0, 2.0000000000, 8.0000000000, 0.0795785507
        1033, -4.53899435e-02, 5.42672581e-02, 3.01273010e-03, 1.61844107e-03, 4.69671296e-02, 0.0, -8.58083844e+00, -8.48879776e+00, -8.83631153e+00, -9.11242291e+00, 0.0, 2.0000000000, 8.0000000000, 0.0798995852
        1034, -4.53889371e-02, 5.42673477e-02, 3.01273752e-03, 1.61844208e-03, 4.69671869e-02, 0.0, -8.56889236e+00, -8.47253469e+00, -8.81820876e+00, -9.09847385e+00, 0.0, 2.0000000000, 8.0000000000, 0.0802128990
        1035, -4.53879781e-02, 5.42674754e-02, 3.01274600e-03, 1.61842996e-03, 4.69672773e-02, 0.0, -8.56292645e+00, -8.45856536e+00, -8.80583755e+00, -9.08653365e+00, 0.0, 2.0000000000, 8.0000000000, 0.0805438836
        1036, -4.53871095e-02, 5.42676356e-02, 3.01275518e-03, 1.61840658e-03, 4.69673963e-02, 0.0, -8.56387541e+00, -8.44893314e+00, -8.80095959e+00, -9.07873516e+00, 0.0, 2.0000000000, 8.0000000000, 0.0809513172
        1037, -4.53863756e-02, 5.42678214e-02, 3.01276472e-03, 1.61837289e-03, 4.69675383e-02, 0.0, -8.57245885e+00, -8.44513197e+00, -8.80473235e+00, -9.07673039e+00, 0.0, 2.0000000000, 8.0000000000, 0.0813016494
        1038, -4.53858133e-02, 5.42680257e-02, 3.01277433e-03, 1.61832958e-03, 4.69676975e-02, 0.0, -8.58912511e+00, -8.44814957e+00, -8.81760267e+00, -9.08155438e+00, 0.0, 2.0000000000, 8.0000000000, 0.0816231847
        1039, -4.53854485e-02, 5.42682416e-02, 3.01278376e-03, 1.61827735e-03, 4.69678682e-02, 0.0, -8.61400586e+00, -8.45857653e+00, -8.83940380e+00, -9.09372198e+00, 0.0, 2.0000000000, 8.0000000000, 0.0819296360
        1040, -4.53852946e-02, 5.42684623e-02, 3.01279277e-03, 1.61821691e-03, 4.69680446e-02, 0.0, -8.64691691e+00, -8.47673291e+00, -8.86969466e+00, -9.11344842e+00, 0.0, 2.0000000000, 8.0000000000, 0.0822401166
        1041, -4.53853515e-02, 5.42686805e-02, 3.01280115e-03, 1.61814871e-03, 4.69682208e-02, 0.0, -8.68733537e+00, -8.50276056e+00, -8.90804676e+00, -9.14084542e+00, 0.0, 2.0000000000, 8.0000000000, 0.0826413194
        1042, -4.53856063e-02, 5.42688888e-02, 3.01280871e-03, 1.61807272e-03, 4.69683900e-02, 0.0, -8.73421267e+00, -8.53663016e+00, -8.95402336e+00, -9.17600937e+00, 0.0, 2.0000000000, 8.0000000000, 0.0829659343
        1043, -4.53860381e-02, 5.42690781e-02, 3.01281525e-03, 1.61798765e-03, 4.69685435e-02, 0.0, -8.78549208e+00, -8.57799758e+00, -9.00688106e+00, -9.21901599e+00, 0.0, 2.0000000000, 8.0000000000, 0.0832807342
        1044, -4.53866428e-02, 5.42692387e-02, 3.01282061e-03, 1.61789052e-03, 4.69686714e-02, 0.0, -8.83740048e+00, -8.62593536e+00, -9.06565611e+00, -9.27025670e+00, 0.0, 2.0000000000, 8.0000000000, 0.0835762858
        1045, -4.53872758e-02, 5.42694454e-02, 3.01282486e-03, 1.61786279e-03, 4.69688660e-02, 0.0, -8.88520282e+00, -8.68022829e+00, -9.13762893e+00, -9.33719776e+00, 0.0, 2.0000000000, 8.0000000000, 0.0845400333
        1046, -4.53878714e-02, 5.42695568e-02, 3.01282760e-03, 1.61777905e-03, 4.69689580e-02, 0.0, -8.90904677e+00, -8.71928531e+00, -9.15547843e+00, -9.34920989e+00, 0.0, 2.0000000000, 8.0000000000, 0.0848348180
        1047, -4.53885314e-02, 5.42696425e-02, 3.01282886e-03, 1.61770787e-03, 4.69690319e-02, 0.0, -8.91402093e+00, -8.75102094e+00, -9.15783066e+00, -9.37353279e+00, 0.0, 2.0000000000, 8.0000000000, 0.0851414005
        1048, -4.53892436e-02, 5.42696983e-02, 3.01282874e-03, 1.61764980e-03, 4.69690822e-02, 0.0, -8.90827746e+00, -8.77217968e+00, -9.15777263e+00, -9.39405389e+00, 0.0, 2.0000000000, 8.0000000000, 0.0854702195
        1049, -4.53899308e-02, 5.42697264e-02, 3.01282738e-03, 1.61760653e-03, 4.69691111e-02, 0.0, -8.89273440e+00, -8.77932835e+00, -9.15288949e+00, -9.40272837e+00, 0.0, 2.0000000000, 8.0000000000, 0.0857758164
        1050, -4.53905493e-02, 5.42697312e-02, 3.01282497e-03, 1.61757940e-03, 4.69691229e-02, 0.0, -8.87353623e+00, -8.77372777e+00, -9.13907186e+00, -9.39795329e+00, 0.0, 2.0000000000, 8.0000000000, 0.0860809843
        1051, -4.53911150e-02, 5.42697136e-02, 3.01282164e-03, 1.61756628e-03, 4.69691174e-02, 0.0, -8.85622438e+00, -8.76168169e+00, -9.12063644e+00, -9.38759062e+00, 0.0, 2.0000000000, 8.0000000000, 0.0863770008
        1052, -4.53916534e-02, 5.42696736e-02, 3.01281755e-03, 1.61756378e-03, 4.69690934e-02, 0.0, -8.84342777e+00, -8.74780254e+00, -9.10324759e+00, -9.37579332e+00, 0.0, 2.0000000000, 8.0000000000, 0.0866840164
        1053, -4.53921663e-02, 5.42696121e-02, 3.01281285e-03, 1.61756930e-03, 4.69690509e-02, 0.0, -8.83646932e+00, -8.73513512e+00, -9.09046646e+00, -9.36504145e+00, 0.0, 2.0000000000, 8.0000000000, 0.0869936188
        1054, -4.53926356e-02, 5.42695319e-02, 3.01280773e-03, 1.61758130e-03, 4.69689920e-02, 0.0, -8.83635309e+00, -8.72600307e+00, -9.08457897e+00, -9.35758551e+00, 0.0, 2.0000000000, 8.0000000000, 0.0872895996
        1055, -4.53930371e-02, 5.42694366e-02, 3.01280238e-03, 1.61759901e-03, 4.69689196e-02, 0.0, -8.84385535e+00, -8.72217289e+00, -9.08707460e+00, -9.35535173e+00, 0.0, 2.0000000000, 8.0000000000, 0.0876123508
        1056, -4.53933496e-02, 5.42693302e-02, 3.01279698e-03, 1.61762200e-03, 4.69688369e-02, 0.0, -8.85948517e+00, -8.72485315e+00, -9.09870396e+00, -9.35965310e+00, 0.0, 2.0000000000, 8.0000000000, 0.0879326502
        1057, -4.53935577e-02, 5.42692165e-02, 3.01279167e-03, 1.61764994e-03, 4.69687474e-02, 0.0, -8.88344167e+00, -8.73479127e+00, -9.11949525e+00, -9.37121237e+00, 0.0, 2.0000000000, 8.0000000000, 0.0882517497
        1058, -4.53936527e-02, 5.42690996e-02, 3.01278659e-03, 1.61768250e-03, 4.69686541e-02, 0.0, -8.91558840e+00, -8.75241784e+00, -9.14904364e+00, -9.39038656e+00, 0.0, 2.0000000000, 8.0000000000, 0.0885519028
        1059, -4.53936332e-02, 5.42689832e-02, 3.01278185e-03, 1.61771946e-03, 4.69685604e-02, 0.0, -8.95540369e+00, -8.77794483e+00, -9.18686593e+00, -9.41738526e+00, 0.0, 2.0000000000, 8.0000000000, 0.0888540347
        1060, -4.53935048e-02, 5.42688717e-02, 3.01277756e-03, 1.61776097e-03, 4.69684702e-02, 0.0, -9.00178944e+00, -8.81136851e+00, -9.23247261e+00, -9.45238496e+00, 0.0, 2.0000000000, 8.0000000000, 0.0891384164
        1061, -4.53932761e-02, 5.42687702e-02, 3.01277384e-03, 1.61780796e-03, 4.69683882e-02, 0.0, -9.05262071e+00, -8.85235407e+00, -9.28520921e+00, -9.49565959e+00, 0.0, 2.0000000000, 8.0000000000, 0.0894407829
        1062, -4.53929329e-02, 5.42686689e-02, 3.01277073e-03, 1.61784826e-03, 4.69683020e-02, 0.0, -9.10423686e+00, -8.90019974e+00, -9.34537885e+00, -9.54881040e+00, 0.0, 2.0000000000, 8.0000000000, 0.0897558848
        1063, -4.53926210e-02, 5.42685709e-02, 3.01276828e-03, 1.61787615e-03, 4.69682135e-02, 0.0, -9.15170908e+00, -8.95493513e+00, -9.42133876e+00, -9.61798260e+00, 0.0, 2.0000000000, 8.0000000000, 0.0900505344
        1064, -4.53923571e-02, 5.42685124e-02, 3.01276666e-03, 1.61792554e-03, 4.69681662e-02, 0.0, -9.16777136e+00, -8.98549971e+00, -9.41549074e+00, -9.61407632e+00, 0.0, 2.0000000000, 8.0000000000, 0.0903399666
        1065, -4.53920033e-02, 5.42684601e-02, 3.01276588e-03, 1.61795947e-03, 4.69681196e-02, 0.0, -9.16771942e+00, -9.01135699e+00, -9.40750724e+00, -9.63105110e+00, 0.0, 2.0000000000, 8.0000000000, 0.0906586329
        1066, -4.53915944e-02, 5.42684279e-02, 3.01276589e-03, 1.61798990e-03, 4.69680905e-02, 0.0, -9.16296479e+00, -9.03219825e+00, -9.40736850e+00, -9.65413802e+00, 0.0, 2.0000000000, 8.0000000000, 0.0909489353
        1067, -4.53912103e-02, 5.42684116e-02, 3.01276657e-03, 1.61801400e-03, 4.69680742e-02, 0.0, -9.14763206e+00, -9.03898767e+00, -9.40708708e+00, -9.66384812e+00, 0.0, 2.0000000000, 8.0000000000, 0.0912474354
        1068, -4.53908809e-02, 5.42684073e-02, 3.01276781e-03, 1.61802944e-03, 4.69680664e-02, 0.0, -9.12873399e+00, -9.03231471e+00, -9.39446555e+00, -9.65742242e+00, 0.0, 2.0000000000, 8.0000000000, 0.0916397492
        1069, -4.53905834e-02, 5.42684146e-02, 3.01276954e-03, 1.61803700e-03, 4.69680674e-02, 0.0, -9.11186357e+00, -9.01978766e+00, -9.37567447e+00, -9.64671227e+00, 0.0, 2.0000000000, 8.0000000000, 0.0919501344
        1070, -4.53902944e-02, 5.42684340e-02, 3.01277171e-03, 1.61803867e-03, 4.69680784e-02, 0.0, -9.09941544e+00, -9.00579931e+00, -9.35819646e+00, -9.63516394e+00, 0.0, 2.0000000000, 8.0000000000, 0.0922517657
        1071, -4.53900132e-02, 5.42684653e-02, 3.01277424e-03, 1.61803596e-03, 4.69680996e-02, 0.0, -9.09271161e+00, -8.99326366e+00, -9.34574831e+00, -9.62474818e+00, 0.0, 2.0000000000, 8.0000000000, 0.0926188668
        1072, -4.53897534e-02, 5.42685069e-02, 3.01277702e-03, 1.61802970e-03, 4.69681300e-02, 0.0, -9.09278698e+00, -8.98441813e+00, -9.34042683e+00, -9.61760017e+00, 0.0, 2.0000000000, 8.0000000000, 0.0929431359
        1073, -4.53895311e-02, 5.42685570e-02, 3.01277992e-03, 1.61802027e-03, 4.69681678e-02, 0.0, -9.10040140e+00, -8.98092287e+00, -9.34353985e+00, -9.61562386e+00, 0.0, 2.0000000000, 8.0000000000, 0.0932916681
        1074, -4.53893588e-02, 5.42686132e-02, 3.01278287e-03, 1.61800782e-03, 4.69682112e-02, 0.0, -9.11605519e+00, -8.98389985e+00, -9.35574996e+00, -9.62010005e+00, 0.0, 2.0000000000, 8.0000000000, 0.0937004328
        1075, -4.53892446e-02, 5.42686735e-02, 3.01278578e-03, 1.61799255e-03, 4.69682586e-02, 0.0, -9.13998614e+00, -8.99409479e+00, -9.37709833e+00, -9.63178030e+00, 0.0, 2.0000000000, 8.0000000000, 0.0941723506
        1076, -4.53891932e-02, 5.42687358e-02, 3.01278857e-03, 1.61797466e-03, 4.69683081e-02, 0.0, -9.17211335e+00, -9.01198759e+00, -9.40725768e+00, -9.65106860e+00, 0.0, 2.0000000000, 8.0000000000, 0.0947394490
        1077, -4.53892052e-02, 5.42687979e-02, 3.01279118e-03, 1.61795429e-03, 4.69683581e-02, 0.0, -9.21197099e+00, -9.03783844e+00, -9.44582110e+00, -9.67818232e+00, 0.0, 2.0000000000, 8.0000000000, 0.0953378995
        1078, -4.53892775e-02, 5.42688574e-02, 3.01279355e-03, 1.61793138e-03, 4.69684063e-02, 0.0, -9.25852487e+00, -9.07167268e+00, -9.49231019e+00, -9.71325492e+00, 0.0, 2.0000000000, 8.0000000000, 0.0958012660
        1079, -4.53894052e-02, 5.42689117e-02, 3.01279563e-03, 1.61790544e-03, 4.69684500e-02, 0.0, -9.30969468e+00, -9.11314669e+00, -9.54590200e+00, -9.75640682e+00, 0.0, 2.0000000000, 8.0000000000, 0.0962696354
        1080, -4.53895944e-02, 5.42689615e-02, 3.01279736e-03, 1.61787909e-03, 4.69684910e-02, 0.0, -9.36168588e+00, -9.16137109e+00, -9.60599238e+00, -9.80853563e+00, 0.0, 2.0000000000, 8.0000000000, 0.0967312018
        1081, -4.53897734e-02, 5.42690168e-02, 3.01279874e-03, 1.61786622e-03, 4.69685421e-02, 0.0, -9.41003702e+00, -9.21674824e+00, -9.68339484e+00, -9.87908223e+00, 0.0, 2.0000000000, 8.0000000000, 0.0972121517
        1082, -4.53899307e-02, 5.42690481e-02, 3.01279967e-03, 1.61783960e-03, 4.69685676e-02, 0.0, -9.42806651e+00, -9.24928124e+00, -9.68160327e+00, -9.87656787e+00, 0.0, 2.0000000000, 8.0000000000, 0.0977253358
        1083, -4.53901311e-02, 5.42690747e-02, 3.01280014e-03, 1.61781999e-03, 4.69685912e-02, 0.0, -9.42906175e+00, -9.27622515e+00, -9.67505282e+00, -9.89466505e+00, 0.0, 2.0000000000, 8.0000000000, 0.0982058684
        1084, -4.53903552e-02, 5.42690908e-02, 3.01280019e-03, 1.61780292e-03, 4.69686060e-02, 0.0, -9.42304080e+00, -9.29520916e+00, -9.67240263e+00, -9.91407966e+00, 0.0, 2.0000000000, 8.0000000000, 0.0986710509
        1085, -4.53905660e-02, 5.42690986e-02, 3.01279986e-03, 1.61778986e-03, 4.69686142e-02, 0.0, -9.40644436e+00, -9.29948972e+00, -9.66747427e+00, -9.92016861e+00, 0.0, 2.0000000000, 8.0000000000, 0.0991506497
        1086, -4.53907502e-02, 5.42690996e-02, 3.01279922e-03, 1.61778157e-03, 4.69686176e-02, 0.0, -9.38649599e+00, -9.29075357e+00, -9.65186205e+00, -9.91195596e+00, 0.0, 2.0000000000, 8.0000000000, 0.0996519168
        1087, -4.53909187e-02, 5.42690941e-02, 3.01279830e-03, 1.61777750e-03, 4.69686158e-02, 0.0, -9.36839286e+00, -9.27607919e+00, -9.63102710e+00, -9.89929324e+00, 0.0, 2.0000000000, 8.0000000000, 0.1001150012
        1088, -4.53910823e-02, 5.42690817e-02, 3.01279714e-03, 1.61777660e-03, 4.69686084e-02, 0.0, -9.35462946e+00, -9.25991558e+00, -9.61155445e+00, -9.88569253e+00, 0.0, 2.0000000000, 8.0000000000, 0.1005723993
        1089, -4.53912413e-02, 5.42690627e-02, 3.01279579e-03, 1.61777808e-03, 4.69685954e-02, 0.0, -9.34655791e+00, -9.24524747e+00, -9.59696683e+00, -9.87333091e+00, 0.0, 2.0000000000, 8.0000000000, 0.1010161360
        1090, -4.53913886e-02, 5.42690380e-02, 3.01279429e-03, 1.61778149e-03, 4.69685772e-02, 0.0, -9.34521415e+00, -9.23434136e+00, -9.58943646e+00, -9.86438033e+00, 0.0, 2.0000000000, 8.0000000000, 0.1014925679
        1091, -4.53915160e-02, 5.42690086e-02, 3.01279272e-03, 1.61778664e-03, 4.69685549e-02, 0.0, -9.35135630e+00, -9.22885698e+00, -9.59033054e+00, -9.86069389e+00, 0.0, 2.0000000000, 8.0000000000, 0.1019628167
        1092, -4.53916165e-02, 5.42689757e-02, 3.01279113e-03, 1.61779340e-03, 4.69685293e-02, 0.0, -9.36548099e+00, -9.22990132e+00, -9.60030321e+00, -9.86350697e+00, 0.0, 2.0000000000, 8.0000000000, 0.1024380008
        1093, -4.53916854e-02, 5.42689406e-02, 3.01278956e-03, 1.61780168e-03, 4.69685016e-02, 0.0, -9.38781581e+00, -9.23817892e+00, -9.61935601e+00, -9.87352198e+00, 0.0, 2.0000000000, 8.0000000000, 0.1029237827
        1094, -4.53917198e-02, 5.42689043e-02, 3.01278804e-03, 1.61781136e-03, 4.69684726e-02, 0.0, -9.41828534e+00, -9.25411624e+00, -9.64712429e+00, -9.89109148e+00, 0.0, 2.0000000000, 8.0000000000, 0.1034018358
        1095, -4.53917192e-02, 5.42688680e-02, 3.01278662e-03, 1.61782233e-03, 4.69684434e-02, 0.0, -9.45648003e+00, -9.27793908e+00, -9.68319276e+00, -9.91639297e+00, 0.0, 2.0000000000, 8.0000000000, 0.1038674196
        1096, -4.53916851e-02, 5.42688330e-02, 3.01278532e-03, 1.61783459e-03, 4.69684149e-02, 0.0, -9.50153170e+00, -9.30969551e+00, -9.72715303e+00, -9.94954724e+00, 0.0, 2.0000000000, 8.0000000000, 0.1042578022
        1097, -4.53916205e-02, 5.42688007e-02, 3.01278419e-03, 1.61784827e-03, 4.69683886e-02, 0.0, -9.55173138e+00, -9.34916625e+00, -9.77835547e+00, -9.99065930e+00, 0.0, 2.0000000000, 8.0000000000, 0.1047567169
        1098, -4.53915275e-02, 5.42687728e-02, 3.01278324e-03, 1.61786395e-03, 4.69683663e-02, 0.0, -9.60384747e+00, -9.39562000e+00, -9.83578662e+00, -1.00399966e+01, 0.0, 2.0000000000, 8.0000000000, 0.1052159508
        1099, -4.53914223e-02, 5.42687360e-02, 3.01278248e-03, 1.61786739e-03, 4.69683314e-02, 0.0, -9.65313205e+00, -9.44830368e+00, -9.90271453e+00, -1.01018513e+01, 0.0, 2.0000000000, 8.0000000000, 0.1056668520
        1100, -4.53913190e-02, 5.42687173e-02, 3.01278196e-03, 1.61788261e-03, 4.69683164e-02, 0.0, -9.68253720e+00, -9.49145811e+00, -9.93247243e+00, -1.01234278e+01, 0.0, 2.0000000000, 8.0000000000, 0.1060958346
        1101, -4.53912137e-02, 5.42687027e-02, 3.01278169e-03, 1.61789590e-03, 4.69683042e-02, 0.0, -9.69220744e+00, -9.52581595e+00, -9.93721124e+00, -1.01498669e+01, 0.0, 2.0000000000, 8.0000000000, 0.1065625350
        1102, -4.53910982e-02, 5.42686921e-02, 3.01278164e-03, 1.61790602e-03, 4.69682947e-02, 0.0, -9.68886432e+00, -9.54949062e+00, -9.93959575e+00, -1.01719067e+01, 0.0, 2.0000000000, 8.0000000000, 0.1070129514
        1103, -4.53909819e-02, 5.42686863e-02, 3.01278181e-03, 1.61791375e-03, 4.69682890e-02, 0.0, -9.67535969e+00, -9.56000735e+00, -9.93594189e+00, -1.01838156e+01, 0.0, 2.0000000000, 8.0000000000, 0.1074833512
        1104, -4.53908755e-02, 5.42686845e-02, 3.01278216e-03, 1.61791884e-03, 4.69682864e-02, 0.0, -9.65647071e+00, -9.55673634e+00, -9.92355187e+00, -1.01810696e+01, 0.0, 2.0000000000, 8.0000000000, 0.1080446521
        1105, -4.53907793e-02, 5.42686865e-02, 3.01278267e-03, 1.61792150e-03, 4.69682866e-02, 0.0, -9.63854811e+00, -9.54554195e+00, -9.90511800e+00, -1.01708958e+01, 0.0, 2.0000000000, 8.0000000000, 0.1085162004
        1106, -4.53906888e-02, 5.42686922e-02, 3.01278331e-03, 1.61792227e-03, 4.69682898e-02, 0.0, -9.62467275e+00, -9.53160422e+00, -9.88649587e+00, -1.01586983e+01, 0.0, 2.0000000000, 8.0000000000, 0.1089788675
        1107, -4.53906024e-02, 5.42687015e-02, 3.01278406e-03, 1.61792162e-03, 4.69682960e-02, 0.0, -9.61628261e+00, -9.51822084e+00, -9.87190528e+00, -1.01471312e+01, 0.0, 2.0000000000, 8.0000000000, 0.1094401161
        1108, -4.53905222e-02, 5.42687140e-02, 3.01278489e-03, 1.61791983e-03, 4.69683051e-02, 0.0, -9.61443839e+00, -9.50786110e+00, -9.86389066e+00, -1.01384233e+01, 0.0, 2.0000000000, 8.0000000000, 0.1099302173
        1109, -4.53904521e-02, 5.42687292e-02, 3.01278576e-03, 1.61791708e-03, 4.69683166e-02, 0.0, -9.62000249e+00, -9.50245299e+00, -9.86409803e+00, -1.01345972e+01, 0.0, 2.0000000000, 8.0000000000, 0.1103959163
        1110, -4.53903960e-02, 5.42687464e-02, 3.01278665e-03, 1.61791344e-03, 4.69683299e-02, 0.0, -9.63358015e+00, -9.50335542e+00, -9.87345294e+00, -1.01371256e+01, 0.0, 2.0000000000, 8.0000000000, 0.1108927846
        1111, -4.53903568e-02, 5.42687650e-02, 3.01278752e-03, 1.61790897e-03, 4.69683445e-02, 0.0, -9.65546527e+00, -9.51142029e+00, -9.89213866e+00, -1.01468489e+01, 0.0, 2.0000000000, 8.0000000000, 0.1112238010
        1112, -4.53903362e-02, 5.42687842e-02, 3.01278837e-03, 1.61790373e-03, 4.69683598e-02, 0.0, -9.68561722e+00, -9.52714618e+00, -9.91981136e+00, -1.01641754e+01, 0.0, 2.0000000000, 8.0000000000, 0.1117176493
        1113, -4.53903348e-02, 5.42688035e-02, 3.01278916e-03, 1.61789775e-03, 4.69683753e-02, 0.0, -9.72362644e+00, -9.55080120e+00, -9.95597559e+00, -1.01893221e+01, 0.0, 2.0000000000, 8.0000000000, 0.1122341673
        1114, -4.53903518e-02, 5.42688221e-02, 3.01278989e-03, 1.61789104e-03, 4.69683904e-02, 0.0, -9.76856672e+00, -9.58244659e+00, -1.00001418e+01, -1.02224395e+01, 0.0, 2.0000000000, 8.0000000000, 0.1126427492
        1115, -4.53903859e-02, 5.42688393e-02, 3.01279052e-03, 1.61788348e-03, 4.69684043e-02, 0.0, -9.81860341e+00, -9.62183344e+00, -1.00516294e+01, -1.02636620e+01, 0.0, 2.0000000000, 8.0000000000, 0.1129839857
        1116, -4.53904368e-02, 5.42688543e-02, 3.01279106e-03, 1.61787492e-03, 4.69684163e-02, 0.0, -9.87037140e+00, -9.66821372e+00, -1.01097238e+01, -1.03135721e+01, 0.0, 2.0000000000, 8.0000000000, 0.1132991989
        1117, -4.53904895e-02, 5.42688735e-02, 3.01279149e-03, 1.61787258e-03, 4.69684344e-02, 0.0, -9.91958064e+00, -9.72159291e+00, -1.01817621e+01, -1.03797045e+01, 0.0, 2.0000000000, 8.0000000000, 0.1136120160
        1118, -4.53905408e-02, 5.42688838e-02, 3.01279178e-03, 1.61786455e-03, 4.69684427e-02, 0.0, -9.94264919e+00, -9.75766331e+00, -1.01904244e+01, -1.03838277e+01, 0.0, 2.0000000000, 8.0000000000, 0.1139747024
        1119, -4.53906007e-02, 5.42688921e-02, 3.01279194e-03, 1.61785785e-03, 4.69684498e-02, 0.0, -9.95039994e+00, -9.79032970e+00, -1.01946781e+01, -1.04109136e+01, 0.0, 2.0000000000, 8.0000000000, 0.1143483003
        1120, -4.53906654e-02, 5.42688976e-02, 3.01279197e-03, 1.61785221e-03, 4.69684547e-02, 0.0, -9.94708361e+00, -9.81308141e+00, -1.01972970e+01, -1.04334432e+01, 0.0, 2.0000000000, 8.0000000000, 0.1147238334
        1121, -4.53907275e-02, 5.42689007e-02, 3.01279189e-03, 1.61784792e-03, 4.69684577e-02, 0.0, -9.93261689e+00, -9.82143258e+00, -1.01946671e+01, -1.04434817e+01, 0.0, 2.0000000000, 8.0000000000, 0.1150432348
        1122, -4.53907831e-02, 5.42689017e-02, 3.01279170e-03, 1.61784515e-03, 4.69684593e-02, 0.0, -9.91345481e+00, -9.81608905e+00, -1.01809629e+01, -1.04387375e+01, 0.0, 2.0000000000, 8.0000000000, 0.1153748671
        1123, -4.53908343e-02, 5.42689007e-02, 3.01279143e-03, 1.61784370e-03, 4.69684593e-02, 0.0, -9.89547458e+00, -9.80370642e+00, -1.01614829e+01, -1.04281357e+01, 0.0, 2.0000000000, 8.0000000000, 0.1156918685
        1124, -4.53908835e-02, 5.42688976e-02, 3.01279108e-03, 1.61784327e-03, 4.69684576e-02, 0.0, -9.88156401e+00, -9.78903274e+00, -1.01425972e+01, -1.04157906e+01, 0.0, 2.0000000000, 8.0000000000, 0.1161517342
        1125, -4.53909309e-02, 5.42688925e-02, 3.01279068e-03, 1.61784360e-03, 4.69684542e-02, 0.0, -9.87315147e+00, -9.77521254e+00, -1.01280166e+01, -1.04041348e+01, 0.0, 2.0000000000, 8.0000000000, 0.1164940159
        1126, -4.53909749e-02, 5.42688857e-02, 3.01279023e-03, 1.61784454e-03, 4.69684492e-02, 0.0, -9.87130357e+00, -9.76463402e+00, -1.01201039e+01, -1.03954317e+01, 0.0, 2.0000000000, 8.0000000000, 0.1168193340
        1127, -4.53910132e-02, 5.42688774e-02, 3.01278975e-03, 1.61784603e-03, 4.69684430e-02, 0.0, -9.87684779e+00, -9.75912422e+00, -1.01204354e+01, -1.03916705e+01, 0.0, 2.0000000000, 8.0000000000, 0.1171235998
        1128, -4.53910438e-02, 5.42688680e-02, 3.01278927e-03, 1.61784803e-03, 4.69684357e-02, 0.0, -9.89036948e+00, -9.75997001e+00, -1.01298956e+01, -1.03942636e+01, 0.0, 2.0000000000, 8.0000000000, 0.1174265345
        1129, -4.53910651e-02, 5.42688579e-02, 3.01278878e-03, 1.61785048e-03, 4.69684278e-02, 0.0, -9.91216708e+00, -9.76800524e+00, -1.01486528e+01, -1.04040377e+01, 0.0, 2.0000000000, 8.0000000000, 0.1177415848
        1130, -4.53910761e-02, 5.42688474e-02, 3.01278832e-03, 1.61785337e-03, 4.69684194e-02, 0.0, -9.94221254e+00, -9.78373047e+00, -1.01763882e+01, -1.04214046e+01, 0.0, 2.0000000000, 8.0000000000, 0.1180664659
        1131, -4.53910766e-02, 5.42688368e-02, 3.01278788e-03, 1.61785667e-03, 4.69684109e-02, 0.0, -9.98011994e+00, -9.80741322e+00, -1.02126438e+01, -1.04465723e+01, 0.0, 2.0000000000, 8.0000000000, 0.1183767676
        1132, -4.53910668e-02, 5.42688266e-02, 3.01278748e-03, 1.61786037e-03, 4.69684026e-02, 0.0, -1.00250116e+01, -9.83911983e+00, -1.02569457e+01, -1.04796791e+01, 0.0, 2.0000000000, 8.0000000000, 0.1186817686
        1133, -4.53910477e-02, 5.42688171e-02, 3.01278713e-03, 1.61786453e-03, 4.69683950e-02, 0.0, -1.00751250e+01, -9.87862014e+00, -1.03085910e+01, -1.05208419e+01, 0.0, 2.0000000000, 8.0000000000, 0.1189973990
        1134, -4.53910194e-02, 5.42688090e-02, 3.01278683e-03, 1.61786928e-03, 4.69683885e-02, 0.0, -1.01271452e+01, -9.92516282e+00, -1.03666715e+01, -1.05704936e+01, 0.0, 2.0000000000, 8.0000000000, 0.1193092664
        1135, -4.53909897e-02, 5.42687983e-02, 3.01278659e-03, 1.61787052e-03, 4.69683784e-02, 0.0, -1.01765598e+01, -9.97844166e+00, -1.04370020e+01, -1.06350554e+01, 0.0, 2.0000000000, 8.0000000000, 0.1197562695
        1136, -4.53909602e-02, 5.42687928e-02, 3.01278643e-03, 1.61787503e-03, 4.69683739e-02, 0.0, -1.02010737e+01, -1.00160256e+01, -1.04491676e+01, -1.06420630e+01, 0.0, 2.0000000000, 8.0000000000, 0.1201704343
        1137, -4.53909268e-02, 5.42687883e-02, 3.01278634e-03, 1.61787884e-03, 4.69683701e-02, 0.0, -1.02098987e+01, -1.00497304e+01, -1.04550427e+01, -1.06703790e+01, 0.0, 2.0000000000, 8.0000000000, 0.1205585003
        1138, -4.53908910e-02, 5.42687853e-02, 3.01278632e-03, 1.61788199e-03, 4.69683675e-02, 0.0, -1.02064890e+01, -1.00724814e+01, -1.04574964e+01, -1.06921742e+01, 0.0, 2.0000000000, 8.0000000000, 0.1209099491
        1139, -4.53908565e-02, 5.42687837e-02, 3.01278636e-03, 1.61788436e-03, 4.69683658e-02, 0.0, -1.01916765e+01, -1.00804638e+01, -1.04534390e+01, -1.07012352e+01, 0.0, 2.0000000000, 8.0000000000, 0.1212260008
        1140, -4.53908253e-02, 5.42687832e-02, 3.01278646e-03, 1.61788590e-03, 4.69683650e-02, 0.0, -1.01720532e+01, -1.00746647e+01, -1.04386916e+01, -1.06958628e+01, 0.0, 2.0000000000, 8.0000000000, 0.1216063499
        1141, -4.53907966e-02, 5.42687838e-02, 3.01278660e-03, 1.61788671e-03, 4.69683651e-02, 0.0, -1.01534730e+01, -1.00615959e+01, -1.04183387e+01, -1.06844272e+01, 0.0, 2.0000000000, 8.0000000000, 0.1219140848
        1142, -4.53907690e-02, 5.42687856e-02, 3.01278679e-03, 1.61788696e-03, 4.69683661e-02, 0.0, -1.01388752e+01, -1.00460803e+01, -1.03984931e+01, -1.06711581e+01, 0.0, 2.0000000000, 8.0000000000, 0.1222527504
        1143, -4.53907425e-02, 5.42687884e-02, 3.01278701e-03, 1.61788679e-03, 4.69683680e-02, 0.0, -1.01297017e+01, -1.00313182e+01, -1.03828416e+01, -1.06585592e+01, 0.0, 2.0000000000, 8.0000000000, 0.1225452026
        1144, -4.53907177e-02, 5.42687923e-02, 3.01278725e-03, 1.61788628e-03, 4.69683708e-02, 0.0, -1.01270203e+01, -1.00197303e+01, -1.03737727e+01, -1.06488974e+01, 0.0, 2.0000000000, 8.0000000000, 0.1228526513
        1145, -4.53906960e-02, 5.42687970e-02, 3.01278751e-03, 1.61788548e-03, 4.69683743e-02, 0.0, -1.01316657e+01, -1.00131666e+01, -1.03728882e+01, -1.06441526e+01, 0.0, 2.0000000000, 8.0000000000, 0.1231456995
        1146, -4.53906785e-02, 5.42688022e-02, 3.01278778e-03, 1.61788440e-03, 4.69683784e-02, 0.0, -1.01442300e+01, -1.00129254e+01, -1.03810848e+01, -1.06457347e+01, 0.0, 2.0000000000, 8.0000000000, 0.1235261361
        1147, -4.53906661e-02, 5.42688079e-02, 3.01278804e-03, 1.61788307e-03, 4.69683829e-02, 0.0, -1.01650162e+01, -1.00198350e+01, -1.03985323e+01, -1.06544613e+01, 0.0, 2.0000000000, 8.0000000000, 0.1239127676
        1148, -4.53906593e-02, 5.42688139e-02, 3.01278830e-03, 1.61788151e-03, 4.69683876e-02, 0.0, -1.01940041e+01, -1.00343787e+01, -1.04249015e+01, -1.06707236e+01, 0.0, 2.0000000000, 8.0000000000, 0.1242830992
        1149, -4.53906583e-02, 5.42688198e-02, 3.01278854e-03, 1.61787973e-03, 4.69683924e-02, 0.0, -1.02308351e+01, -1.00568093e+01, -1.04597223e+01, -1.06947043e+01, 0.0, 2.0000000000, 8.0000000000, 0.1246490995
        1150, -4.53906629e-02, 5.42688256e-02, 3.01278876e-03, 1.61787773e-03, 4.69683971e-02, 0.0, -1.02747107e+01, -1.00871989e+01, -1.05025401e+01, -1.07265214e+01, 0.0, 2.0000000000, 8.0000000000, 0.1250033339
        1151, -4.53906728e-02, 5.42688310e-02, 3.01278895e-03, 1.61787550e-03, 4.69684015e-02, 0.0, -1.03240562e+01, -1.01253690e+01, -1.05527256e+01, -1.07662658e+01, 0.0, 2.0000000000, 8.0000000000, 0.1253403664
        1152, -4.53906873e-02, 5.42688357e-02, 3.01278911e-03, 1.61787295e-03, 4.69684053e-02, 0.0, -1.03758834e+01, -1.01706563e+01, -1.06092424e+01, -1.08141020e+01, 0.0, 2.0000000000, 8.0000000000, 0.1256496509
        1153, -4.53907053e-02, 5.42688418e-02, 3.01278924e-03, 1.61787223e-03, 4.69684110e-02, 0.0, -1.04255346e+01, -1.02220926e+01, -1.06736195e+01, -1.08728699e+01, 0.0, 2.0000000000, 8.0000000000, 0.1260131995
        1154, -4.53907227e-02, 5.42688451e-02, 3.01278934e-03, 1.61786975e-03, 4.69684136e-02, 0.0, -1.04599070e+01, -1.02695760e+01, -1.07191614e+01, -1.09082494e+01, 0.0, 2.0000000000, 8.0000000000, 0.1263186336
        1155, -4.53907387e-02, 5.42688475e-02, 3.01278939e-03, 1.61786739e-03, 4.69684156e-02, 0.0, -1.04708188e+01, -1.03027915e+01, -1.07203654e+01, -1.09281514e+01, 0.0, 2.0000000000, 8.0000000000, 0.1266193668
        1156, -4.53907573e-02, 5.42688495e-02, 3.01278940e-03, 1.61786573e-03, 4.69684174e-02, 0.0, -1.04671646e+01, -1.03259430e+01, -1.07189040e+01, -1.09476206e+01, 0.0, 2.0000000000, 8.0000000000, 0.1269063671
        1157, -4.53907771e-02, 5.42688506e-02, 3.01278938e-03, 1.61786442e-03, 4.69684185e-02, 0.0, -1.04553406e+01, -1.03383166e+01, -1.07145598e+01, -1.09617290e+01, 0.0, 2.0000000000, 8.0000000000, 0.1271890998
        1158, -4.53907955e-02, 5.42688509e-02, 3.01278932e-03, 1.61786350e-03, 4.69684189e-02, 0.0, -1.04370370e+01, -1.03368867e+01, -1.07044720e+01, -1.09613481e+01, 0.0, 2.0000000000, 8.0000000000, 0.1274952173
        1159, -4.53908117e-02, 5.42688507e-02, 3.01278924e-03, 1.61786300e-03, 4.69684190e-02, 0.0, -1.04189344e+01, -1.03263575e+01, -1.06870880e+01, -1.09514685e+01, 0.0, 2.0000000000, 8.0000000000, 0.1277828495
        1160, -4.53908267e-02, 5.42688498e-02, 3.01278914e-03, 1.61786282e-03, 4.69684185e-02, 0.0, -1.04045473e+01, -1.03125182e+01, -1.06681045e+01, -1.09392576e+01, 0.0, 2.0000000000, 8.0000000000, 0.1282465657
        1161, -4.53908411e-02, 5.42688484e-02, 3.01278902e-03, 1.61786290e-03, 4.69684176e-02, 0.0, -1.03954353e+01, -1.02988799e+01, -1.06526368e+01, -1.09275276e+01, 0.0, 2.0000000000, 8.0000000000, 0.1287222505
        1162, -4.53908545e-02, 5.42688464e-02, 3.01278888e-03, 1.61786317e-03, 4.69684161e-02, 0.0, -1.03927066e+01, -1.02879987e+01, -1.06435432e+01, -1.09183925e+01, 0.0, 2.0000000000, 8.0000000000, 0.1290554682
        1163, -4.53908665e-02, 5.42688439e-02, 3.01278874e-03, 1.61786361e-03, 4.69684143e-02, 0.0, -1.03972785e+01, -1.02818846e+01, -1.06425720e+01, -1.09138939e+01, 0.0, 2.0000000000, 8.0000000000, 0.1293690840
        1164, -4.53908762e-02, 5.42688411e-02, 3.01278859e-03, 1.61786420e-03, 4.69684121e-02, 0.0, -1.04097954e+01, -1.02819600e+01, -1.06507194e+01, -1.09155938e+01, 0.0, 2.0000000000, 8.0000000000, 0.1296775023
        1165, -4.53908831e-02, 5.42688381e-02, 3.01278844e-03, 1.61786493e-03, 4.69684097e-02, 0.0, -1.04305871e+01, -1.02891125e+01, -1.06682383e+01, -1.09243997e+01, 0.0, 2.0000000000, 8.0000000000, 0.1299746990
        1166, -4.53908869e-02, 5.42688349e-02, 3.01278830e-03, 1.61786579e-03, 4.69684072e-02, 0.0, -1.04596629e+01, -1.03038737e+01, -1.06948234e+01, -1.09407700e+01, 0.0, 2.0000000000, 8.0000000000, 0.1302822828
        1167, -4.53908875e-02, 5.42688317e-02, 3.01278816e-03, 1.61786678e-03, 4.69684046e-02, 0.0, -1.04966761e+01, -1.03265523e+01, -1.07299918e+01, -1.09649618e+01, 0.0, 2.0000000000, 8.0000000000, 0.1306265195
        1168, -4.53908850e-02, 5.42688286e-02, 3.01278804e-03, 1.61786789e-03, 4.69684021e-02, 0.0, -1.05407849e+01, -1.03572527e+01, -1.07732778e+01, -1.09971492e+01, 0.0, 2.0000000000, 8.0000000000, 0.1309893330
        1169, -4.53908796e-02, 5.42688257e-02, 3.01278793e-03, 1.61786914e-03, 4.69683998e-02, 0.0, -1.05902913e+01, -1.03957775e+01, -1.08240472e+01, -1.10374651e+01, 0.0, 2.0000000000, 8.0000000000, 0.1313265522
        1170, -4.53908714e-02, 5.42688232e-02, 3.01278784e-03, 1.61787057e-03, 4.69683978e-02, 0.0, -1.06420226e+01, -1.04414348e+01, -1.08815049e+01, -1.10863670e+01, 0.0, 2.0000000000, 8.0000000000, 0.1316405694
        1171, -4.53908626e-02, 5.42688199e-02, 3.01278776e-03, 1.61787091e-03, 4.69683946e-02, 0.0, -1.06916115e+01, -1.04939330e+01, -1.09510561e+01, -1.11499346e+01, 0.0, 2.0000000000, 8.0000000000, 0.1319293022
        1172, -4.53908539e-02, 5.42688181e-02, 3.01278771e-03, 1.61787230e-03, 4.69683933e-02, 0.0, -1.07167390e+01, -1.05314299e+01, -1.09643018e+01, -1.11571917e+01, 0.0, 2.0000000000, 8.0000000000, 0.1322633664
        1173, -4.53908439e-02, 5.42688168e-02, 3.01278768e-03, 1.61787348e-03, 4.69683921e-02, 0.0, -1.07266630e+01, -1.05653566e+01, -1.09709124e+01, -1.11859338e+01, 0.0, 2.0000000000, 8.0000000000, 0.1325739185
        1174, -4.53908332e-02, 5.42688158e-02, 3.01278767e-03, 1.61787446e-03, 4.69683912e-02, 0.0, -1.07242017e+01, -1.05889169e+01, -1.09748537e+01, -1.12088434e+01, 0.0, 2.0000000000, 8.0000000000, 0.1328620831
        1175, -4.53908228e-02, 5.42688153e-02, 3.01278769e-03, 1.61787520e-03, 4.69683907e-02, 0.0, -1.07101934e+01, -1.05981195e+01, -1.09722732e+01, -1.12194532e+01, 0.0, 2.0000000000, 8.0000000000, 0.1332018693
        1176, -4.53908134e-02, 5.42688151e-02, 3.01278771e-03, 1.61787569e-03, 4.69683904e-02, 0.0, -1.06908003e+01, -1.05932201e+01, -1.09585233e+01, -1.12150223e+01, 0.0, 2.0000000000, 8.0000000000, 0.1335078359
        1177, -4.53908047e-02, 5.42688152e-02, 3.01278776e-03, 1.61787595e-03, 4.69683904e-02, 0.0, -1.06722344e+01, -1.05807405e+01, -1.09386386e+01, -1.12041635e+01, 0.0, 2.0000000000, 8.0000000000, 0.1338171323
        1178, -4.53907964e-02, 5.42688157e-02, 3.01278781e-03, 1.61787604e-03, 4.69683907e-02, 0.0, -1.06575398e+01, -1.05656053e+01, -1.09189181e+01, -1.11913065e+01, 0.0, 2.0000000000, 8.0000000000, 0.1341321826
        1179, -4.53907883e-02, 5.42688165e-02, 3.01278788e-03, 1.61787600e-03, 4.69683912e-02, 0.0, -1.06481724e+01, -1.05510339e+01, -1.09031877e+01, -1.11789294e+01, 0.0, 2.0000000000, 8.0000000000, 0.1344378511
        1180, -4.53907808e-02, 5.42688176e-02, 3.01278795e-03, 1.61787586e-03, 4.69683920e-02, 0.0, -1.06452056e+01, -1.05394587e+01, -1.08938801e+01, -1.11692821e+01, 0.0, 2.0000000000, 8.0000000000, 0.1347326159
        1181, -4.53907742e-02, 5.42688190e-02, 3.01278803e-03, 1.61787562e-03, 4.69683931e-02, 0.0, -1.06494929e+01, -1.05327651e+01, -1.08926444e+01, -1.11643797e+01, 0.0, 2.0000000000, 8.0000000000, 0.1350241502
        1182, -4.53907688e-02, 5.42688206e-02, 3.01278811e-03, 1.61787530e-03, 4.69683943e-02, 0.0, -1.06616574e+01, -1.05322992e+01, -1.09004522e+01, -1.11656956e+01, 0.0, 2.0000000000, 8.0000000000, 0.1353426695
        1183, -4.53907650e-02, 5.42688223e-02, 3.01278819e-03, 1.61787490e-03, 4.69683956e-02, 0.0, -1.06820369e+01, -1.05389341e+01, -1.09175464e+01, -1.11741049e+01, 0.0, 2.0000000000, 8.0000000000, 0.1357225021
        1184, -4.53907629e-02, 5.42688241e-02, 3.01278827e-03, 1.61787442e-03, 4.69683970e-02, 0.0, -1.07106477e+01, -1.05531904e+01, -1.09436387e+01, -1.11900391e+01, 0.0, 2.0000000000, 8.0000000000, 0.1360284170
        1185, -4.53907625e-02, 5.42688259e-02, 3.01278834e-03, 1.61787389e-03, 4.69683985e-02, 0.0, -1.07471676e+01, -1.05753517e+01, -1.09782691e+01, -1.12137080e+01, 0.0, 2.0000000000, 8.0000000000, 0.1363274336
        1186, -4.53907639e-02, 5.42688276e-02, 3.01278841e-03, 1.61787328e-03, 4.69683999e-02, 0.0, -1.07908375e+01, -1.06055165e+01, -1.10209830e+01, -1.12452480e+01, 0.0, 2.0000000000, 8.0000000000, 0.1366387328
        1187, -4.53907668e-02, 5.42688292e-02, 3.01278847e-03, 1.61787260e-03, 4.69684012e-02, 0.0, -1.08401275e+01, -1.06435298e+01, -1.10711500e+01, -1.12847611e+01, 0.0, 2.0000000000, 8.0000000000, 0.1369470994
