TITLE = "SU2 Simulation"
VARIABLES = "Iteration","Sens_Geo","Sens_Mach","Sens_AoA","Sens_Press","Sens_Temp","Sens_AoS","Res_AdjFlow[0]","Res_AdjFlow[1]","Res_AdjFlow[2]","Res_AdjFlow[3]","Res_AdjFlow[4]","Linear_Solver_Iterations","CFL_Number","Time(min)"
ZONE T= "Convergence history"
           0, 4.38280244e+00, -5.11266887e-02, 5.70856386e-03, 2.13372825e-03, 2.67905279e-03, 0.0, -4.23291746e+00, -3.99778548e+00, -4.49550595e+00, -3.95948501e+00, 0.0, 2.0000000000, 8.0000000000, 0.0006651004
           1, 1.78142644e+00, -1.59518076e-02, 5.76849128e-03, 4.01623439e-02, 4.40928967e-02, 0.0, -3.82624645e+00, -3.71514025e+00, -3.66888616e+00, -4.08446707e+00, 0.0, 2.0000000000, 8.0000000000, 0.0009477337
           2, 1.30423911e+00, 5.11510237e-02, 6.13646558e-03, 1.16849504e-01, 1.19167525e-01, 0.0, -3.60024294e+00, -3.49859886e+00, -3.61361461e+00, -4.04511070e+00, 0.0, 2.0000000000, 8.0000000000, 0.0012501518
           3, 1.29961008e+00, 7.16402952e-02, 6.93581521e-03, 1.26660737e-01, 1.26955889e-01, 0.0, -3.51770770e+00, -3.39175424e+00, -3.61104861e+00, -3.98455890e+00, 0.0, 2.0000000000, 8.0000000000, 0.0015494347
           4, 1.22931314e+00, 1.01236343e-01, 7.99445139e-03, 1.25616910e-01, 1.30835371e-01, 0.0, -3.48483308e+00, -3.30221226e+00, -3.64136105e+00, -3.97096768e+00, 0.0, 2.0000000000, 8.0000000000, 0.0018555522
           5, 1.10696778e+00, 1.46900603e-01, 9.21819254e-03, 1.28046609e-01, 1.41799360e-01, 0.0, -3.45841103e+00, -3.23534400e+00, -3.63011053e+00, -3.88487361e+00, 0.0, 2.0000000000, 8.0000000000, 0.0021552165
           6, 1.05919060e+00, 1.89561951e-01, 1.03141788e-02, 1.15209582e-01, 1.49368644e-01, 0.0, -3.50793356e+00, -3.24626286e+00, -3.70339386e+00, -3.90619253e+00, 0.0, 2.0000000000, 8.0000000000, 0.0024580002
           7, 9.81912073e-01, 2.35957435e-01, 1.13041376e-02, 8.75813288e-02, 1.68732223e-01, 0.0, -3.49950186e+00, -3.22567916e+00, -3.64046878e+00, -3.85461592e+00, 0.0, 2.0000000000, 8.0000000000, 0.0027975837
           8, 8.79626426e-01, 2.88409342e-01, 1.21926309e-02, 5.47203977e-02, 2.05742500e-01, 0.0, -3.51055108e+00, -3.22435019e+00, -3.63391523e+00, -3.83813411e+00, 0.0, 2.0000000000, 8.0000000000, 0.0031004866
           9, 7.82086030e-01, 3.48898069e-01, 1.30464264e-02, 2.55584204e-02, 2.60722647e-01, 0.0, -3.53929486e+00, -3.24549654e+00, -3.64753240e+00, -3.85835896e+00, 0.0, 2.0000000000, 8.0000000000, 0.0035121004
          10, 7.11440654e-01, 4.13902831e-01, 1.39009909e-02, 2.33902919e-03, 3.26623723e-01, 0.0, -3.58624921e+00, -3.29086729e+00, -3.72383132e+00, -3.94080511e+00, 0.0, 2.0000000000, 8.0000000000, 0.0038198193
          11, 6.61980707e-01, 4.65683402e-01, 1.47365560e-02, -2.65811717e-02, 3.80351501e-01, 0.0, -3.62172523e+00, -3.32360312e+00, -3.73894231e+00, -3.96423983e+00, 0.0, 2.0000000000, 8.0000000000, 0.0041354179
          12, 6.44665250e-01, 5.12959904e-01, 1.54542136e-02, -4.92267098e-02, 4.31904717e-01, 0.0, -3.63552683e+00, -3.33989777e+00, -3.73294051e+00, -3.93786984e+00, 0.0, 2.0000000000, 8.0000000000, 0.0045798341
          13, 5.86407684e-01, 5.59747817e-01, 1.60071293e-02, -5.39751115e-02, 4.86225497e-01, 0.0, -3.65578803e+00, -3.37582862e+00, -3.74145098e+00, -3.97930927e+00, 0.0, 2.0000000000, 8.0000000000, 0.0048804681
          14, 5.23097879e-01, 5.88019568e-01, 1.63793742e-02, -5.67648098e-02, 5.21272002e-01, 0.0, -3.67702946e+00, -3.41743866e+00, -3.78065965e+00, -4.04075912e+00, 0.0, 2.0000000000, 8.0000000000, 0.0052208861
          15, 4.77212875e-01, 6.02658674e-01, 1.66410841e-02, -5.30700188e-02, 5.42091088e-01, 0.0, -3.68218730e+00, -3.44773233e+00, -3.82202491e+00, -4.07685012e+00, 0.0, 2.0000000000, 8.0000000000, 0.0055678368
          16, 4.49519103e-01, 6.06332298e-01, 1.68666511e-02, -4.05443438e-02, 5.50955832e-01, 0.0, -3.68318874e+00, -3.46986150e+00, -3.84307405e+00, -4.09960590e+00, 0.0, 2.0000000000, 8.0000000000, 0.0058737000
          17, 4.29677171e-01, 5.98872278e-01, 1.70711078e-02, -2.18384937e-02, 5.46875192e-01, 0.0, -3.68232114e+00, -3.48617931e+00, -3.85173545e+00, -4.11579619e+00, 0.0, 2.0000000000, 8.0000000000, 0.0061778506
          18, 4.15731048e-01, 5.81709750e-01, 1.72390476e-02, -2.19877451e-04, 5.31078103e-01, 0.0, -3.67898709e+00, -3.49541891e+00, -3.85398412e+00, -4.11929230e+00, 0.0, 2.0000000000, 8.0000000000, 0.0064848502
          19, 4.09794373e-01, 5.57100719e-01, 1.73575331e-02, 2.09340914e-02, 5.06056057e-01, 0.0, -3.67803678e+00, -3.50223561e+00, -3.85376068e+00, -4.11859305e+00, 0.0, 2.0000000000, 8.0000000000, 0.0067867835
          20, 4.12320781e-01, 5.27799169e-01, 1.74279352e-02, 3.89325653e-02, 4.75041975e-01, 0.0, -3.68362605e+00, -3.51162654e+00, -3.85668950e+00, -4.12161463e+00, 0.0, 2.0000000000, 8.0000000000, 0.0070846359
          21, 4.22624452e-01, 4.96729097e-01, 1.74616886e-02, 5.21057415e-02, 4.41504475e-01, 0.0, -3.69900374e+00, -3.52741930e+00, -3.86879602e+00, -4.13357782e+00, 0.0, 2.0000000000, 8.0000000000, 0.0073909680
          22, 4.41255321e-01, 4.66806544e-01, 1.74737569e-02, 5.99574839e-02, 4.08880707e-01, 0.0, -3.72607747e+00, -3.55196139e+00, -3.89382124e+00, -4.15767444e+00, 0.0, 2.0000000000, 8.0000000000, 0.0077015519
          23, 4.70077266e-01, 4.40667136e-01, 1.74776291e-02, 6.29381366e-02, 3.80236395e-01, 0.0, -3.76612619e+00, -3.58684105e+00, -3.93340355e+00, -4.19657761e+00, 0.0, 2.0000000000, 8.0000000000, 0.0080089331
          24, 5.11337679e-01, 4.20504444e-01, 1.74830956e-02, 6.20823687e-02, 3.58080279e-01, 0.0, -3.81925305e+00, -3.63272405e+00, -3.98707661e+00, -4.25203961e+00, 0.0, 2.0000000000, 8.0000000000, 0.0083276510
          25, 5.66459853e-01, 4.08032762e-01, 1.74963713e-02, 5.86391351e-02, 3.44337962e-01, 0.0, -3.88267451e+00, -3.68849565e+00, -4.05122122e+00, -4.32283446e+00, 0.0, 2.0000000000, 8.0000000000, 0.0087543011
          26, 6.30825754e-01, 4.04568253e-01, 1.75225404e-02, 5.38557485e-02, 3.40485246e-01, 0.0, -3.94745480e+00, -3.74953687e+00, -4.11603176e+00, -4.40029037e+00, 0.0, 2.0000000000, 8.0000000000, 0.0091401180
          27, 7.23904558e-01, 4.20547818e-01, 1.75914118e-02, 5.79886994e-02, 3.59015940e-01, 0.0, -3.99484638e+00, -3.80441877e+00, -4.16164813e+00, -4.46054625e+00, 0.0, 2.0000000000, 8.0000000000, 0.0094593843
          28, 8.25031959e-01, 4.22535111e-01, 1.76154448e-02, 4.19602059e-02, 3.59971201e-01, 0.0, -3.99062790e+00, -3.82133917e+00, -4.14766226e+00, -4.45488947e+00, 0.0, 2.0000000000, 8.0000000000, 0.0097636501
          29, 8.96166749e-01, 4.36577107e-01, 1.76589045e-02, 3.18982509e-02, 3.74649416e-01, 0.0, -4.01213638e+00, -3.85308944e+00, -4.18933417e+00, -4.49301842e+00, 0.0, 2.0000000000, 8.0000000000, 0.0100544016
          30, 9.55075796e-01, 4.54309278e-01, 1.77231563e-02, 2.36598918e-02, 3.93177549e-01, 0.0, -3.99779036e+00, -3.86035924e+00, -4.17116202e+00, -4.46750090e+00, 0.0, 2.0000000000, 8.0000000000, 0.0103587667
          31, 1.00797131e+00, 4.72974707e-01, 1.78047131e-02, 1.68215452e-02, 4.12394438e-01, 0.0, -3.99506906e+00, -3.86663841e+00, -4.15683118e+00, -4.45937429e+00, 0.0, 2.0000000000, 8.0000000000, 0.0106672843
          32, 1.05406501e+00, 4.91849939e-01, 1.78983872e-02, 1.23631317e-02, 4.31567986e-01, 0.0, -3.99967155e+00, -3.87309346e+00, -4.15537680e+00, -4.46158550e+00, 0.0, 2.0000000000, 8.0000000000, 0.0109680335
          33, 1.08838852e+00, 5.09819522e-01, 1.79968213e-02, 1.04699010e-02, 4.49512657e-01, 0.0, -4.01544633e+00, -3.88464534e+00, -4.16464043e+00, -4.47282817e+00, 0.0, 2.0000000000, 8.0000000000, 0.0112789830
          34, 1.10916462e+00, 5.25667738e-01, 1.80947550e-02, 1.06294805e-02, 4.64951605e-01, 0.0, -4.04429529e+00, -3.90367496e+00, -4.18166893e+00, -4.49501354e+00, 0.0, 2.0000000000, 8.0000000000, 0.0115919352
          35, 1.11820976e+00, 5.38364325e-01, 1.81905431e-02, 1.20334888e-02, 4.76852484e-01, 0.0, -4.08691382e+00, -3.93147305e+00, -4.20569717e+00, -4.52999456e+00, 0.0, 2.0000000000, 8.0000000000, 0.0118996859
          36, 1.11891247e+00, 5.47121561e-01, 1.82840357e-02, 1.38562059e-02, 4.84476376e-01, 0.0, -4.14179124e+00, -3.96839367e+00, -4.23529218e+00, -4.57722503e+00, 0.0, 2.0000000000, 8.0000000000, 0.0122305512
          37, 1.11620972e+00, 5.50421991e-01, 1.83713362e-02, 1.44977323e-02, 4.86193904e-01, 0.0, -4.20343397e+00, -4.01349575e+00, -4.26634695e+00, -4.63241758e+00, 0.0, 2.0000000000, 8.0000000000, 0.0125232498
          38, 1.10955351e+00, 5.51725689e-01, 1.84548173e-02, 1.69148151e-02, 4.86292133e-01, 0.0, -4.25943034e+00, -4.06378078e+00, -4.29431180e+00, -4.68945005e+00, 0.0, 2.0000000000, 8.0000000000, 0.0129471858
          39, 1.09777775e+00, 5.49501361e-01, 1.85256520e-02, 1.93665420e-02, 4.82976145e-01, 0.0, -4.28984888e+00, -4.10680828e+00, -4.30789071e+00, -4.71278631e+00, 0.0, 2.0000000000, 8.0000000000, 0.0132792830
          40, 1.08466406e+00, 5.44987432e-01, 1.85848329e-02, 2.20596372e-02, 4.77689408e-01, 0.0, -4.29840189e+00, -4.13907189e+00, -4.31092062e+00, -4.71762797e+00, 0.0, 2.0000000000, 8.0000000000, 0.0135850668
          41, 1.07336298e+00, 5.38951840e-01, 1.86341229e-02, 2.46971275e-02, 4.71260734e-01, 0.0, -4.29480709e+00, -4.16000528e+00, -4.30979177e+00, -4.71440201e+00, 0.0, 2.0000000000, 8.0000000000, 0.0138887366
          42, 1.06543457e+00, 5.31954329e-01, 1.86739678e-02, 2.68856116e-02, 4.64247565e-01, 0.0, -4.28708639e+00, -4.17061806e+00, -4.30750643e+00, -4.70696454e+00, 0.0, 2.0000000000, 8.0000000000, 0.0141985019
          43, 1.06120671e+00, 5.24439509e-01, 1.87039540e-02, 2.83383254e-02, 4.57058870e-01, 0.0, -4.28306934e+00, -4.17573452e+00, -4.30705346e+00, -4.70081498e+00, 0.0, 2.0000000000, 8.0000000000, 0.0145051201
          44, 1.06059840e+00, 5.16848846e-01, 1.87242966e-02, 2.90106631e-02, 4.50092754e-01, 0.0, -4.28695388e+00, -4.17932983e+00, -4.30991583e+00, -4.69928701e+00, 0.0, 2.0000000000, 8.0000000000, 0.0148144166
          45, 1.06339517e+00, 5.09622283e-01, 1.87363582e-02, 2.90671472e-02, 4.43742796e-01, 0.0, -4.30105703e+00, -4.18450421e+00, -4.31675574e+00, -4.70450373e+00, 0.0, 2.0000000000, 8.0000000000, 0.0151154200
          46, 1.06931104e+00, 5.03137279e-01, 1.87420583e-02, 2.87530898e-02, 4.38328202e-01, 0.0, -4.32639709e+00, -4.19375109e+00, -4.32778704e+00, -4.71771708e+00, 0.0, 2.0000000000, 8.0000000000, 0.0154216846
          47, 1.07803680e+00, 4.97663402e-01, 1.87431453e-02, 2.82881752e-02, 4.34044054e-01, 0.0, -4.36213155e+00, -4.20851626e+00, -4.34241611e+00, -4.73848806e+00, 0.0, 2.0000000000, 8.0000000000, 0.0157500188
          48, 1.08918780e+00, 4.93358180e-01, 1.87409679e-02, 2.78232288e-02, 4.30963595e-01, 0.0, -4.40578185e+00, -4.22936998e+00, -4.35961943e+00, -4.76517187e+00, 0.0, 2.0000000000, 8.0000000000, 0.0160659671
          49, 1.10223859e+00, 4.90226432e-01, 1.87365188e-02, 2.73870409e-02, 4.28998052e-01, 0.0, -4.45348660e+00, -4.25623675e+00, -4.37846144e+00, -4.79571204e+00, 0.0, 2.0000000000, 8.0000000000, 0.0163654526
          50, 1.11546346e+00, 4.86661657e-01, 1.87273253e-02, 2.55057681e-02, 4.26150399e-01, 0.0, -4.50038296e+00, -4.28860372e+00, -4.39848501e+00, -4.82875545e+00, 0.0, 2.0000000000, 8.0000000000, 0.0166631500
          51, 1.12876381e+00, 4.86778178e-01, 1.87241876e-02, 2.62345389e-02, 4.27339814e-01, 0.0, -4.53248398e+00, -4.31652811e+00, -4.40988544e+00, -4.83766045e+00, 0.0, 2.0000000000, 8.0000000000, 0.0169778029
          52, 1.14102572e+00, 4.87065323e-01, 1.87248218e-02, 2.64058566e-02, 4.28346839e-01, 0.0, -4.56052766e+00, -4.35202279e+00, -4.42664266e+00, -4.86904981e+00, 0.0, 2.0000000000, 8.0000000000, 0.0172771533
          53, 1.15181712e+00, 4.87747051e-01, 1.87276667e-02, 2.62719815e-02, 4.29471394e-01, 0.0, -4.58146878e+00, -4.38574829e+00, -4.44430040e+00, -4.89108883e+00, 0.0, 2.0000000000, 8.0000000000, 0.0175725182
          54, 1.16093778e+00, 4.88666632e-01, 1.87341614e-02, 2.58741880e-02, 4.30579325e-01, 0.0, -4.59540438e+00, -4.41613304e+00, -4.46048703e+00, -4.91057211e+00, 0.0, 2.0000000000, 8.0000000000, 0.0178750197
          55, 1.16776729e+00, 4.90102802e-01, 1.87437252e-02, 2.58152111e-02, 4.32071318e-01, 0.0, -4.61448803e+00, -4.44448680e+00, -4.47762278e+00, -4.92925454e+00, 0.0, 2.0000000000, 8.0000000000, 0.0181711197
          56, 1.17234974e+00, 4.91578255e-01, 1.87565532e-02, 2.57808500e-02, 4.33445672e-01, 0.0, -4.62962400e+00, -4.46697694e+00, -4.49183938e+00, -4.94377739e+00, 0.0, 2.0000000000, 8.0000000000, 0.0184699178
          57, 1.17496042e+00, 4.93022295e-01, 1.87713608e-02, 2.58474745e-02, 4.34681526e-01, 0.0, -4.65313331e+00, -4.48940946e+00, -4.50816686e+00, -4.96222384e+00, 0.0, 2.0000000000, 8.0000000000, 0.0187712510
          58, 1.17610217e+00, 4.94172856e-01, 1.87885691e-02, 2.58063090e-02, 4.35519605e-01, 0.0, -4.67622881e+00, -4.50949683e+00, -4.52480687e+00, -4.98047900e+00, 0.0, 2.0000000000, 8.0000000000, 0.0190632184
          59, 1.17592187e+00, 4.95092681e-01, 1.88071655e-02, 2.58036218e-02, 4.36085140e-01, 0.0, -4.70552997e+00, -4.53133832e+00, -4.54375373e+00, -5.00214314e+00, 0.0, 2.0000000000, 8.0000000000, 0.0193612854
          60, 1.17484008e+00, 4.95467107e-01, 1.88260762e-02, 2.55539028e-02, 4.36044394e-01, 0.0, -4.73370705e+00, -4.55308285e+00, -4.56303377e+00, -5.02376720e+00, 0.0, 2.0000000000, 8.0000000000, 0.0196597020
          61, 1.17301328e+00, 4.95871765e-01, 1.88448827e-02, 2.56170793e-02, 4.36121241e-01, 0.0, -4.76001269e+00, -4.57467346e+00, -4.58194606e+00, -5.04379408e+00, 0.0, 2.0000000000, 8.0000000000, 0.0200126330
          62, 1.17120648e+00, 4.95665356e-01, 1.88617523e-02, 2.52830908e-02, 4.35569754e-01, 0.0, -4.78629720e+00, -4.59848729e+00, -4.60355885e+00, -5.06860714e+00, 0.0, 2.0000000000, 8.0000000000, 0.0203382532
          63, 1.16965430e+00, 4.95142434e-01, 1.88737634e-02, 2.49017313e-02, 4.34748954e-01, 0.0, -4.80031404e+00, -4.61795346e+00, -4.62131093e+00, -5.08433119e+00, 0.0, 2.0000000000, 8.0000000000, 0.0206339200
          64, 1.16870809e+00, 4.94117793e-01, 1.88815601e-02, 2.43319474e-02, 4.33433998e-01, 0.0, -4.82104794e+00, -4.63947806e+00, -4.64146637e+00, -5.10495674e+00, 0.0, 2.0000000000, 8.0000000000, 0.0209366520
          65, 1.16722370e+00, 4.95908263e-01, 1.88968190e-02, 2.66325655e-02, 4.35578677e-01, 0.0, -4.81369846e+00, -4.64361791e+00, -4.64513458e+00, -5.08846579e+00, 0.0, 2.0000000000, 8.0000000000, 0.0213206530
          66, 1.16624688e+00, 4.94765936e-01, 1.89103748e-02, 2.58895657e-02, 4.34268378e-01, 0.0, -4.86285825e+00, -4.67572538e+00, -4.67711921e+00, -5.13310764e+00, 0.0, 2.0000000000, 8.0000000000, 0.0216201504
          67, 1.16738578e+00, 4.94189273e-01, 1.89158115e-02, 2.56850693e-02, 4.33676057e-01, 0.0, -4.85369963e+00, -4.68364470e+00, -4.68855613e+00, -5.13080762e+00, 0.0, 2.0000000000, 8.0000000000, 0.0219187498
          68, 1.16787009e+00, 4.94239045e-01, 1.89227805e-02, 2.61591929e-02, 4.33862237e-01, 0.0, -4.90540625e+00, -4.71578894e+00, -4.72140923e+00, -5.17489219e+00, 0.0, 2.0000000000, 8.0000000000, 0.0222175360
          69, 1.16810736e+00, 4.93699548e-01, 1.89271707e-02, 2.59585456e-02, 4.33354885e-01, 0.0, -4.93522329e+00, -4.74324565e+00, -4.74838086e+00, -5.20728229e+00, 0.0, 2.0000000000, 8.0000000000, 0.0225175500
          70, 1.16935696e+00, 4.93295806e-01, 1.89284959e-02, 2.57975908e-02, 4.33008912e-01, 0.0, -4.95587750e+00, -4.76462937e+00, -4.77020320e+00, -5.22440776e+00, 0.0, 2.0000000000, 8.0000000000, 0.0228151997
          71, 1.17099047e+00, 4.93229599e-01, 1.89292395e-02, 2.59155831e-02, 4.33050532e-01, 0.0, -4.98790124e+00, -4.79105272e+00, -4.79518929e+00, -5.25160322e+00, 0.0, 2.0000000000, 8.0000000000, 0.0231080016
          72, 1.17242040e+00, 4.92829183e-01, 1.89289506e-02, 2.56668842e-02, 4.32659967e-01, 0.0, -5.02031371e+00, -4.81848355e+00, -4.82211838e+00, -5.28040251e+00, 0.0, 2.0000000000, 8.0000000000, 0.0234041850
          73, 1.17388019e+00, 4.92771301e-01, 1.89284852e-02, 2.56522710e-02, 4.32640454e-01, 0.0, -5.04730560e+00, -4.84402206e+00, -4.84644257e+00, -5.30259729e+00, 0.0, 2.0000000000, 8.0000000000, 0.0236974518
          74, 1.17545437e+00, 4.93299168e-01, 1.89292698e-02, 2.62009902e-02, 4.33279698e-01, 0.0, -5.07140541e+00, -4.86768772e+00, -4.86949896e+00, -5.32245731e+00, 0.0, 2.0000000000, 8.0000000000, 0.0240001003
          75, 1.17686424e+00, 4.92779624e-01, 1.89287435e-02, 2.56251482e-02, 4.32619643e-01, 0.0, -5.10074952e+00, -4.89618759e+00, -4.89671024e+00, -5.35420544e+00, 0.0, 2.0000000000, 8.0000000000, 0.0243046006
          76, 1.17859363e+00, 4.93270313e-01, 1.89287351e-02, 2.59385331e-02, 4.33134253e-01, 0.0, -5.11969415e+00, -4.91707893e+00, -4.91979111e+00, -5.36783614e+00, 0.0, 2.0000000000, 8.0000000000, 0.0245978514
          77, 1.17986140e+00, 4.93746057e-01, 1.89293645e-02, 2.62568109e-02, 4.33602442e-01, 0.0, -5.15440685e+00, -4.94631759e+00, -4.94885563e+00, -5.40282706e+00, 0.0, 2.0000000000, 8.0000000000, 0.0249082009
          78, 1.18088094e+00, 4.94109874e-01, 1.89301671e-02, 2.64304297e-02, 4.33916866e-01, 0.0, -5.17994350e+00, -4.97056593e+00, -4.97506561e+00, -5.42682547e+00, 0.0, 2.0000000000, 8.0000000000, 0.0252573530
          79, 1.18201244e+00, 4.94348097e-01, 1.89313238e-02, 2.64028487e-02, 4.34067296e-01, 0.0, -5.20490818e+00, -4.99463542e+00, -5.00048431e+00, -5.45025715e+00, 0.0, 2.0000000000, 8.0000000000, 0.0257008195
          80, 1.18322920e+00, 4.94611018e-01, 1.89329813e-02, 2.63594550e-02, 4.34239433e-01, 0.0, -5.23479118e+00, -5.02055708e+00, -5.02775877e+00, -5.47598263e+00, 0.0, 2.0000000000, 8.0000000000, 0.0259970506
          81, 1.18422292e+00, 4.94896374e-01, 1.89349968e-02, 2.63141020e-02, 4.34436847e-01, 0.0, -5.26484065e+00, -5.04685658e+00, -5.05562053e+00, -5.50244761e+00, 0.0, 2.0000000000, 8.0000000000, 0.0262958368
          82, 1.18497170e+00, 4.95217022e-01, 1.89371658e-02, 2.63074567e-02, 4.34681631e-01, 0.0, -5.29524382e+00, -5.07319844e+00, -5.08309948e+00, -5.52835925e+00, 0.0, 2.0000000000, 8.0000000000, 0.0265943686
          83, 1.18558629e+00, 4.95509147e-01, 1.89395344e-02, 2.62642395e-02, 4.34902253e-01, 0.0, -5.32311957e+00, -5.09868074e+00, -5.11012219e+00, -5.55316330e+00, 0.0, 2.0000000000, 8.0000000000, 0.0269008676
          84, 1.18614507e+00, 4.95779194e-01, 1.89422152e-02, 2.62033507e-02, 4.35109351e-01, 0.0, -5.35260282e+00, -5.12507982e+00, -5.13805226e+00, -5.57952886e+00, 0.0, 2.0000000000, 8.0000000000, 0.0271922350
          85, 1.18662334e+00, 4.96024390e-01, 1.89452669e-02, 2.61223444e-02, 4.35300733e-01, 0.0, -5.38212650e+00, -5.15235110e+00, -5.16660938e+00, -5.60672344e+00, 0.0, 2.0000000000, 8.0000000000, 0.0274905841
          86, 1.18697573e+00, 4.96251481e-01, 1.89485631e-02, 2.60493085e-02, 4.35485164e-01, 0.0, -5.41340533e+00, -5.18120705e+00, -5.19598890e+00, -5.63545738e+00, 0.0, 2.0000000000, 8.0000000000, 0.0277826190
          87, 1.18719813e+00, 4.96450108e-01, 1.89519122e-02, 2.59773176e-02, 4.35650813e-01, 0.0, -5.44459428e+00, -5.21088248e+00, -5.22562668e+00, -5.66445816e+00, 0.0, 2.0000000000, 8.0000000000, 0.0280860662
          88, 1.18731623e+00, 4.96616206e-01, 1.89551971e-02, 2.59172735e-02, 4.35793207e-01, 0.0, -5.47637416e+00, -5.24140854e+00, -5.25571580e+00, -5.69415404e+00, 0.0, 2.0000000000, 8.0000000000, 0.0284088532
          89, 1.18735545e+00, 4.96740665e-01, 1.89583252e-02, 2.58599823e-02, 4.35901155e-01, 0.0, -5.50817598e+00, -5.27250450e+00, -5.28620069e+00, -5.72425280e+00, 0.0, 2.0000000000, 8.0000000000, 0.0287193020
          90, 1.18733291e+00, 4.96819877e-01, 1.89612660e-02, 2.58125757e-02, 4.35969275e-01, 0.0, -5.53978496e+00, -5.30387848e+00, -5.31693533e+00, -5.75445877e+00, 0.0, 2.0000000000, 8.0000000000, 0.0290204366
          91, 1.18729208e+00, 4.96814760e-01, 1.89638475e-02, 2.57340749e-02, 4.35949064e-01, 0.0, -5.57080801e+00, -5.33525208e+00, -5.34773512e+00, -5.78446265e+00, 0.0, 2.0000000000, 8.0000000000, 0.0293203513
          92, 1.18731209e+00, 4.96858437e-01, 1.89663212e-02, 2.57484250e-02, 4.35998158e-01, 0.0, -5.60054103e+00, -5.36660547e+00, -5.37832502e+00, -5.81458210e+00, 0.0, 2.0000000000, 8.0000000000, 0.0296370347
          93, 1.18728947e+00, 4.96820566e-01, 1.89682288e-02, 2.57318338e-02, 4.35958043e-01, 0.0, -5.63346485e+00, -5.39920460e+00, -5.41063203e+00, -5.84926332e+00, 0.0, 2.0000000000, 8.0000000000, 0.0299372196
          94, 1.18705179e+00, 4.96642119e-01, 1.89693000e-02, 2.56378971e-02, 4.35755725e-01, 0.0, -5.65971060e+00, -5.42873921e+00, -5.44042050e+00, -5.87783370e+00, 0.0, 2.0000000000, 8.0000000000, 0.0302401861
          95, 1.18693434e+00, 4.96721683e-01, 1.89711510e-02, 2.58130061e-02, 4.35867606e-01, 0.0, -5.66923472e+00, -5.44762583e+00, -5.46000268e+00, -5.88317533e+00, 0.0, 2.0000000000, 8.0000000000, 0.0305390835
          96, 1.18698669e+00, 4.96699769e-01, 1.89731014e-02, 2.59060039e-02, 4.35860100e-01, 0.0, -5.71710472e+00, -5.48447927e+00, -5.49838049e+00, -5.93093558e+00, 0.0, 2.0000000000, 8.0000000000, 0.0308433016
          97, 1.18711363e+00, 4.96607215e-01, 1.89744579e-02, 2.59275431e-02, 4.35767878e-01, 0.0, -5.74631728e+00, -5.51488698e+00, -5.53068789e+00, -5.96151315e+00, 0.0, 2.0000000000, 8.0000000000, 0.0311380506
          98, 1.18722306e+00, 4.96541194e-01, 1.89753674e-02, 2.59787064e-02, 4.35706048e-01, 0.0, -5.77499188e+00, -5.54278611e+00, -5.55810908e+00, -5.98642338e+00, 0.0, 2.0000000000, 8.0000000000, 0.0314304352
          99, 1.18736409e+00, 4.96452523e-01, 1.89760171e-02, 2.59984994e-02, 4.35614804e-01, 0.0, -5.81533550e+00, -5.57675434e+00, -5.59290104e+00, -6.02443512e+00, 0.0, 2.0000000000, 8.0000000000, 0.0317319194
         100, 1.18754933e+00, 4.96339656e-01, 1.89763490e-02, 2.59770666e-02, 4.35491794e-01, 0.0, -5.84683001e+00, -5.60816965e+00, -5.62450573e+00, -6.05736922e+00, 0.0, 2.0000000000, 8.0000000000, 0.0320251505
         101, 1.18764175e+00, 4.96279600e-01, 1.89764337e-02, 2.59897362e-02, 4.35428847e-01, 0.0, -5.87136105e+00, -5.63513288e+00, -5.65135966e+00, -6.08125146e+00, 0.0, 2.0000000000, 8.0000000000, 0.0323324164
         102, 1.18789310e+00, 4.96348495e-01, 1.89771770e-02, 2.61082942e-02, 4.35516615e-01, 0.0, -5.89505346e+00, -5.65930594e+00, -5.67849235e+00, -6.09795171e+00, 0.0, 2.0000000000, 8.0000000000, 0.0326239665
         103, 1.18822156e+00, 4.96260452e-01, 1.89779621e-02, 2.60299802e-02, 4.35411306e-01, 0.0, -5.93403660e+00, -5.69652225e+00, -5.71305028e+00, -6.14262139e+00, 0.0, 2.0000000000, 8.0000000000, 0.0329252680
         104, 1.18856878e+00, 4.96195405e-01, 1.89781571e-02, 2.59482536e-02, 4.35328478e-01, 0.0, -5.96310372e+00, -5.72593976e+00, -5.74393127e+00, -6.16758861e+00, 0.0, 2.0000000000, 8.0000000000, 0.0332313339
         105, 1.18879443e+00, 4.96314293e-01, 1.89785610e-02, 2.60349786e-02, 4.35461673e-01, 0.0, -5.99227749e+00, -5.75504721e+00, -5.77309722e+00, -6.19596314e+00, 0.0, 2.0000000000, 8.0000000000, 0.0335307995
         106, 1.18893715e+00, 4.96397711e-01, 1.89791504e-02, 2.60762240e-02, 4.35548824e-01, 0.0, -6.02080877e+00, -5.78495478e+00, -5.80497513e+00, -6.22966585e+00, 0.0, 2.0000000000, 8.0000000000, 0.0338264187
         107, 1.18916547e+00, 4.96446794e-01, 1.89797809e-02, 2.60598100e-02, 4.35591980e-01, 0.0, -6.04785711e+00, -5.81279988e+00, -5.83664230e+00, -6.26084007e+00, 0.0, 2.0000000000, 8.0000000000, 0.0341773351
         108, 1.18944282e+00, 4.96498191e-01, 1.89805008e-02, 2.60292852e-02, 4.35635360e-01, 0.0, -6.07758784e+00, -5.84278040e+00, -5.86966180e+00, -6.29218727e+00, 0.0, 2.0000000000, 8.0000000000, 0.0344949841
         109, 1.18965598e+00, 4.96562244e-01, 1.89812128e-02, 2.60083057e-02, 4.35691980e-01, 0.0, -6.11207329e+00, -5.87457472e+00, -5.90396817e+00, -6.32443708e+00, 0.0, 2.0000000000, 8.0000000000, 0.0348085006
         110, 1.18978063e+00, 4.96633971e-01, 1.89818434e-02, 2.60009263e-02, 4.35757017e-01, 0.0, -6.14664027e+00, -5.90562727e+00, -5.93621428e+00, -6.35530387e+00, 0.0, 2.0000000000, 8.0000000000, 0.0351103663
         111, 1.18986349e+00, 4.96701251e-01, 1.89824200e-02, 2.59967299e-02, 4.35817107e-01, 0.0, -6.17675296e+00, -5.93372279e+00, -5.96595293e+00, -6.38244417e+00, 0.0, 2.0000000000, 8.0000000000, 0.0354139010
         112, 1.18993742e+00, 4.96759116e-01, 1.89830049e-02, 2.59912722e-02, 4.35867057e-01, 0.0, -6.20747226e+00, -5.96164221e+00, -5.99630824e+00, -6.41122256e+00, 0.0, 2.0000000000, 8.0000000000, 0.0357111533
         113, 1.19000053e+00, 4.96807600e-01, 1.89836294e-02, 2.59860533e-02, 4.35907249e-01, 0.0, -6.24144806e+00, -5.99158592e+00, -6.02886373e+00, -6.44316469e+00, 0.0, 2.0000000000, 8.0000000000, 0.0360017021
         114, 1.19003885e+00, 4.96847638e-01, 1.89842709e-02, 2.59841611e-02, 4.35938991e-01, 0.0, -6.27785377e+00, -6.02386870e+00, -6.06257819e+00, -6.47723704e+00, 0.0, 2.0000000000, 8.0000000000, 0.0362994194
         115, 1.19005191e+00, 4.96877825e-01, 1.89848840e-02, 2.59846729e-02, 4.35960862e-01, 0.0, -6.31452357e+00, -6.05760979e+00, -6.09628520e+00, -6.51146194e+00, 0.0, 2.0000000000, 8.0000000000, 0.0366433342
         116, 1.19005105e+00, 4.96898004e-01, 1.89854408e-02, 2.59868352e-02, 4.35973003e-01, 0.0, -6.35016793e+00, -6.09217279e+00, -6.12980415e+00, -6.54548143e+00, 0.0, 2.0000000000, 8.0000000000, 0.0369708498
         117, 1.19004578e+00, 4.96906593e-01, 1.89859338e-02, 2.59872644e-02, 4.35973739e-01, 0.0, -6.38397826e+00, -6.12715975e+00, -6.16327609e+00, -6.57920132e+00, 0.0, 2.0000000000, 8.0000000000, 0.0372783502
         118, 1.19004976e+00, 4.96902307e-01, 1.89863609e-02, 2.59830153e-02, 4.35961511e-01, 0.0, -6.41492015e+00, -6.16182153e+00, -6.19618866e+00, -6.61172669e+00, 0.0, 2.0000000000, 8.0000000000, 0.0375877857
         119, 1.19009243e+00, 4.96902435e-01, 1.89867594e-02, 2.59874227e-02, 4.35956805e-01, 0.0, -6.44366478e+00, -6.19667749e+00, -6.22855882e+00, -6.64448000e+00, 0.0, 2.0000000000, 8.0000000000, 0.0379811684
         120, 1.19012135e+00, 4.96894477e-01, 1.89870758e-02, 2.59876303e-02, 4.35944234e-01, 0.0, -6.47614069e+00, -6.23391682e+00, -6.26307555e+00, -6.68411752e+00, 0.0, 2.0000000000, 8.0000000000, 0.0383336663
         121, 1.19008934e+00, 4.96881793e-01, 1.89872838e-02, 2.59870302e-02, 4.35927413e-01, 0.0, -6.49827125e+00, -6.26562459e+00, -6.29339597e+00, -6.71360762e+00, 0.0, 2.0000000000, 8.0000000000, 0.0386310021
         122, 1.19011439e+00, 4.96894903e-01, 1.89876297e-02, 2.60105581e-02, 4.35942616e-01, 0.0, -6.51833608e+00, -6.29032629e+00, -6.31855210e+00, -6.72578208e+00, 0.0, 2.0000000000, 8.0000000000, 0.0389326175
         123, 1.19017949e+00, 4.96881114e-01, 1.89879859e-02, 2.60029859e-02, 4.35926284e-01, 0.0, -6.56282990e+00, -6.33131569e+00, -6.35584365e+00, -6.77648535e+00, 0.0, 2.0000000000, 8.0000000000, 0.0392472347
         124, 1.19024581e+00, 4.96873233e-01, 1.89882466e-02, 2.59978983e-02, 4.35917292e-01, 0.0, -6.58310465e+00, -6.35994391e+00, -6.38459297e+00, -6.80265032e+00, 0.0, 2.0000000000, 8.0000000000, 0.0395495335
         125, 1.19027136e+00, 4.96876564e-01, 1.89884689e-02, 2.60034883e-02, 4.35921725e-01, 0.0, -6.62012316e+00, -6.39380670e+00, -6.41766913e+00, -6.83856389e+00, 0.0, 2.0000000000, 8.0000000000, 0.0398490032
         126, 1.19029480e+00, 4.96883254e-01, 1.89887375e-02, 2.60100674e-02, 4.35930041e-01, 0.0, -6.65363097e+00, -6.42765288e+00, -6.45173268e+00, -6.87315250e+00, 0.0, 2.0000000000, 8.0000000000, 0.0401525180
         127, 1.19033837e+00, 4.96882369e-01, 1.89890293e-02, 2.60046924e-02, 4.35929036e-01, 0.0, -6.68192121e+00, -6.45913603e+00, -6.48200588e+00, -6.90518228e+00, 0.0, 2.0000000000, 8.0000000000, 0.0404502034
         128, 1.19041811e+00, 4.96888053e-01, 1.89893347e-02, 2.60020223e-02, 4.35935557e-01, 0.0, -6.71157822e+00, -6.48989738e+00, -6.51332978e+00, -6.93473392e+00, 0.0, 2.0000000000, 8.0000000000, 0.0408046166
         129, 1.19047839e+00, 4.96885532e-01, 1.89896012e-02, 2.59899211e-02, 4.35931826e-01, 0.0, -6.74549854e+00, -6.52453267e+00, -6.54698149e+00, -6.97363830e+00, 0.0, 2.0000000000, 8.0000000000, 0.0411372185
         130, 1.19049855e+00, 4.96894411e-01, 1.89898287e-02, 2.59896816e-02, 4.35941444e-01, 0.0, -6.77540755e+00, -6.55596241e+00, -6.57868631e+00, -7.00579711e+00, 0.0, 2.0000000000, 8.0000000000, 0.0414528847
         131, 1.19051161e+00, 4.96906658e-01, 1.89900783e-02, 2.59946157e-02, 4.35954955e-01, 0.0, -6.80285055e+00, -6.58544518e+00, -6.60888194e+00, -7.03444900e+00, 0.0, 2.0000000000, 8.0000000000, 0.0418327689
         132, 1.19052552e+00, 4.96911940e-01, 1.89903647e-02, 2.59922696e-02, 4.35960080e-01, 0.0, -6.82398117e+00, -6.61276671e+00, -6.63613361e+00, -7.06114867e+00, 0.0, 2.0000000000, 8.0000000000, 0.0422711015
         133, 1.19054788e+00, 4.96920615e-01, 1.89906737e-02, 2.59933854e-02, 4.35969287e-01, 0.0, -6.85577141e+00, -6.64383141e+00, -6.66876044e+00, -7.09312353e+00, 0.0, 2.0000000000, 8.0000000000, 0.0425774336
         134, 1.19056930e+00, 4.96921666e-01, 1.89909691e-02, 2.59889826e-02, 4.35969412e-01, 0.0, -6.88113637e+00, -6.67308215e+00, -6.69789967e+00, -7.12153727e+00, 0.0, 2.0000000000, 8.0000000000, 0.0429071347
         135, 1.19057699e+00, 4.96921522e-01, 1.89912334e-02, 2.59854242e-02, 4.35968294e-01, 0.0, -6.91271286e+00, -6.70536486e+00, -6.73003463e+00, -7.15726399e+00, 0.0, 2.0000000000, 8.0000000000, 0.0432089845
         136, 1.19057473e+00, 4.96922143e-01, 1.89914652e-02, 2.59853548e-02, 4.35968444e-01, 0.0, -6.93803257e+00, -6.73479646e+00, -6.76027077e+00, -7.18759591e+00, 0.0, 2.0000000000, 8.0000000000, 0.0435165842
         137, 1.19056984e+00, 4.96921284e-01, 1.89916856e-02, 2.59863805e-02, 4.35967271e-01, 0.0, -6.96437530e+00, -6.76428143e+00, -6.79129943e+00, -7.21897622e+00, 0.0, 2.0000000000, 8.0000000000, 0.0438169996
         138, 1.19056592e+00, 4.96918742e-01, 1.89919001e-02, 2.59873411e-02, 4.35964528e-01, 0.0, -6.98796569e+00, -6.79249012e+00, -6.82086712e+00, -7.24812209e+00, 0.0, 2.0000000000, 8.0000000000, 0.0441169024
         139, 1.19056452e+00, 4.96914737e-01, 1.89921089e-02, 2.59882524e-02, 4.35960405e-01, 0.0, -7.00670219e+00, -6.81742468e+00, -6.84733685e+00, -7.27210802e+00, 0.0, 2.0000000000, 8.0000000000, 0.0444178859
         140, 1.19056504e+00, 4.96910268e-01, 1.89923042e-02, 2.59896360e-02, 4.35956011e-01, 0.0, -7.02511956e+00, -6.84085925e+00, -6.87262445e+00, -7.29534792e+00, 0.0, 2.0000000000, 8.0000000000, 0.0447202166
         141, 1.19056725e+00, 4.96904950e-01, 1.89924789e-02, 2.59908658e-02, 4.35950810e-01, 0.0, -7.04209087e+00, -6.86256558e+00, -6.89734640e+00, -7.31800660e+00, 0.0, 2.0000000000, 8.0000000000, 0.0450224519
         142, 1.19057135e+00, 4.96899587e-01, 1.89926280e-02, 2.59922424e-02, 4.35945700e-01, 0.0, -7.05893340e+00, -6.88332289e+00, -6.92186098e+00, -7.34015708e+00, 0.0, 2.0000000000, 8.0000000000, 0.0453302344
         143, 1.19057760e+00, 4.96894146e-01, 1.89927555e-02, 2.59934365e-02, 4.35940575e-01, 0.0, -7.07868358e+00, -6.90503033e+00, -6.94720735e+00, -7.36442473e+00, 0.0, 2.0000000000, 8.0000000000, 0.0456265012
         144, 1.19058614e+00, 4.96889193e-01, 1.89928648e-02, 2.59946175e-02, 4.35936034e-01, 0.0, -7.10114727e+00, -6.92804491e+00, -6.97325735e+00, -7.39014744e+00, 0.0, 2.0000000000, 8.0000000000, 0.0459397515
         145, 1.19059709e+00, 4.96884693e-01, 1.89929605e-02, 2.59955492e-02, 4.35931954e-01, 0.0, -7.12687689e+00, -6.95298730e+00, -7.00000414e+00, -7.41791889e+00, 0.0, 2.0000000000, 8.0000000000, 0.0462671200
         146, 1.19061024e+00, 4.96881043e-01, 1.89930438e-02, 2.59964128e-02, 4.35928740e-01, 0.0, -7.15489500e+00, -6.97971596e+00, -7.02722793e+00, -7.44703833e+00, 0.0, 2.0000000000, 8.0000000000, 0.0465696335
         147, 1.19062523e+00, 4.96878185e-01, 1.89931165e-02, 2.59970987e-02, 4.35926259e-01, 0.0, -7.18499881e+00, -7.00838972e+00, -7.05495585e+00, -7.47787749e+00, 0.0, 2.0000000000, 8.0000000000, 0.0468653162
         148, 1.19064155e+00, 4.96876367e-01, 1.89931788e-02, 2.59977853e-02, 4.35924769e-01, 0.0, -7.21599121e+00, -7.03857976e+00, -7.08302565e+00, -7.50973709e+00, 0.0, 2.0000000000, 8.0000000000, 0.0471839865
         149, 1.19065875e+00, 4.96875444e-01, 1.89932326e-02, 2.59983732e-02, 4.35924066e-01, 0.0, -7.24723756e+00, -7.06990910e+00, -7.11119816e+00, -7.54230226e+00, 0.0, 2.0000000000, 8.0000000000, 0.0474853357
         150, 1.19067624e+00, 4.96875573e-01, 1.89932791e-02, 2.59990330e-02, 4.35924334e-01, 0.0, -7.27737510e+00, -7.10139492e+00, -7.13899762e+00, -7.57437834e+00, 0.0, 2.0000000000, 8.0000000000, 0.0477830847
         151, 1.19069343e+00, 4.96876580e-01, 1.89933208e-02, 2.59997110e-02, 4.35925370e-01, 0.0, -7.30567009e+00, -7.13206560e+00, -7.16597843e+00, -7.60502850e+00, 0.0, 2.0000000000, 8.0000000000, 0.0480854034
         152, 1.19070967e+00, 4.96878893e-01, 1.89933598e-02, 2.60008918e-02, 4.35927714e-01, 0.0, -7.33094478e+00, -7.16054494e+00, -7.19143269e+00, -7.63254075e+00, 0.0, 2.0000000000, 8.0000000000, 0.0483898362
         153, 1.19072810e+00, 4.96882739e-01, 1.89933998e-02, 2.60029693e-02, 4.35931674e-01, 0.0, -7.35164300e+00, -7.18517888e+00, -7.21422220e+00, -7.65409268e+00, 0.0, 2.0000000000, 8.0000000000, 0.0486913999
         154, 1.19074885e+00, 4.96884419e-01, 1.89934310e-02, 2.60024669e-02, 4.35932851e-01, 0.0, -7.36572141e+00, -7.20542551e+00, -7.23350603e+00, -7.66785063e+00, 0.0, 2.0000000000, 8.0000000000, 0.0489983002
         155, 1.19076675e+00, 4.96884878e-01, 1.89934533e-02, 2.60004511e-02, 4.35932423e-01, 0.0, -7.39260685e+00, -7.23130021e+00, -7.26023357e+00, -7.69992561e+00, 0.0, 2.0000000000, 8.0000000000, 0.0492903193
         156, 1.19077702e+00, 4.96887251e-01, 1.89934764e-02, 2.60001415e-02, 4.35934203e-01, 0.0, -7.42029230e+00, -7.25638511e+00, -7.28873427e+00, -7.73315047e+00, 0.0, 2.0000000000, 8.0000000000, 0.0495877028
         157, 1.19078646e+00, 4.96890420e-01, 1.89935046e-02, 2.60008168e-02, 4.35936896e-01, 0.0, -7.44083730e+00, -7.27564171e+00, -7.30854089e+00, -7.75021518e+00, 0.0, 2.0000000000, 8.0000000000, 0.0498971701
         158, 1.19079656e+00, 4.96892973e-01, 1.89935364e-02, 2.60008440e-02, 4.35938837e-01, 0.0, -7.45742691e+00, -7.29181574e+00, -7.32639202e+00, -7.76609314e+00, 0.0, 2.0000000000, 8.0000000000, 0.0501902501
         159, 1.19080781e+00, 4.96895158e-01, 1.89935684e-02, 2.60005317e-02, 4.35940352e-01, 0.0, -7.48088968e+00, -7.31162650e+00, -7.34987553e+00, -7.79046707e+00, 0.0, 2.0000000000, 8.0000000000, 0.0504893502
         160, 1.19081671e+00, 4.96897258e-01, 1.89935988e-02, 2.60002246e-02, 4.35941812e-01, 0.0, -7.50335857e+00, -7.33245660e+00, -7.37301199e+00, -7.81368332e+00, 0.0, 2.0000000000, 8.0000000000, 0.0508231839
         161, 1.19082354e+00, 4.96899338e-01, 1.89936260e-02, 2.60001574e-02, 4.35943332e-01, 0.0, -7.52800338e+00, -7.35502602e+00, -7.39557520e+00, -7.83658541e+00, 0.0, 2.0000000000, 8.0000000000, 0.0511279345
         162, 1.19082888e+00, 4.96901205e-01, 1.89936504e-02, 2.60000950e-02, 4.35944710e-01, 0.0, -7.55056226e+00, -7.37738692e+00, -7.41712589e+00, -7.85789263e+00, 0.0, 2.0000000000, 8.0000000000, 0.0514282346
         163, 1.19083406e+00, 4.96902713e-01, 1.89936736e-02, 2.59998914e-02, 4.35945788e-01, 0.0, -7.57398471e+00, -7.40065181e+00, -7.43915948e+00, -7.88067425e+00, 0.0, 2.0000000000, 8.0000000000, 0.0517279347
         164, 1.19083878e+00, 4.96904001e-01, 1.89936965e-02, 2.59996472e-02, 4.35946736e-01, 0.0, -7.59708361e+00, -7.42486117e+00, -7.46143475e+00, -7.90438122e+00, 0.0, 2.0000000000, 8.0000000000, 0.0520261367
         165, 1.19084298e+00, 4.96904999e-01, 1.89937190e-02, 2.59993450e-02, 4.35947463e-01, 0.0, -7.62082310e+00, -7.45025700e+00, -7.48431156e+00, -7.92916640e+00, 0.0, 2.0000000000, 8.0000000000, 0.0523364663
         166, 1.19084632e+00, 4.96905853e-01, 1.89937403e-02, 2.59991339e-02, 4.35948133e-01, 0.0, -7.64412386e+00, -7.47617130e+00, -7.50692204e+00, -7.95384433e+00, 0.0, 2.0000000000, 8.0000000000, 0.0526485999
         167, 1.19084926e+00, 4.96906419e-01, 1.89937604e-02, 2.59988898e-02, 4.35948560e-01, 0.0, -7.66664808e+00, -7.50172301e+00, -7.52945512e+00, -7.97767407e+00, 0.0, 2.0000000000, 8.0000000000, 0.0529513518
         168, 1.19085173e+00, 4.96906756e-01, 1.89937786e-02, 2.59986570e-02, 4.35948804e-01, 0.0, -7.68917210e+00, -7.52723233e+00, -7.55182849e+00, -8.00164238e+00, 0.0, 2.0000000000, 8.0000000000, 0.0532872200
         169, 1.19085426e+00, 4.96906842e-01, 1.89937959e-02, 2.59983973e-02, 4.35948824e-01, 0.0, -7.71004646e+00, -7.55125105e+00, -7.57371699e+00, -8.02326582e+00, 0.0, 2.0000000000, 8.0000000000, 0.0536154032
         170, 1.19085743e+00, 4.96906634e-01, 1.89938109e-02, 2.59980442e-02, 4.35948554e-01, 0.0, -7.73203854e+00, -7.57565267e+00, -7.59589577e+00, -8.04658468e+00, 0.0, 2.0000000000, 8.0000000000, 0.0539343357
         171, 1.19086017e+00, 4.96905821e-01, 1.89938233e-02, 2.59972475e-02, 4.35947607e-01, 0.0, -7.75261205e+00, -7.59902081e+00, -7.61817744e+00, -8.06924786e+00, 0.0, 2.0000000000, 8.0000000000, 0.0542431672
         172, 1.19086052e+00, 4.96906378e-01, 1.89938351e-02, 2.59979903e-02, 4.35948338e-01, 0.0, -7.76753502e+00, -7.61791028e+00, -7.63555395e+00, -8.08400840e+00, 0.0, 2.0000000000, 8.0000000000, 0.0546234171
         173, 1.19086124e+00, 4.96907055e-01, 1.89938500e-02, 2.59991378e-02, 4.35949242e-01, 0.0, -7.79102142e+00, -7.63840701e+00, -7.65727128e+00, -8.10324083e+00, 0.0, 2.0000000000, 8.0000000000, 0.0549213529
         174, 1.19086363e+00, 4.96906100e-01, 1.89938650e-02, 2.59984921e-02, 4.35948198e-01, 0.0, -7.81346504e+00, -7.66284032e+00, -7.67994661e+00, -8.13151604e+00, 0.0, 2.0000000000, 8.0000000000, 0.0552381516
         175, 1.19086630e+00, 4.96905314e-01, 1.89938761e-02, 2.59979424e-02, 4.35947358e-01, 0.0, -7.83117365e+00, -7.68094007e+00, -7.69858521e+00, -8.14532402e+00, 0.0, 2.0000000000, 8.0000000000, 0.0555406173
         176, 1.19086694e+00, 4.96905528e-01, 1.89938855e-02, 2.59986209e-02, 4.35947718e-01, 0.0, -7.85360552e+00, -7.70100572e+00, -7.71903639e+00, -8.16580001e+00, 0.0, 2.0000000000, 8.0000000000, 0.0558458169
         177, 1.19086660e+00, 4.96905622e-01, 1.89938981e-02, 2.59992447e-02, 4.35947938e-01, 0.0, -7.88422682e+00, -7.72738207e+00, -7.74634169e+00, -8.19573176e+00, 0.0, 2.0000000000, 8.0000000000, 0.0561541001
         178, 1.19086833e+00, 4.96904913e-01, 1.89939097e-02, 2.59988835e-02, 4.35947192e-01, 0.0, -7.90800996e+00, -7.75033569e+00, -7.76831009e+00, -8.21803998e+00, 0.0, 2.0000000000, 8.0000000000, 0.0564465682
         179, 1.19087046e+00, 4.96904231e-01, 1.89939200e-02, 2.59983533e-02, 4.35946474e-01, 0.0, -7.93243110e+00, -7.77456458e+00, -7.79231157e+00, -8.24270690e+00, 0.0, 2.0000000000, 8.0000000000, 0.0568577528
         180, 1.19087149e+00, 4.96904229e-01, 1.89939276e-02, 2.59986417e-02, 4.35946566e-01, 0.0, -7.94651270e+00, -7.79006837e+00, -7.80886519e+00, -8.25188277e+00, 0.0, 2.0000000000, 8.0000000000, 0.0572993199
         181, 1.19087126e+00, 4.96904239e-01, 1.89939374e-02, 2.59989609e-02, 4.35946669e-01, 0.0, -7.98333554e+00, -7.81976657e+00, -7.83931544e+00, -8.28914762e+00, 0.0, 2.0000000000, 8.0000000000, 0.0577449004
         182, 1.19087193e+00, 4.96903635e-01, 1.89939453e-02, 2.59985850e-02, 4.35946033e-01, 0.0, -8.00681690e+00, -7.84191599e+00, -7.86197652e+00, -8.30842008e+00, 0.0, 2.0000000000, 8.0000000000, 0.0581678351
         183, 1.19087330e+00, 4.96903506e-01, 1.89939551e-02, 2.59984975e-02, 4.35945962e-01, 0.0, -8.02986036e+00, -7.86666663e+00, -7.88561237e+00, -8.33119697e+00, 0.0, 2.0000000000, 8.0000000000, 0.0586113016
         184, 1.19087442e+00, 4.96903501e-01, 1.89939629e-02, 2.59985851e-02, 4.35946030e-01, 0.0, -8.05408226e+00, -7.88904612e+00, -7.90925892e+00, -8.35386978e+00, 0.0, 2.0000000000, 8.0000000000, 0.0591336687
         185, 1.19087453e+00, 4.96903300e-01, 1.89939702e-02, 2.59985384e-02, 4.35945856e-01, 0.0, -8.08590948e+00, -7.91727673e+00, -7.93751434e+00, -8.38591741e+00, 0.0, 2.0000000000, 8.0000000000, 0.0595884363
         186, 1.19087474e+00, 4.96903417e-01, 1.89939777e-02, 2.59987864e-02, 4.35946060e-01, 0.0, -8.10933542e+00, -7.93965146e+00, -7.96030954e+00, -8.40402650e+00, 0.0, 2.0000000000, 8.0000000000, 0.0600264668
         187, 1.19087544e+00, 4.96903233e-01, 1.89939857e-02, 2.59986887e-02, 4.35945894e-01, 0.0, -8.13799788e+00, -7.96767463e+00, -7.98706908e+00, -8.43476781e+00, 0.0, 2.0000000000, 8.0000000000, 0.0604468505
         188, 1.19087629e+00, 4.96903081e-01, 1.89939921e-02, 2.59986025e-02, 4.35945759e-01, 0.0, -8.16217757e+00, -7.99265761e+00, -8.01194919e+00, -8.45701835e+00, 0.0, 2.0000000000, 8.0000000000, 0.0608898997
         189, 1.19087680e+00, 4.96903030e-01, 1.89939982e-02, 2.59986828e-02, 4.35945737e-01, 0.0, -8.18821403e+00, -8.01754513e+00, -8.03645000e+00, -8.48098081e+00, 0.0, 2.0000000000, 8.0000000000, 0.0613399188
         190, 1.19087683e+00, 4.96902569e-01, 1.89940028e-02, 2.59983978e-02, 4.35945217e-01, 0.0, -8.22013890e+00, -8.04640222e+00, -8.06583524e+00, -8.51361444e+00, 0.0, 2.0000000000, 8.0000000000, 0.0617803335
         191, 1.19087730e+00, 4.96902725e-01, 1.89940089e-02, 2.59986916e-02, 4.35945433e-01, 0.0, -8.23348869e+00, -8.06310211e+00, -8.08193477e+00, -8.51982778e+00, 0.0, 2.0000000000, 8.0000000000, 0.0622155031
         192, 1.19087782e+00, 4.96902690e-01, 1.89940148e-02, 2.59988003e-02, 4.35945413e-01, 0.0, -8.27127557e+00, -8.09563239e+00, -8.11492858e+00, -8.56204407e+00, 0.0, 2.0000000000, 8.0000000000, 0.0626666029
         193, 1.19087833e+00, 4.96902520e-01, 1.89940198e-02, 2.59987722e-02, 4.35945225e-01, 0.0, -8.29699968e+00, -8.12256762e+00, -8.14251996e+00, -8.58802711e+00, 0.0, 2.0000000000, 8.0000000000, 0.0631137331
         194, 1.19087840e+00, 4.96902231e-01, 1.89940237e-02, 2.59986323e-02, 4.35944888e-01, 0.0, -8.32725243e+00, -8.15062108e+00, -8.16901616e+00, -8.61644263e+00, 0.0, 2.0000000000, 8.0000000000, 0.0635598858
         195, 1.19087883e+00, 4.96902475e-01, 1.89940291e-02, 2.59989920e-02, 4.35945187e-01, 0.0, -8.34243810e+00, -8.16872270e+00, -8.18687278e+00, -8.62403485e+00, 0.0, 2.0000000000, 8.0000000000, 0.0639962355
         196, 1.19087926e+00, 4.96902380e-01, 1.89940340e-02, 2.59989778e-02, 4.35945076e-01, 0.0, -8.38177205e+00, -8.20267270e+00, -8.22017852e+00, -8.66769052e+00, 0.0, 2.0000000000, 8.0000000000, 0.0644416332
         197, 1.19087979e+00, 4.96902269e-01, 1.89940376e-02, 2.59989187e-02, 4.35944944e-01, 0.0, -8.40333901e+00, -8.22772006e+00, -8.24545943e+00, -8.68744858e+00, 0.0, 2.0000000000, 8.0000000000, 0.0648782174
         198, 1.19088018e+00, 4.96902216e-01, 1.89940408e-02, 2.59989120e-02, 4.35944880e-01, 0.0, -8.43719111e+00, -8.25724762e+00, -8.27384677e+00, -8.71913384e+00, 0.0, 2.0000000000, 8.0000000000, 0.0653213859
         199, 1.19088028e+00, 4.96902106e-01, 1.89940440e-02, 2.59988367e-02, 4.35944747e-01, 0.0, -8.46742137e+00, -8.28599810e+00, -8.30226561e+00, -8.74865562e+00, 0.0, 2.0000000000, 8.0000000000, 0.0657735030
         200, 1.19088081e+00, 4.96902359e-01, 1.89940479e-02, 2.59990811e-02, 4.35945049e-01, 0.0, -8.48753816e+00, -8.30829237e+00, -8.32414908e+00, -8.76347117e+00, 0.0, 2.0000000000, 8.0000000000, 0.0662290851
         201, 1.19088135e+00, 4.96902261e-01, 1.89940514e-02, 2.59989616e-02, 4.35944929e-01, 0.0, -8.52356665e+00, -8.34055901e+00, -8.35594256e+00, -8.80235856e+00, 0.0, 2.0000000000, 8.0000000000, 0.0666790684
         202, 1.19088182e+00, 4.96902297e-01, 1.89940541e-02, 2.59989550e-02, 4.35944966e-01, 0.0, -8.54683263e+00, -8.36656015e+00, -8.38145775e+00, -8.82352900e+00, 0.0, 2.0000000000, 8.0000000000, 0.0671181679
         203, 1.19088201e+00, 4.96902312e-01, 1.89940570e-02, 2.59989459e-02, 4.35944979e-01, 0.0, -8.58244010e+00, -8.39744289e+00, -8.41203425e+00, -8.85804861e+00, 0.0, 2.0000000000, 8.0000000000, 0.0675560673
         204, 1.19088226e+00, 4.96902394e-01, 1.89940599e-02, 2.59989964e-02, 4.35945070e-01, 0.0, -8.60909898e+00, -8.42406682e+00, -8.43865362e+00, -8.88166785e+00, 0.0, 2.0000000000, 8.0000000000, 0.0679777861
         205, 1.19088272e+00, 4.96902397e-01, 1.89940630e-02, 2.59989622e-02, 4.35945066e-01, 0.0, -8.63740174e+00, -8.45259335e+00, -8.46642257e+00, -8.91007772e+00, 0.0, 2.0000000000, 8.0000000000, 0.0684158842
         206, 1.19088314e+00, 4.96902423e-01, 1.89940657e-02, 2.59989454e-02, 4.35945089e-01, 0.0, -8.66518400e+00, -8.48081959e+00, -8.49385647e+00, -8.93746414e+00, 0.0, 2.0000000000, 8.0000000000, 0.0688565691
         207, 1.19088345e+00, 4.96902445e-01, 1.89940684e-02, 2.59989472e-02, 4.35945107e-01, 0.0, -8.69212640e+00, -8.50778046e+00, -8.52057511e+00, -8.96309888e+00, 0.0, 2.0000000000, 8.0000000000, 0.0692971349
         208, 1.19088352e+00, 4.96902397e-01, 1.89940706e-02, 2.59988936e-02, 4.35945041e-01, 0.0, -8.72293489e+00, -8.53695707e+00, -8.54952865e+00, -8.99355710e+00, 0.0, 2.0000000000, 8.0000000000, 0.0697332859
         209, 1.19088375e+00, 4.96902483e-01, 1.89940734e-02, 2.59989746e-02, 4.35945137e-01, 0.0, -8.74293044e+00, -8.55913593e+00, -8.57185842e+00, -9.01001329e+00, 0.0, 2.0000000000, 8.0000000000, 0.0701928854
         210, 1.19088402e+00, 4.96902493e-01, 1.89940759e-02, 2.59989844e-02, 4.35945143e-01, 0.0, -8.77583792e+00, -8.58949970e+00, -8.60171610e+00, -9.04404712e+00, 0.0, 2.0000000000, 8.0000000000, 0.0706363201
         211, 1.19088422e+00, 4.96902465e-01, 1.89940783e-02, 2.59989625e-02, 4.35945104e-01, 0.0, -8.80030247e+00, -8.61608466e+00, -8.62831325e+00, -9.06910949e+00, 0.0, 2.0000000000, 8.0000000000, 0.0711092194
         212, 1.19088436e+00, 4.96902485e-01, 1.89940804e-02, 2.59989943e-02, 4.35945126e-01, 0.0, -8.82875105e+00, -8.64345439e+00, -8.65476312e+00, -9.09596168e+00, 0.0, 2.0000000000, 8.0000000000, 0.0715562344
         213, 1.19088451e+00, 4.96902455e-01, 1.89940826e-02, 2.59989844e-02, 4.35945088e-01, 0.0, -8.85725130e+00, -8.67138719e+00, -8.68252252e+00, -9.12478566e+00, 0.0, 2.0000000000, 8.0000000000, 0.0720114867
         214, 1.19088465e+00, 4.96902448e-01, 1.89940844e-02, 2.59989946e-02, 4.35945080e-01, 0.0, -8.88344835e+00, -8.69832533e+00, -8.70921370e+00, -9.15139179e+00, 0.0, 2.0000000000, 8.0000000000, 0.0724527001
         215, 1.19088478e+00, 4.96902421e-01, 1.89940863e-02, 2.59989891e-02, 4.35945049e-01, 0.0, -8.90900583e+00, -8.72439284e+00, -8.73513884e+00, -9.17674098e+00, 0.0, 2.0000000000, 8.0000000000, 0.0728929361
         216, 1.19088491e+00, 4.96902419e-01, 1.89940880e-02, 2.59990071e-02, 4.35945051e-01, 0.0, -8.93671368e+00, -8.75135584e+00, -8.76192976e+00, -9.20371635e+00, 0.0, 2.0000000000, 8.0000000000, 0.0733381351
         217, 1.19088505e+00, 4.96902389e-01, 1.89940896e-02, 2.59989982e-02, 4.35945019e-01, 0.0, -8.96320263e+00, -8.77771370e+00, -8.78805145e+00, -9.22989229e+00, 0.0, 2.0000000000, 8.0000000000, 0.0737822175
         218, 1.19088520e+00, 4.96902383e-01, 1.89940911e-02, 2.59990098e-02, 4.35945017e-01, 0.0, -8.98907228e+00, -8.80359078e+00, -8.81367261e+00, -9.25506265e+00, 0.0, 2.0000000000, 8.0000000000, 0.0742226998
         219, 1.19088534e+00, 4.96902358e-01, 1.89940924e-02, 2.59990043e-02, 4.35944992e-01, 0.0, -9.01550846e+00, -8.82954121e+00, -8.83934335e+00, -9.28084465e+00, 0.0, 2.0000000000, 8.0000000000, 0.0746657530
         220, 1.19088549e+00, 4.96902355e-01, 1.89940936e-02, 2.59990171e-02, 4.35944993e-01, 0.0, -9.04223545e+00, -8.85572590e+00, -8.86532580e+00, -9.30691245e+00, 0.0, 2.0000000000, 8.0000000000, 0.0751207670
         221, 1.19088565e+00, 4.96902335e-01, 1.89940947e-02, 2.59990132e-02, 4.35944973e-01, 0.0, -9.06898390e+00, -8.88192361e+00, -8.89107280e+00, -9.33305695e+00, 0.0, 2.0000000000, 8.0000000000, 0.0756508867
         222, 1.19088580e+00, 4.96902335e-01, 1.89940957e-02, 2.59990264e-02, 4.35944977e-01, 0.0, -9.09597258e+00, -8.90833185e+00, -8.91685613e+00, -9.35907933e+00, 0.0, 2.0000000000, 8.0000000000, 0.0760963678
         223, 1.19088596e+00, 4.96902321e-01, 1.89940966e-02, 2.59990250e-02, 4.35944962e-01, 0.0, -9.12296551e+00, -8.93475564e+00, -8.94241757e+00, -9.38533007e+00, 0.0, 2.0000000000, 8.0000000000, 0.0765369336
         224, 1.19088611e+00, 4.96902325e-01, 1.89940974e-02, 2.59990383e-02, 4.35944969e-01, 0.0, -9.14988039e+00, -8.96124213e+00, -8.96796559e+00, -9.41126726e+00, 0.0, 2.0000000000, 8.0000000000, 0.0769704342
         225, 1.19088626e+00, 4.96902315e-01, 1.89940982e-02, 2.59990373e-02, 4.35944957e-01, 0.0, -9.17643260e+00, -8.98756264e+00, -8.99319562e+00, -9.43722311e+00, 0.0, 2.0000000000, 8.0000000000, 0.0774009188
         226, 1.19088641e+00, 4.96902323e-01, 1.89940989e-02, 2.59990495e-02, 4.35944965e-01, 0.0, -9.20278297e+00, -9.01377272e+00, -9.01834224e+00, -9.46283738e+00, 0.0, 2.0000000000, 8.0000000000, 0.0778468847
         227, 1.19088656e+00, 4.96902317e-01, 1.89940996e-02, 2.59990476e-02, 4.35944957e-01, 0.0, -9.22889501e+00, -9.03981676e+00, -9.04329095e+00, -9.48857467e+00, 0.0, 2.0000000000, 8.0000000000, 0.0782887340
         228, 1.19088671e+00, 4.96902324e-01, 1.89941002e-02, 2.59990534e-02, 4.35944961e-01, 0.0, -9.25517461e+00, -9.06583014e+00, -9.06825520e+00, -9.51443726e+00, 0.0, 2.0000000000, 8.0000000000, 0.0787493189
         229, 1.19088683e+00, 4.96902300e-01, 1.89941007e-02, 2.59990295e-02, 4.35944929e-01, 0.0, -9.28215903e+00, -9.09207977e+00, -9.09338390e+00, -9.54134429e+00, 0.0, 2.0000000000, 8.0000000000, 0.0792107503
         230, 1.19088693e+00, 4.96902327e-01, 1.89941012e-02, 2.59990508e-02, 4.35944957e-01, 0.0, -9.30423566e+00, -9.11469797e+00, -9.11488113e+00, -9.56179276e+00, 0.0, 2.0000000000, 8.0000000000, 0.0796650529
         231, 1.19088703e+00, 4.96902337e-01, 1.89941018e-02, 2.59990566e-02, 4.35944964e-01, 0.0, -9.32965344e+00, -9.13947077e+00, -9.13967966e+00, -9.58732057e+00, 0.0, 2.0000000000, 8.0000000000, 0.0801181515
         232, 1.19088716e+00, 4.96902347e-01, 1.89941023e-02, 2.59990564e-02, 4.35944970e-01, 0.0, -9.35265542e+00, -9.16292325e+00, -9.16307672e+00, -9.61081033e+00, 0.0, 2.0000000000, 8.0000000000, 0.0805540999
         233, 1.19088729e+00, 4.96902345e-01, 1.89941027e-02, 2.59990430e-02, 4.35944962e-01, 0.0, -9.37764852e+00, -9.18745130e+00, -9.18769192e+00, -9.63571806e+00, 0.0, 2.0000000000, 8.0000000000, 0.0809873501
         234, 1.19088737e+00, 4.96902366e-01, 1.89941031e-02, 2.59990507e-02, 4.35944982e-01, 0.0, -9.40287278e+00, -9.21165918e+00, -9.21118375e+00, -9.66059393e+00, 0.0, 2.0000000000, 8.0000000000, 0.0814295848
         235, 1.19088744e+00, 4.96902387e-01, 1.89941035e-02, 2.59990610e-02, 4.35945001e-01, 0.0, -9.42315442e+00, -9.23236031e+00, -9.23314654e+00, -9.67936853e+00, 0.0, 2.0000000000, 8.0000000000, 0.0818796833
         236, 1.19088751e+00, 4.96902399e-01, 1.89941038e-02, 2.59990603e-02, 4.35945011e-01, 0.0, -9.44515366e+00, -9.25440355e+00, -9.25487160e+00, -9.70176676e+00, 0.0, 2.0000000000, 8.0000000000, 0.0823235671
         237, 1.19088762e+00, 4.96902410e-01, 1.89941042e-02, 2.59990581e-02, 4.35945019e-01, 0.0, -9.46580426e+00, -9.27534324e+00, -9.27775401e+00, -9.72218979e+00, 0.0, 2.0000000000, 8.0000000000, 0.0827837348
         238, 1.19088770e+00, 4.96902402e-01, 1.89941045e-02, 2.59990367e-02, 4.35945005e-01, 0.0, -9.49413968e+00, -9.30115819e+00, -9.30238009e+00, -9.75035732e+00, 0.0, 2.0000000000, 8.0000000000, 0.0832221190
         239, 1.19088775e+00, 4.96902423e-01, 1.89941047e-02, 2.59990456e-02, 4.35945026e-01, 0.0, -9.51214950e+00, -9.32123609e+00, -9.32268846e+00, -9.76792992e+00, 0.0, 2.0000000000, 8.0000000000, 0.0836601694
         240, 1.19088779e+00, 4.96902446e-01, 1.89941050e-02, 2.59990592e-02, 4.35945049e-01, 0.0, -9.53939898e+00, -9.34568019e+00, -9.34655460e+00, -9.79377879e+00, 0.0, 2.0000000000, 8.0000000000, 0.0841008862
         241, 1.19088783e+00, 4.96902452e-01, 1.89941053e-02, 2.59990572e-02, 4.35945053e-01, 0.0, -9.56038546e+00, -9.36773652e+00, -9.36997131e+00, -9.81710525e+00, 0.0, 2.0000000000, 8.0000000000, 0.0845442851
         242, 1.19088789e+00, 4.96902459e-01, 1.89941055e-02, 2.59990556e-02, 4.35945058e-01, 0.0, -9.58247422e+00, -9.38995043e+00, -9.39206517e+00, -9.83864084e+00, 0.0, 2.0000000000, 8.0000000000, 0.0849793355
         243, 1.19088795e+00, 4.96902457e-01, 1.89941058e-02, 2.59990466e-02, 4.35945053e-01, 0.0, -9.60612298e+00, -9.41382331e+00, -9.41583624e+00, -9.86222438e+00, 0.0, 2.0000000000, 8.0000000000, 0.0854243517
