TITLE = "SU2 Simulation"
VARIABLES = "Iteration","Sens_Geo","Sens_Mach","Sens_AoA","Sens_Press","Sens_Temp","Sens_AoS","Res_AdjFlow[0]","Res_AdjFlow[1]","Res_AdjFlow[2]","Res_AdjFlow[3]","Res_AdjFlow[4]","Linear_Solver_Iterations","CFL_Number","Time(min)"
ZONE T= "Convergence history"
        1699, -2.32150053e-01, 5.55762664e-03, 4.69740919e-04, 2.22232234e-04, 5.41570609e-03, 0.0, -5.93059050e+00, -5.68623534e+00, -5.86680348e+00, -5.88942215e+00, 0.0, 2.0000000000, 8.0000000000, 0.0007269502
        1700, -2.32315766e-01, 5.39605030e-03, 4.70060658e-04, 4.69087053e-05, 5.21578967e-03, 0.0, -5.70575236e+00, -5.64500981e+00, -5.62964559e+00, -6.01964882e+00, 0.0, 2.0000000000, 8.0000000000, 0.0010484020
        1701, -2.31634550e-01, 5.23938724e-03, 4.71669142e-04, -1.64032246e-04, 5.00341366e-03, 0.0, -5.62148538e+00, -5.55389325e+00, -5.68069386e+00, -6.06968288e+00, 0.0, 2.0000000000, 8.0000000000, 0.0013844331
        1702, -2.31134945e-01, 5.67468547e-03, 4.74942439e-04, 2.14969445e-04, 5.47087561e-03, 0.0, -5.61992993e+00, -5.54739927e+00, -5.72105959e+00, -6.06495058e+00, 0.0, 2.0000000000, 8.0000000000, 0.0017785827
        1703, -2.29301758e-01, 5.70158495e-03, 4.77250527e-04, 2.56978092e-04, 5.43258758e-03, 0.0, -5.64013639e+00, -5.56285774e+00, -5.77444377e+00, -6.10619769e+00, 0.0, 2.0000000000, 8.0000000000, 0.0020886183
        1704, -2.28989605e-01, 5.76588614e-03, 4.78569289e-04, 3.18766393e-04, 5.46515556e-03, 0.0, -5.63931638e+00, -5.54922617e+00, -5.81847167e+00, -6.12548736e+00, 0.0, 2.0000000000, 8.0000000000, 0.0023929358
        1705, -2.29633398e-01, 5.84524038e-03, 4.80812407e-04, 3.67231520e-04, 5.56838125e-03, 0.0, -5.62398217e+00, -5.51333445e+00, -5.82740806e+00, -6.09448583e+00, 0.0, 2.0000000000, 8.0000000000, 0.0027250330
        1706, -2.30321715e-01, 5.88459682e-03, 4.84346088e-04, 3.42717728e-04, 5.66782689e-03, 0.0, -5.62376553e+00, -5.49380411e+00, -5.85639603e+00, -6.09591521e+00, 0.0, 2.0000000000, 8.0000000000, 0.0032212496
        1707, -2.30876829e-01, 5.89211686e-03, 4.88352585e-04, 2.67025545e-04, 5.73931711e-03, 0.0, -5.63789285e+00, -5.49084012e+00, -5.89679302e+00, -6.10873988e+00, 0.0, 2.0000000000, 8.0000000000, 0.0037329992
        1708, -2.31418721e-01, 5.69294533e-03, 4.90881031e-04, -8.16172893e-06, 5.54303670e-03, 0.0, -5.65786844e+00, -5.49375805e+00, -5.91790575e+00, -6.11585378e+00, 0.0, 2.0000000000, 8.0000000000, 0.0041690826
        1709, -2.31948619e-01, 5.78799338e-03, 4.91908420e-04, 4.00434702e-06, 5.67332894e-03, 0.0, -5.66776338e+00, -5.49376270e+00, -5.89997359e+00, -6.10144631e+00, 0.0, 2.0000000000, 8.0000000000, 0.0045281847
        1710, -2.32667936e-01, 5.74270986e-03, 4.90268119e-04, -7.89511896e-05, 5.61645696e-03, 0.0, -5.69655323e+00, -5.50871199e+00, -5.93201303e+00, -6.13885241e+00, 0.0, 2.0000000000, 8.0000000000, 0.0048391501
        1711, -2.33462697e-01, 5.66214820e-03, 4.86263456e-04, -1.71917084e-04, 5.51330522e-03, 0.0, -5.70012248e+00, -5.51729304e+00, -5.91590640e+00, -6.13830131e+00, 0.0, 2.0000000000, 8.0000000000, 0.0051578681
        1712, -2.34323538e-01, 5.57650913e-03, 4.80410180e-04, -2.43748350e-04, 5.41178100e-03, 0.0, -5.69812283e+00, -5.52404484e+00, -5.90043883e+00, -6.14202071e+00, 0.0, 2.0000000000, 8.0000000000, 0.0054672519
        1713, -2.35227785e-01, 5.47915848e-03, 4.72988339e-04, -3.01096865e-04, 5.31047993e-03, 0.0, -5.69465326e+00, -5.53008123e+00, -5.89668628e+00, -6.14792637e+00, 0.0, 2.0000000000, 8.0000000000, 0.0057696342
        1714, -2.36143323e-01, 5.36516761e-03, 4.64178310e-04, -3.49331067e-04, 5.20619298e-03, 0.0, -5.69288569e+00, -5.53740123e+00, -5.89950108e+00, -6.15516599e+00, 0.0, 2.0000000000, 8.0000000000, 0.0060800354
        1715, -2.37023018e-01, 5.23352821e-03, 4.54183935e-04, -3.87233975e-04, 5.09822490e-03, 0.0, -5.69418663e+00, -5.54646186e+00, -5.90474540e+00, -6.16343852e+00, 0.0, 2.0000000000, 8.0000000000, 0.0064504663
        1716, -2.37819406e-01, 5.08362650e-03, 4.43235875e-04, -4.11585176e-04, 4.98528613e-03, 0.0, -5.69915989e+00, -5.55684593e+00, -5.91186682e+00, -6.17239756e+00, 0.0, 2.0000000000, 8.0000000000, 0.0067984660
        1717, -2.38493862e-01, 4.91533660e-03, 4.31573983e-04, -4.18780253e-04, 4.86604049e-03, 0.0, -5.70815234e+00, -5.56782515e+00, -5.92136363e+00, -6.18173621e+00, 0.0, 2.0000000000, 8.0000000000, 0.0071214676
        1718, -2.39018420e-01, 4.72955272e-03, 4.19451301e-04, -4.05576088e-04, 4.73972455e-03, 0.0, -5.72152018e+00, -5.57868536e+00, -5.93347666e+00, -6.19179740e+00, 0.0, 2.0000000000, 8.0000000000, 0.0074466825
        1719, -2.39378131e-01, 4.52683442e-03, 4.07126271e-04, -3.71236594e-04, 4.60448883e-03, 0.0, -5.73908327e+00, -5.58851983e+00, -5.94781699e+00, -6.20318211e+00, 0.0, 2.0000000000, 8.0000000000, 0.0079095840
        1720, -2.39554478e-01, 4.29666995e-03, 3.94818179e-04, -3.28014481e-04, 4.44463644e-03, 0.0, -5.76005909e+00, -5.59651909e+00, -5.96443226e+00, -6.21768775e+00, 0.0, 2.0000000000, 8.0000000000, 0.0082660516
        1721, -2.39586332e-01, 3.95192196e-03, 3.82734313e-04, -3.65512381e-04, 4.14679492e-03, 0.0, -5.78313877e+00, -5.60260117e+00, -5.98109183e+00, -6.24111054e+00, 0.0, 2.0000000000, 8.0000000000, 0.0086059848
        1722, -2.39700665e-01, 3.73033584e-03, 3.71358104e-04, -2.62478824e-04, 4.00025995e-03, 0.0, -5.75635394e+00, -5.56334690e+00, -5.91052673e+00, -6.16294442e+00, 0.0, 2.0000000000, 8.0000000000, 0.0089241346
        1723, -2.39845194e-01, 3.49023852e-03, 3.60980761e-04, -1.66277189e-04, 3.82899561e-03, 0.0, -5.74413368e+00, -5.53877614e+00, -5.87538039e+00, -6.11169776e+00, 0.0, 2.0000000000, 8.0000000000, 0.0092235327
        1724, -2.39881533e-01, 3.21775802e-03, 3.51520418e-04, -1.07076221e-04, 3.61400804e-03, 0.0, -5.74465019e+00, -5.52588538e+00, -5.85481620e+00, -6.09473556e+00, 0.0, 2.0000000000, 8.0000000000, 0.0095274488
        1725, -2.39779019e-01, 2.95657301e-03, 3.42900248e-04, -4.71408614e-05, 3.40660374e-03, 0.0, -5.75015237e+00, -5.51946323e+00, -5.85177392e+00, -6.09589680e+00, 0.0, 2.0000000000, 8.0000000000, 0.0098684351
        1726, -2.39614639e-01, 2.70647964e-03, 3.35001784e-04, 1.21136523e-05, 3.20571892e-03, 0.0, -5.75900145e+00, -5.51609228e+00, -5.86460197e+00, -6.10886526e+00, 0.0, 2.0000000000, 8.0000000000, 0.0101927837
        1727, -2.39466244e-01, 2.46426702e-03, 3.27750681e-04, 6.18075448e-05, 3.00720512e-03, 0.0, -5.76673731e+00, -5.51305626e+00, -5.88062143e+00, -6.12336376e+00, 0.0, 2.0000000000, 8.0000000000, 0.0105140011
        1728, -2.39351551e-01, 2.23352053e-03, 3.21167709e-04, 9.84139824e-05, 2.81520118e-03, 0.0, -5.77320776e+00, -5.51082657e+00, -5.89493042e+00, -6.13756326e+00, 0.0, 2.0000000000, 8.0000000000, 0.0108210325
        1729, -2.39252987e-01, 2.02020543e-03, 3.15314707e-04, 1.22614317e-04, 2.63661115e-03, 0.0, -5.77969668e+00, -5.51038297e+00, -5.90875473e+00, -6.15232960e+00, 0.0, 2.0000000000, 8.0000000000, 0.0111167192
        1730, -2.39158677e-01, 1.82964725e-03, 3.10228080e-04, 1.36981570e-04, 2.47752800e-03, 0.0, -5.78742043e+00, -5.51257728e+00, -5.92396844e+00, -6.16839090e+00, 0.0, 2.0000000000, 8.0000000000, 0.0114467859
        1731, -2.39074801e-01, 1.66466460e-03, 3.05893889e-04, 1.43890304e-04, 2.34124119e-03, 0.0, -5.79671525e+00, -5.51760665e+00, -5.94082474e+00, -6.18556343e+00, 0.0, 2.0000000000, 8.0000000000, 0.0117485682
        1732, -2.39014850e-01, 1.52536830e-03, 3.02262767e-04, 1.44891570e-04, 2.22816259e-03, 0.0, -5.80753175e+00, -5.52526939e+00, -5.95876296e+00, -6.20345941e+00, 0.0, 2.0000000000, 8.0000000000, 0.0121726672
        1733, -2.38987403e-01, 1.41007320e-03, 2.99274708e-04, 1.41248537e-04, 2.13686333e-03, 0.0, -5.81996848e+00, -5.53534268e+00, -5.97763721e+00, -6.22201477e+00, 0.0, 2.0000000000, 8.0000000000, 0.0124630491
        1734, -2.38993361e-01, 1.31622665e-03, 2.96873230e-04, 1.34514926e-04, 2.06498427e-03, 0.0, -5.83434471e+00, -5.54775607e+00, -5.99791369e+00, -6.24147504e+00, 0.0, 2.0000000000, 8.0000000000, 0.0127563834
        1735, -2.39030037e-01, 1.24081390e-03, 2.95006687e-04, 1.26512287e-04, 2.00954465e-03, 0.0, -5.85104353e+00, -5.56257273e+00, -6.02018326e+00, -6.26218325e+00, 0.0, 2.0000000000, 8.0000000000, 0.0130440156
        1736, -2.39095239e-01, 1.18047671e-03, 2.93624352e-04, 1.18925355e-04, 1.96702880e-03, 0.0, -5.87042591e+00, -5.57992369e+00, -6.04478138e+00, -6.28448066e+00, 0.0, 2.0000000000, 8.0000000000, 0.0133375525
        1737, -2.39188452e-01, 1.13169726e-03, 2.92673974e-04, 1.12964737e-04, 1.93364935e-03, 0.0, -5.89284430e+00, -5.59997767e+00, -6.07179328e+00, -6.30874080e+00, 0.0, 2.0000000000, 8.0000000000, 0.0136424184
        1738, -2.39310141e-01, 1.09109362e-03, 2.92102244e-04, 1.09263260e-04, 1.90576616e-03, 0.0, -5.91864129e+00, -5.62292490e+00, -6.10121088e+00, -6.33537090e+00, 0.0, 2.0000000000, 8.0000000000, 0.0139337500
        1739, -2.39460682e-01, 1.05570028e-03, 2.91856429e-04, 1.07933080e-04, 1.88025695e-03, 0.0, -5.94810321e+00, -5.64895368e+00, -6.13296977e+00, -6.36473568e+00, 0.0, 2.0000000000, 8.0000000000, 0.0142369668
        1740, -2.39639506e-01, 1.02314862e-03, 2.91885638e-04, 1.08679029e-04, 1.85473214e-03, 0.0, -5.98140630e+00, -5.67822586e+00, -6.16683706e+00, -6.39707500e+00, 0.0, 2.0000000000, 8.0000000000, 0.0145456831
        1741, -2.39844526e-01, 9.91748736e-04, 2.92141382e-04, 1.10922205e-04, 1.82761454e-03, 0.0, -6.01857847e+00, -5.71085647e+00, -6.20227333e+00, -6.43245861e+00, 0.0, 2.0000000000, 8.0000000000, 0.0148891330
        1742, -2.40071866e-01, 9.60503904e-04, 2.92577826e-04, 1.13926341e-04, 1.79813904e-03, 0.0, -6.05946878e+00, -5.74689411e+00, -6.23835762e+00, -6.47076034e+00, 0.0, 2.0000000000, 8.0000000000, 0.0151916186
        1743, -2.40315935e-01, 9.29075820e-04, 2.93152032e-04, 1.16920391e-04, 1.76629814e-03, 0.0, -6.10371283e+00, -5.78629829e+00, -6.27379425e+00, -6.51162593e+00, 0.0, 2.0000000000, 8.0000000000, 0.0155079325
        1744, -2.40569836e-01, 8.97703029e-04, 2.93824317e-04, 1.19202266e-04, 1.73273370e-03, 0.0, -6.15069562e+00, -5.82891349e+00, -6.30701628e+00, -6.55443672e+00, 0.0, 2.0000000000, 8.0000000000, 0.0158210675
        1745, -2.40826055e-01, 8.67074488e-04, 2.94558661e-04, 1.20210233e-04, 1.69857458e-03, 0.0, -6.19952693e+00, -5.87444112e+00, -6.33641746e+00, -6.59829057e+00, 0.0, 2.0000000000, 8.0000000000, 0.0161302169
        1746, -2.41077388e-01, 8.38170436e-04, 2.95323134e-04, 1.19560197e-04, 1.66523588e-03, 0.0, -6.24905457e+00, -5.92241207e+00, -6.36069749e+00, -6.64202847e+00, 0.0, 2.0000000000, 8.0000000000, 0.0164401174
        1747, -2.41318133e-01, 8.12107144e-04, 2.96090363e-04, 1.17071953e-04, 1.63422680e-03, 0.0, -6.29795063e+00, -5.97217004e+00, -6.37920461e+00, -6.68434346e+00, 0.0, 2.0000000000, 8.0000000000, 0.0167379022
        1748, -2.41546026e-01, 7.90132740e-04, 2.96838408e-04, 1.12912959e-04, 1.60714540e-03, 0.0, -6.34491274e+00, -6.02289143e+00, -6.39212149e+00, -6.72402137e+00, 0.0, 2.0000000000, 8.0000000000, 0.0170353174
        1749, -2.41768611e-01, 7.75201492e-04, 2.97555742e-04, 1.09184470e-04, 1.58757167e-03, 0.0, -6.38906012e+00, -6.07371258e+00, -6.40047370e+00, -6.76041806e+00, 0.0, 2.0000000000, 8.0000000000, 0.0173469027
        1750, -2.41953121e-01, 7.93743491e-04, 2.98292838e-04, 1.29920926e-04, 1.60727023e-03, 0.0, -6.43083529e+00, -6.12413558e+00, -6.40628871e+00, -6.79454562e+00, 0.0, 2.0000000000, 8.0000000000, 0.0176721493
        1751, -2.42019145e-01, 7.87754500e-04, 2.98909467e-04, 1.21085278e-04, 1.59658958e-03, 0.0, -6.45504421e+00, -6.16400672e+00, -6.40257923e+00, -6.80129918e+00, 0.0, 2.0000000000, 8.0000000000, 0.0180129329
        1752, -2.42097965e-01, 7.89443704e-04, 2.99405801e-04, 1.11883694e-04, 1.59412454e-03, 0.0, -6.46743000e+00, -6.19559618e+00, -6.39413950e+00, -6.80543261e+00, 0.0, 2.0000000000, 8.0000000000, 0.0183410327
        1753, -2.42242483e-01, 8.16719781e-04, 2.99857469e-04, 1.23717412e-04, 1.62155300e-03, 0.0, -6.48852190e+00, -6.22915086e+00, -6.39783739e+00, -6.82603705e+00, 0.0, 2.0000000000, 8.0000000000, 0.0186731497
        1754, -2.42305503e-01, 8.24483994e-04, 3.00269475e-04, 1.12822013e-04, 1.62466253e-03, 0.0, -6.48478117e+00, -6.24532339e+00, -6.39027061e+00, -6.81324984e+00, 0.0, 2.0000000000, 8.0000000000, 0.0189974348
        1755, -2.42313250e-01, 8.20917151e-04, 3.00568759e-04, 8.43955527e-05, 1.61318353e-03, 0.0, -6.48505144e+00, -6.25723304e+00, -6.38554435e+00, -6.81032221e+00, 0.0, 2.0000000000, 8.0000000000, 0.0193044345
        1756, -2.42323858e-01, 8.62673033e-04, 3.00867769e-04, 9.92634360e-05, 1.65551550e-03, 0.0, -6.50974396e+00, -6.28009025e+00, -6.39627541e+00, -6.83857123e+00, 0.0, 2.0000000000, 8.0000000000, 0.0197160165
        1757, -2.42418766e-01, 8.62486203e-04, 3.01005401e-04, 7.62285946e-05, 1.64642572e-03, 0.0, -6.48072937e+00, -6.27230994e+00, -6.38364856e+00, -6.80194828e+00, 0.0, 2.0000000000, 8.0000000000, 0.0202040513
        1758, -2.42451187e-01, 9.00386021e-04, 3.01214166e-04, 8.75479813e-05, 1.68274683e-03, 0.0, -6.52472403e+00, -6.29642701e+00, -6.40627246e+00, -6.84785894e+00, 0.0, 2.0000000000, 8.0000000000, 0.0205964843
        1759, -2.42471559e-01, 9.01232462e-04, 3.01314674e-04, 6.18624475e-05, 1.67385372e-03, 0.0, -6.50616612e+00, -6.28969449e+00, -6.39362645e+00, -6.82112368e+00, 0.0, 2.0000000000, 8.0000000000, 0.0209336837
        1760, -2.42479828e-01, 9.38175935e-04, 3.01417912e-04, 7.27199346e-05, 1.70845945e-03, 0.0, -6.53797647e+00, -6.31036707e+00, -6.41487742e+00, -6.85360114e+00, 0.0, 2.0000000000, 8.0000000000, 0.0212575157
        1761, -2.42520534e-01, 9.25768725e-04, 3.01377733e-04, 3.86607476e-05, 1.68358574e-03, 0.0, -6.51938077e+00, -6.30069294e+00, -6.40170825e+00, -6.82618602e+00, 0.0, 2.0000000000, 8.0000000000, 0.0215752681
        1762, -2.42576182e-01, 9.91000780e-04, 3.01435392e-04, 8.22681232e-05, 1.75244760e-03, 0.0, -6.54996688e+00, -6.31926873e+00, -6.42577620e+00, -6.86464110e+00, 0.0, 2.0000000000, 8.0000000000, 0.0218794346
        1763, -2.42642669e-01, 1.01090996e-03, 3.01531966e-04, 8.46265019e-05, 1.76711661e-03, 0.0, -6.55201735e+00, -6.31960155e+00, -6.42891283e+00, -6.85990355e+00, 0.0, 2.0000000000, 8.0000000000, 0.0222002347
        1764, -2.42614127e-01, 9.93736612e-04, 3.01519134e-04, 4.22859449e-05, 1.73772122e-03, 0.0, -6.55962431e+00, -6.32361020e+00, -6.43207389e+00, -6.85057810e+00, 0.0, 2.0000000000, 8.0000000000, 0.0225116332
        1765, -2.42614774e-01, 1.04564664e-03, 3.01491487e-04, 7.26453025e-05, 1.79213503e-03, 0.0, -6.56177790e+00, -6.33829183e+00, -6.44057357e+00, -6.86933040e+00, 0.0, 2.0000000000, 8.0000000000, 0.0228238503
        1766, -2.42665336e-01, 1.02683414e-03, 3.01309763e-04, 4.16681694e-05, 1.76217919e-03, 0.0, -6.54980368e+00, -6.32832752e+00, -6.44009797e+00, -6.84460630e+00, 0.0, 2.0000000000, 8.0000000000, 0.0232077003
        1767, -2.42699509e-01, 1.07256223e-03, 3.01210463e-04, 7.13699613e-05, 1.81063027e-03, 0.0, -6.59267878e+00, -6.35608091e+00, -6.47292169e+00, -6.89828360e+00, 0.0, 2.0000000000, 8.0000000000, 0.0235552828
        1768, -2.42730591e-01, 1.10205953e-03, 3.01161186e-04, 8.98774006e-05, 1.84022122e-03, 0.0, -6.61640180e+00, -6.37792541e+00, -6.49585848e+00, -6.91837058e+00, 0.0, 2.0000000000, 8.0000000000, 0.0238946835
        1769, -2.42762647e-01, 1.09526522e-03, 3.01100707e-04, 7.00678764e-05, 1.82648089e-03, 0.0, -6.62738461e+00, -6.39128310e+00, -6.50091731e+00, -6.91928309e+00, 0.0, 2.0000000000, 8.0000000000, 0.0243288000
        1770, -2.42755938e-01, 1.08918906e-03, 3.01001722e-04, 4.74523120e-05, 1.81390068e-03, 0.0, -6.65354796e+00, -6.41292791e+00, -6.52081033e+00, -6.94730804e+00, 0.0, 2.0000000000, 8.0000000000, 0.0246453842
        1771, -2.42764700e-01, 1.10983475e-03, 3.00862205e-04, 5.55223687e-05, 1.83393080e-03, 0.0, -6.66392235e+00, -6.43378292e+00, -6.53821528e+00, -6.97102359e+00, 0.0, 2.0000000000, 8.0000000000, 0.0249605497
        1772, -2.42765221e-01, 1.10548649e-03, 3.00639632e-04, 4.31094592e-05, 1.82468964e-03, 0.0, -6.68271656e+00, -6.45255783e+00, -6.55876255e+00, -6.98231501e+00, 0.0, 2.0000000000, 8.0000000000, 0.0252682686
        1773, -2.42764918e-01, 1.12989956e-03, 3.00429908e-04, 6.07912781e-05, 1.85054189e-03, 0.0, -6.70652521e+00, -6.47759341e+00, -6.58490016e+00, -7.01716831e+00, 0.0, 2.0000000000, 8.0000000000, 0.0255741517
        1774, -2.42770484e-01, 1.15777542e-03, 3.00347245e-04, 8.11417524e-05, 1.88068568e-03, 0.0, -6.72491591e+00, -6.49836367e+00, -6.60327915e+00, -7.02979990e+00, 0.0, 2.0000000000, 8.0000000000, 0.0258860350
        1775, -2.42775998e-01, 1.15213296e-03, 3.00229900e-04, 6.65191692e-05, 1.87037626e-03, 0.0, -6.74134864e+00, -6.51469440e+00, -6.61854156e+00, -7.04103985e+00, 0.0, 2.0000000000, 8.0000000000, 0.0261906823
        1776, -2.42764484e-01, 1.15344762e-03, 3.00101635e-04, 5.64227868e-05, 1.86828247e-03, 0.0, -6.76576735e+00, -6.53700676e+00, -6.64365597e+00, -7.06782627e+00, 0.0, 2.0000000000, 8.0000000000, 0.0264930169
        1777, -2.42757763e-01, 1.17126302e-03, 2.99965471e-04, 6.43390087e-05, 1.88615832e-03, 0.0, -6.78589733e+00, -6.56038539e+00, -6.66751856e+00, -7.09423463e+00, 0.0, 2.0000000000, 8.0000000000, 0.0268362840
        1778, -2.42757851e-01, 1.17615640e-03, 2.99766488e-04, 6.25186299e-05, 1.88888860e-03, 0.0, -6.80019886e+00, -6.58026469e+00, -6.69310096e+00, -7.11008995e+00, 0.0, 2.0000000000, 8.0000000000, 0.0271534522
        1779, -2.42755055e-01, 1.19276011e-03, 2.99587742e-04, 7.15389932e-05, 1.90596705e-03, 0.0, -6.82723725e+00, -6.60409547e+00, -6.72242334e+00, -7.14332662e+00, 0.0, 2.0000000000, 8.0000000000, 0.0274659157
        1780, -2.42775362e-01, 1.19864382e-03, 2.99433756e-04, 6.96823692e-05, 1.91025003e-03, 0.0, -6.84340957e+00, -6.62377383e+00, -6.74355715e+00, -7.16262980e+00, 0.0, 2.0000000000, 8.0000000000, 0.0277741353
        1781, -2.42766193e-01, 1.19195915e-03, 2.99262924e-04, 5.23807325e-05, 1.89943877e-03, 0.0, -6.85310571e+00, -6.63523608e+00, -6.75589656e+00, -7.16333484e+00, 0.0, 2.0000000000, 8.0000000000, 0.0281222661
        1782, -2.42764978e-01, 1.21161463e-03, 2.99085676e-04, 6.28521493e-05, 1.92041577e-03, 0.0, -6.86007990e+00, -6.65542724e+00, -6.77633942e+00, -7.18655831e+00, 0.0, 2.0000000000, 8.0000000000, 0.0284626524
        1783, -2.42775231e-01, 1.20442241e-03, 2.98851319e-04, 4.98825057e-05, 1.90946090e-03, 0.0, -6.85732632e+00, -6.65734562e+00, -6.78618503e+00, -7.17528773e+00, 0.0, 2.0000000000, 8.0000000000, 0.0287704666
        1784, -2.42777578e-01, 1.21425807e-03, 2.98608073e-04, 5.25847146e-05, 1.91930750e-03, 0.0, -6.88702682e+00, -6.68158049e+00, -6.81444308e+00, -7.21400326e+00, 0.0, 2.0000000000, 8.0000000000, 0.0290740331
        1785, -2.42789602e-01, 1.22765617e-03, 2.98396060e-04, 6.16156113e-05, 1.93370727e-03, 0.0, -6.92523992e+00, -6.71724058e+00, -6.85969385e+00, -7.26247824e+00, 0.0, 2.0000000000, 8.0000000000, 0.0293849508
        1786, -2.42806986e-01, 1.23157930e-03, 2.98219617e-04, 5.97394866e-05, 1.93682306e-03, 0.0, -6.93951398e+00, -6.73868660e+00, -6.87928620e+00, -7.27688258e+00, 0.0, 2.0000000000, 8.0000000000, 0.0297031681
        1787, -2.42808471e-01, 1.23054974e-03, 2.98004340e-04, 5.22861709e-05, 1.93409171e-03, 0.0, -6.96928039e+00, -6.76475563e+00, -6.90800292e+00, -7.30346209e+00, 0.0, 2.0000000000, 8.0000000000, 0.0300006191
        1788, -2.42816172e-01, 1.23498125e-03, 2.97754406e-04, 5.16839138e-05, 1.93817449e-03, 0.0, -6.98610317e+00, -6.78802762e+00, -6.93051656e+00, -7.32865088e+00, 0.0, 2.0000000000, 8.0000000000, 0.0303163489
        1789, -2.42829190e-01, 1.23839230e-03, 2.97476545e-04, 5.21650545e-05, 1.94148547e-03, 0.0, -7.01215292e+00, -6.81528161e+00, -6.96284819e+00, -7.35879925e+00, 0.0, 2.0000000000, 8.0000000000, 0.0306313674
        1790, -2.42849749e-01, 1.24390263e-03, 2.97184998e-04, 5.61012997e-05, 1.94779123e-03, 0.0, -7.03748883e+00, -6.84520507e+00, -7.00078332e+00, -7.39714663e+00, 0.0, 2.0000000000, 8.0000000000, 0.0309495171
        1791, -2.42860314e-01, 1.24077451e-03, 2.96888612e-04, 5.18534214e-05, 1.94406734e-03, 0.0, -7.05740941e+00, -6.86870797e+00, -7.02592992e+00, -7.41311220e+00, 0.0, 2.0000000000, 8.0000000000, 0.0312697331
        1792, -2.42873259e-01, 1.24280761e-03, 2.96586800e-04, 5.36697566e-05, 1.94672562e-03, 0.0, -7.07347124e+00, -6.89490550e+00, -7.05423420e+00, -7.44014540e+00, 0.0, 2.0000000000, 8.0000000000, 0.0316373825
        1793, -2.42880446e-01, 1.24035908e-03, 2.96296721e-04, 5.18009970e-05, 1.94412351e-03, 0.0, -7.10035524e+00, -6.92171987e+00, -7.08531851e+00, -7.46637623e+00, 0.0, 2.0000000000, 8.0000000000, 0.0319488525
        1794, -2.42895532e-01, 1.24164509e-03, 2.95984055e-04, 5.47266938e-05, 1.94614214e-03, 0.0, -7.10955564e+00, -6.94291646e+00, -7.10938890e+00, -7.48751442e+00, 0.0, 2.0000000000, 8.0000000000, 0.0322590192
        1795, -2.42901963e-01, 1.23751097e-03, 2.95677117e-04, 5.26473398e-05, 1.94180012e-03, 0.0, -7.13997332e+00, -6.97189861e+00, -7.14500314e+00, -7.51882108e+00, 0.0, 2.0000000000, 8.0000000000, 0.0325686018
        1796, -2.42917712e-01, 1.23950989e-03, 2.95353378e-04, 5.73780618e-05, 1.94497061e-03, 0.0, -7.14289568e+00, -6.98829465e+00, -7.16352620e+00, -7.53073869e+00, 0.0, 2.0000000000, 8.0000000000, 0.0328826825
        1797, -2.42916899e-01, 1.23121042e-03, 2.95047737e-04, 5.17805748e-05, 1.93583084e-03, 0.0, -7.17351383e+00, -7.01687035e+00, -7.19948318e+00, -7.56355465e+00, 0.0, 2.0000000000, 8.0000000000, 0.0331880689
        1798, -2.42935383e-01, 1.23425929e-03, 2.94725274e-04, 5.81901331e-05, 1.94042821e-03, 0.0, -7.14782673e+00, -7.00705278e+00, -7.19031912e+00, -7.53944631e+00, 0.0, 2.0000000000, 8.0000000000, 0.0335095684
        1799, -2.42937593e-01, 1.23126488e-03, 2.94429636e-04, 5.79496218e-05, 1.93778219e-03, 0.0, -7.19796673e+00, -7.05286494e+00, -7.24657739e+00, -7.60674167e+00, 0.0, 2.0000000000, 8.0000000000, 0.0338323673
        1800, -2.42946921e-01, 1.22998956e-03, 2.94119127e-04, 5.93965830e-05, 1.93722279e-03, 0.0, -7.21331356e+00, -7.07588773e+00, -7.28288365e+00, -7.62766504e+00, 0.0, 2.0000000000, 8.0000000000, 0.0341591994
        1801, -2.42952052e-01, 1.22633830e-03, 2.93819078e-04, 5.81756298e-05, 1.93380575e-03, 0.0, -7.25037028e+00, -7.10994788e+00, -7.32029226e+00, -7.67326042e+00, 0.0, 2.0000000000, 8.0000000000, 0.0344604015
        1802, -2.42957933e-01, 1.22379767e-03, 2.93533088e-04, 5.73377879e-05, 1.93172032e-03, 0.0, -7.25916206e+00, -7.12337491e+00, -7.33743186e+00, -7.67593266e+00, 0.0, 2.0000000000, 8.0000000000, 0.0347674171
        1803, -2.42958480e-01, 1.22302590e-03, 2.93262925e-04, 5.83503869e-05, 1.93173287e-03, 0.0, -7.27608324e+00, -7.14377833e+00, -7.36384421e+00, -7.70239555e+00, 0.0, 2.0000000000, 8.0000000000, 0.0350848516
        1804, -2.42959403e-01, 1.22311619e-03, 2.93010403e-04, 6.03388359e-05, 1.93270423e-03, 0.0, -7.29135664e+00, -7.16402498e+00, -7.39179604e+00, -7.72983788e+00, 0.0, 2.0000000000, 8.0000000000, 0.0353951852
        1805, -2.42964483e-01, 1.22183086e-03, 2.92771248e-04, 6.06669560e-05, 1.93191278e-03, 0.0, -7.29858508e+00, -7.17812671e+00, -7.41109964e+00, -7.74179270e+00, 0.0, 2.0000000000, 8.0000000000, 0.0357108831
        1806, -2.42969422e-01, 1.22041564e-03, 2.92541271e-04, 6.03324145e-05, 1.93083713e-03, 0.0, -7.31511692e+00, -7.19709800e+00, -7.44134515e+00, -7.76955216e+00, 0.0, 2.0000000000, 8.0000000000, 0.0360297680
        1807, -2.42973680e-01, 1.21941615e-03, 2.92324486e-04, 6.01569796e-05, 1.93015596e-03, 0.0, -7.32912218e+00, -7.21523535e+00, -7.47160896e+00, -7.79154615e+00, 0.0, 2.0000000000, 8.0000000000, 0.0364581664
        1808, -2.42978510e-01, 1.21882447e-03, 2.92120019e-04, 6.02361264e-05, 1.92989269e-03, 0.0, -7.34369287e+00, -7.23232332e+00, -7.49975173e+00, -7.81320101e+00, 0.0, 2.0000000000, 8.0000000000, 0.0369469007
        1809, -2.42984943e-01, 1.21827194e-03, 2.91928453e-04, 6.03442997e-05, 1.92963103e-03, 0.0, -7.35572023e+00, -7.24723000e+00, -7.52013875e+00, -7.82838993e+00, 0.0, 2.0000000000, 8.0000000000, 0.0373872836
        1810, -2.42992484e-01, 1.21770154e-03, 2.91748765e-04, 6.03601319e-05, 1.92931537e-03, 0.0, -7.36885118e+00, -7.26254187e+00, -7.54161683e+00, -7.84914514e+00, 0.0, 2.0000000000, 8.0000000000, 0.0378285011
        1811, -2.43000607e-01, 1.21708189e-03, 2.91581964e-04, 6.03345611e-05, 1.92891628e-03, 0.0, -7.38244421e+00, -7.27786678e+00, -7.56443616e+00, -7.86837243e+00, 0.0, 2.0000000000, 8.0000000000, 0.0382997672
        1812, -2.43008982e-01, 1.21646365e-03, 2.91427260e-04, 6.03046784e-05, 1.92850021e-03, 0.0, -7.39810369e+00, -7.29419573e+00, -7.59059864e+00, -7.89115414e+00, 0.0, 2.0000000000, 8.0000000000, 0.0388105512
        1813, -2.43017677e-01, 1.21580321e-03, 2.91284053e-04, 6.03034550e-05, 1.92802057e-03, 0.0, -7.41469661e+00, -7.31096893e+00, -7.61612817e+00, -7.91269660e+00, 0.0, 2.0000000000, 8.0000000000, 0.0392488837
        1814, -2.43026707e-01, 1.21509784e-03, 2.91150462e-04, 6.03083153e-05, 1.92747947e-03, 0.0, -7.43270801e+00, -7.32862517e+00, -7.64176884e+00, -7.93662382e+00, 0.0, 2.0000000000, 8.0000000000, 0.0397388339
        1815, -2.43036010e-01, 1.21432414e-03, 2.91025482e-04, 6.03320317e-05, 1.92685365e-03, 0.0, -7.45130778e+00, -7.34665404e+00, -7.66631323e+00, -7.95989084e+00, 0.0, 2.0000000000, 8.0000000000, 0.0402474324
        1816, -2.43045460e-01, 1.21350531e-03, 2.90907810e-04, 6.03610675e-05, 1.92617322e-03, 0.0, -7.47063874e+00, -7.36516162e+00, -7.69071655e+00, -7.98427820e+00, 0.0, 2.0000000000, 8.0000000000, 0.0407012860
        1817, -2.43054923e-01, 1.21264194e-03, 2.90796889e-04, 6.04085724e-05, 1.92543791e-03, 0.0, -7.49021879e+00, -7.38391286e+00, -7.71396770e+00, -8.00771063e+00, 0.0, 2.0000000000, 8.0000000000, 0.0412086169
        1818, -2.43064284e-01, 1.21176371e-03, 2.90691779e-04, 6.04583271e-05, 1.92467912e-03, 0.0, -7.51004938e+00, -7.40298369e+00, -7.73634197e+00, -8.03150268e+00, 0.0, 2.0000000000, 8.0000000000, 0.0417086164
        1819, -2.43073424e-01, 1.21087859e-03, 2.90592023e-04, 6.05182561e-05, 1.92390028e-03, 0.0, -7.52987322e+00, -7.42226353e+00, -7.75712137e+00, -8.05411256e+00, 0.0, 2.0000000000, 8.0000000000, 0.0422194839
        1820, -2.43082245e-01, 1.21002112e-03, 2.90496808e-04, 6.05713205e-05, 1.92313591e-03, 0.0, -7.54960115e+00, -7.44169980e+00, -7.77655587e+00, -8.07660478e+00, 0.0, 2.0000000000, 8.0000000000, 0.0426701347
        1821, -2.43090657e-01, 1.20920343e-03, 2.90405768e-04, 6.06252003e-05, 1.92239378e-03, 0.0, -7.56918916e+00, -7.46127103e+00, -7.79426228e+00, -8.09766622e+00, 0.0, 2.0000000000, 8.0000000000, 0.0431345344
        1822, -2.43098597e-01, 1.20846124e-03, 2.90318214e-04, 6.06634175e-05, 1.92171049e-03, 0.0, -7.58847678e+00, -7.48085278e+00, -7.81048341e+00, -8.11841339e+00, 0.0, 2.0000000000, 8.0000000000, 0.0436129014
        1823, -2.43106025e-01, 1.20780433e-03, 2.90233898e-04, 6.06953084e-05, 1.92109257e-03, 0.0, -7.60755858e+00, -7.50048587e+00, -7.82506662e+00, -8.13764647e+00, 0.0, 2.0000000000, 8.0000000000, 0.0441237330
        1824, -2.43112926e-01, 1.20726440e-03, 2.90152264e-04, 6.07057126e-05, 1.92057422e-03, 0.0, -7.62618621e+00, -7.51995613e+00, -7.83828018e+00, -8.15651652e+00, 0.0, 2.0000000000, 8.0000000000, 0.0444369674
        1825, -2.43119312e-01, 1.20684207e-03, 2.90073212e-04, 6.07058738e-05, 1.92015410e-03, 0.0, -7.64455563e+00, -7.53933374e+00, -7.85014952e+00, -8.17388004e+00, 0.0, 2.0000000000, 8.0000000000, 0.0447604855
        1826, -2.43125211e-01, 1.20655913e-03, 2.89996316e-04, 6.06809238e-05, 1.91985808e-03, 0.0, -7.66237575e+00, -7.55834471e+00, -7.86097642e+00, -8.19093499e+00, 0.0, 2.0000000000, 8.0000000000, 0.0450864514
        1827, -2.43130677e-01, 1.20640242e-03, 2.89921605e-04, 6.06441690e-05, 1.91967205e-03, 0.0, -7.67994985e+00, -7.57711055e+00, -7.87087997e+00, -8.20660472e+00, 0.0, 2.0000000000, 8.0000000000, 0.0454177340
        1828, -2.43135766e-01, 1.20638096e-03, 2.89848738e-04, 6.05814677e-05, 1.91961022e-03, 0.0, -7.69697093e+00, -7.59533892e+00, -7.88015011e+00, -8.22213450e+00, 0.0, 2.0000000000, 8.0000000000, 0.0457459847
        1829, -2.43140547e-01, 1.20646784e-03, 2.89777830e-04, 6.05094480e-05, 1.91964530e-03, 0.0, -7.71387356e+00, -7.61325637e+00, -7.88892131e+00, -8.23647291e+00, 0.0, 2.0000000000, 8.0000000000, 0.0460597674
        1830, -2.43145080e-01, 1.20666058e-03, 2.89708581e-04, 6.04150431e-05, 1.91978052e-03, 0.0, -7.73032711e+00, -7.63059345e+00, -7.89744794e+00, -8.25097442e+00, 0.0, 2.0000000000, 8.0000000000, 0.0463703672
        1831, -2.43149429e-01, 1.20692276e-03, 2.89641152e-04, 6.03183194e-05, 1.91997918e-03, 0.0, -7.74692542e+00, -7.64774357e+00, -7.90585610e+00, -8.26455014e+00, 0.0, 2.0000000000, 8.0000000000, 0.0466881831
        1832, -2.43153638e-01, 1.20724568e-03, 2.89575244e-04, 6.02067248e-05, 1.92023832e-03, 0.0, -7.76325616e+00, -7.66445469e+00, -7.91436080e+00, -8.27873340e+00, 0.0, 2.0000000000, 8.0000000000, 0.0470072667
        1833, -2.43157748e-01, 1.20758962e-03, 2.89511030e-04, 6.01024830e-05, 1.92051772e-03, 0.0, -7.78005078e+00, -7.68127731e+00, -7.92305294e+00, -8.29227320e+00, 0.0, 2.0000000000, 8.0000000000, 0.0473257860
        1834, -2.43161780e-01, 1.20794628e-03, 2.89448195e-04, 5.99919041e-05, 1.92081454e-03, 0.0, -7.79671377e+00, -7.69788644e+00, -7.93208832e+00, -8.30687822e+00, 0.0, 2.0000000000, 8.0000000000, 0.0476273855
        1835, -2.43165752e-01, 1.20827804e-03, 2.89386917e-04, 5.98976487e-05, 1.92109004e-03, 0.0, -7.81405682e+00, -7.71490228e+00, -7.94148362e+00, -8.32097269e+00, 0.0, 2.0000000000, 8.0000000000, 0.0479770660
        1836, -2.43169665e-01, 1.20858288e-03, 2.89326870e-04, 5.98033718e-05, 1.92134731e-03, 0.0, -7.83122143e+00, -7.73180988e+00, -7.95132170e+00, -8.33641850e+00, 0.0, 2.0000000000, 8.0000000000, 0.0483672023
        1837, -2.43173521e-01, 1.20882841e-03, 2.89268251e-04, 5.97316054e-05, 1.92155194e-03, 0.0, -7.84908427e+00, -7.74922902e+00, -7.96152771e+00, -8.35118691e+00, 0.0, 2.0000000000, 8.0000000000, 0.0487228513
        1838, -2.43177308e-01, 1.20902295e-03, 2.89210724e-04, 5.96627291e-05, 1.92171715e-03, 0.0, -7.86651441e+00, -7.76639773e+00, -7.97213330e+00, -8.36735938e+00, 0.0, 2.0000000000, 8.0000000000, 0.0491900325
        1839, -2.43181019e-01, 1.20913972e-03, 2.89154529e-04, 5.96197271e-05, 1.92181284e-03, 0.0, -7.88452176e+00, -7.78395946e+00, -7.98299224e+00, -8.38238783e+00, 0.0, 2.0000000000, 8.0000000000, 0.0495612661
        1840, -2.43184633e-01, 1.20919942e-03, 2.89099313e-04, 5.95797128e-05, 1.92186467e-03, 0.0, -7.90174133e+00, -7.80092934e+00, -7.99414052e+00, -8.39876832e+00, 0.0, 2.0000000000, 8.0000000000, 0.0498691996
        1841, -2.43188140e-01, 1.20917855e-03, 2.89045368e-04, 5.95669488e-05, 1.92184416e-03, 0.0, -7.91944270e+00, -7.81809188e+00, -8.00539626e+00, -8.41338246e+00, 0.0, 2.0000000000, 8.0000000000, 0.0501806180
        1842, -2.43191517e-01, 1.20911021e-03, 2.88992307e-04, 5.95553485e-05, 1.92178983e-03, 0.0, -7.93604191e+00, -7.83429834e+00, -8.01685971e+00, -8.42942925e+00, 0.0, 2.0000000000, 8.0000000000, 0.0504939000
        1843, -2.43194755e-01, 1.20896995e-03, 2.88940485e-04, 5.95708219e-05, 1.92167030e-03, 0.0, -7.95320036e+00, -7.85062430e+00, -8.02833225e+00, -8.44309786e+00, 0.0, 2.0000000000, 8.0000000000, 0.0508054018
        1844, -2.43197835e-01, 1.20880167e-03, 2.88889461e-04, 5.95838761e-05, 1.92153570e-03, 0.0, -7.96903514e+00, -7.86576562e+00, -8.04001237e+00, -8.45859553e+00, 0.0, 2.0000000000, 8.0000000000, 0.0511121194
        1845, -2.43200757e-01, 1.20857564e-03, 2.88839660e-04, 5.96222013e-05, 1.92134738e-03, 0.0, -7.98570751e+00, -7.88119311e+00, -8.05167275e+00, -8.47116019e+00, 0.0, 2.0000000000, 8.0000000000, 0.0514174024
        1846, -2.43203509e-01, 1.20834412e-03, 2.88790583e-04, 5.96527172e-05, 1.92116494e-03, 0.0, -8.00084564e+00, -7.89534765e+00, -8.06360300e+00, -8.48626463e+00, 0.0, 2.0000000000, 8.0000000000, 0.0517342329
        1847, -2.43206101e-01, 1.20806948e-03, 2.88742728e-04, 5.97054746e-05, 1.92094011e-03, 0.0, -8.01721324e+00, -7.91013143e+00, -8.07551385e+00, -8.49784646e+00, 0.0, 2.0000000000, 8.0000000000, 0.0520370324
        1848, -2.43208529e-01, 1.20780996e-03, 2.88695536e-04, 5.97441284e-05, 1.92073976e-03, 0.0, -8.03172440e+00, -7.92356903e+00, -8.08775109e+00, -8.51283446e+00, 0.0, 2.0000000000, 8.0000000000, 0.0523513516
        1849, -2.43210813e-01, 1.20751959e-03, 2.88649581e-04, 5.98018852e-05, 1.92050603e-03, 0.0, -8.04786285e+00, -7.93800287e+00, -8.09993808e+00, -8.52358625e+00, 0.0, 2.0000000000, 8.0000000000, 0.0526613832
        1850, -2.43212951e-01, 1.20726014e-03, 2.88604249e-04, 5.98398045e-05, 1.92031059e-03, 0.0, -8.06168050e+00, -7.95092421e+00, -8.11245332e+00, -8.53859126e+00, 0.0, 2.0000000000, 8.0000000000, 0.0530912677
        1851, -2.43214971e-01, 1.20697857e-03, 2.88560179e-04, 5.98943002e-05, 1.92008784e-03, 0.0, -8.07747215e+00, -7.96511716e+00, -8.12483558e+00, -8.54856934e+00, 0.0, 2.0000000000, 8.0000000000, 0.0536015511
        1852, -2.43216873e-01, 1.20673739e-03, 2.88516714e-04, 5.99248854e-05, 1.91991116e-03, 0.0, -8.09043463e+00, -7.97753522e+00, -8.13750301e+00, -8.56351916e+00, 0.0, 2.0000000000, 8.0000000000, 0.0540236513
        1853, -2.43218686e-01, 1.20647922e-03, 2.88474535e-04, 5.99702226e-05, 1.91971060e-03, 0.0, -8.10565532e+00, -7.99137204e+00, -8.14992931e+00, -8.57274138e+00, 0.0, 2.0000000000, 8.0000000000, 0.0543743332
        1854, -2.43220410e-01, 1.20626420e-03, 2.88432963e-04, 5.99899515e-05, 1.91955757e-03, 0.0, -8.11765622e+00, -8.00316131e+00, -8.16259257e+00, -8.58746090e+00, 0.0, 2.0000000000, 8.0000000000, 0.0547036688
        1855, -2.43222076e-01, 1.20603440e-03, 2.88392682e-04, 6.00231036e-05, 1.91938232e-03, 0.0, -8.13212838e+00, -8.01640489e+00, -8.17492063e+00, -8.59601965e+00, 0.0, 2.0000000000, 8.0000000000, 0.0550541520
        1856, -2.43223682e-01, 1.20584439e-03, 2.88353022e-04, 6.00314922e-05, 1.91925036e-03, 0.0, -8.14323561e+00, -8.02742785e+00, -8.18746117e+00, -8.61034845e+00, 0.0, 2.0000000000, 8.0000000000, 0.0553766688
        1857, -2.43225254e-01, 1.20563987e-03, 2.88314628e-04, 6.00521932e-05, 1.91909693e-03, 0.0, -8.15692105e+00, -8.03985620e+00, -8.19961167e+00, -8.61845156e+00, 0.0, 2.0000000000, 8.0000000000, 0.0556915840
        1858, -2.43226789e-01, 1.20546736e-03, 2.88276873e-04, 6.00511134e-05, 1.91897846e-03, 0.0, -8.16737481e+00, -8.05006050e+00, -8.21197395e+00, -8.63228457e+00, 0.0, 2.0000000000, 8.0000000000, 0.0560111682
        1859, -2.43228309e-01, 1.20527959e-03, 2.88240324e-04, 6.00612559e-05, 1.91883901e-03, 0.0, -8.18036071e+00, -8.06154983e+00, -8.22393113e+00, -8.64019836e+00, 0.0, 2.0000000000, 8.0000000000, 0.0563784679
        1860, -2.43229810e-01, 1.20511393e-03, 2.88204434e-04, 6.00538624e-05, 1.91872429e-03, 0.0, -8.19047152e+00, -8.07098337e+00, -8.23610160e+00, -8.65346787e+00, 0.0, 2.0000000000, 8.0000000000, 0.0567362666
        1861, -2.43231304e-01, 1.20493199e-03, 2.88169669e-04, 6.00564896e-05, 1.91858914e-03, 0.0, -8.20290117e+00, -8.08151881e+00, -8.24787755e+00, -8.66142666e+00, 0.0, 2.0000000000, 8.0000000000, 0.0570633690
        1862, -2.43232789e-01, 1.20476240e-03, 2.88135577e-04, 6.00460798e-05, 1.91846876e-03, 0.0, -8.21293790e+00, -8.09028767e+00, -8.25984954e+00, -8.67408510e+00, 0.0, 2.0000000000, 8.0000000000, 0.0573558847
        1863, -2.43234271e-01, 1.20457585e-03, 2.88102520e-04, 6.00443368e-05, 1.91832881e-03, 0.0, -8.22495127e+00, -8.09993439e+00, -8.27144638e+00, -8.68222542e+00, 0.0, 2.0000000000, 8.0000000000, 0.0576787512
        1864, -2.43235746e-01, 1.20439362e-03, 2.88070143e-04, 6.00335344e-05, 1.91819547e-03, 0.0, -8.23508050e+00, -8.10815505e+00, -8.28319471e+00, -8.69423949e+00, 0.0, 2.0000000000, 8.0000000000, 0.0579794844
        1865, -2.43237218e-01, 1.20419456e-03, 2.88038714e-04, 6.00299334e-05, 1.91804394e-03, 0.0, -8.24678557e+00, -8.11702437e+00, -8.29458446e+00, -8.70257964e+00, 0.0, 2.0000000000, 8.0000000000, 0.0582900167
        1866, -2.43238681e-01, 1.20399434e-03, 2.88007967e-04, 6.00203465e-05, 1.91789337e-03, 0.0, -8.25706993e+00, -8.12480267e+00, -8.30605992e+00, -8.71393035e+00, 0.0, 2.0000000000, 8.0000000000, 0.0585922003
        1867, -2.43240137e-01, 1.20377850e-03, 2.87978091e-04, 6.00164747e-05, 1.91772668e-03, 0.0, -8.26854105e+00, -8.13303252e+00, -8.31718908e+00, -8.72239963e+00, 0.0, 2.0000000000, 8.0000000000, 0.0588890354
        1868, -2.43241581e-01, 1.20355861e-03, 2.87948890e-04, 6.00087513e-05, 1.91755785e-03, 0.0, -8.27897613e+00, -8.14047157e+00, -8.32833304e+00, -8.73309272e+00, 0.0, 2.0000000000, 8.0000000000, 0.0591924349
        1869, -2.43243013e-01, 1.20332532e-03, 2.87920495e-04, 6.00053393e-05, 1.91737564e-03, 0.0, -8.29026913e+00, -8.14822257e+00, -8.33914513e+00, -8.74159334e+00, 0.0, 2.0000000000, 8.0000000000, 0.0594935179
        1870, -2.43244427e-01, 1.20308727e-03, 2.87892766e-04, 5.99994378e-05, 1.91719026e-03, 0.0, -8.30082955e+00, -8.15544141e+00, -8.34991322e+00, -8.75167785e+00, 0.0, 2.0000000000, 8.0000000000, 0.0597920855
        1871, -2.43245824e-01, 1.20283875e-03, 2.87865790e-04, 5.99966183e-05, 1.91699466e-03, 0.0, -8.31199891e+00, -8.16289629e+00, -8.36037333e+00, -8.76014459e+00, 0.0, 2.0000000000, 8.0000000000, 0.0601358851
        1872, -2.43247200e-01, 1.20258625e-03, 2.87839467e-04, 5.99921356e-05, 1.91679631e-03, 0.0, -8.32266958e+00, -8.17003773e+00, -8.37075291e+00, -8.76972306e+00, 0.0, 2.0000000000, 8.0000000000, 0.0604659677
        1873, -2.43248554e-01, 1.20232650e-03, 2.87813853e-04, 5.99897436e-05, 1.91659095e-03, 0.0, -8.33377554e+00, -8.17739127e+00, -8.38085978e+00, -8.77815156e+00, 0.0, 2.0000000000, 8.0000000000, 0.0607794841
        1874, -2.43249885e-01, 1.20206434e-03, 2.87788878e-04, 5.99861971e-05, 1.91638400e-03, 0.0, -8.34456010e+00, -8.18461083e+00, -8.39087225e+00, -8.78736951e+00, 0.0, 2.0000000000, 8.0000000000, 0.0610907833
        1875, -2.43251191e-01, 1.20179802e-03, 2.87764576e-04, 5.99840157e-05, 1.91617298e-03, 0.0, -8.35566405e+00, -8.19204897e+00, -8.40065450e+00, -8.79580834e+00, 0.0, 2.0000000000, 8.0000000000, 0.0614120523
        1876, -2.43252471e-01, 1.20153105e-03, 2.87740897e-04, 5.99810289e-05, 1.91596172e-03, 0.0, -8.36657713e+00, -8.19949163e+00, -8.41034467e+00, -8.80482688e+00, 0.0, 2.0000000000, 8.0000000000, 0.0617069165
        1877, -2.43253727e-01, 1.20126255e-03, 2.87717859e-04, 5.99789348e-05, 1.91574878e-03, 0.0, -8.37773181e+00, -8.20716847e+00, -8.41984767e+00, -8.81334917e+00, 0.0, 2.0000000000, 8.0000000000, 0.0620231350
        1878, -2.43254957e-01, 1.20099500e-03, 2.87695426e-04, 5.99763151e-05, 1.91553681e-03, 0.0, -8.38878730e+00, -8.21494664e+00, -8.42926896e+00, -8.82231497e+00, 0.0, 2.0000000000, 8.0000000000, 0.0623307347
        1879, -2.43256161e-01, 1.20072794e-03, 2.87673605e-04, 5.99743227e-05, 1.91532494e-03, 0.0, -8.40002956e+00, -8.22296891e+00, -8.43854132e+00, -8.83098926e+00, 0.0, 2.0000000000, 8.0000000000, 0.0626334508
        1880, -2.43257341e-01, 1.20046306e-03, 2.87652369e-04, 5.99720492e-05, 1.91511491e-03, 0.0, -8.41123305e+00, -8.23115047e+00, -8.44774428e+00, -8.84001386e+00, 0.0, 2.0000000000, 8.0000000000, 0.0629384995
        1881, -2.43258497e-01, 1.20020009e-03, 2.87631719e-04, 5.99702808e-05, 1.91490615e-03, 0.0, -8.42258221e+00, -8.23957385e+00, -8.45682953e+00, -8.84888582e+00, 0.0, 2.0000000000, 8.0000000000, 0.0632495681
        1882, -2.43259629e-01, 1.19994012e-03, 2.87611630e-04, 5.99684407e-05, 1.91469980e-03, 0.0, -8.43392940e+00, -8.24818232e+00, -8.46585681e+00, -8.85803828e+00, 0.0, 2.0000000000, 8.0000000000, 0.0635536154
        1883, -2.43260737e-01, 1.19968296e-03, 2.87592098e-04, 5.99670616e-05, 1.91449544e-03, 0.0, -8.44539024e+00, -8.25701822e+00, -8.47479112e+00, -8.86712503e+00, 0.0, 2.0000000000, 8.0000000000, 0.0638726354
        1884, -2.43261822e-01, 1.19942930e-03, 2.87573104e-04, 5.99657720e-05, 1.91429378e-03, 0.0, -8.45686938e+00, -8.26604175e+00, -8.48367780e+00, -8.87643543e+00, 0.0, 2.0000000000, 8.0000000000, 0.0641778191
        1885, -2.43262885e-01, 1.19917899e-03, 2.87554640e-04, 5.99649246e-05, 1.91409454e-03, 0.0, -8.46843696e+00, -8.27527005e+00, -8.49249183e+00, -8.88572921e+00, 0.0, 2.0000000000, 8.0000000000, 0.0644836505
        1886, -2.43263925e-01, 1.19893246e-03, 2.87536687e-04, 5.99642689e-05, 1.91389816e-03, 0.0, -8.48003245e+00, -8.28467436e+00, -8.50126848e+00, -8.89519838e+00, 0.0, 2.0000000000, 8.0000000000, 0.0648001671
        1887, -2.43264943e-01, 1.19868961e-03, 2.87519235e-04, 5.99640272e-05, 1.91370445e-03, 0.0, -8.49169671e+00, -8.29425739e+00, -8.50999069e+00, -8.90467496e+00, 0.0, 2.0000000000, 8.0000000000, 0.0651646694
        1888, -2.43265939e-01, 1.19845071e-03, 2.87502270e-04, 5.99640181e-05, 1.91351372e-03, 0.0, -8.50339215e+00, -8.30399829e+00, -8.51868689e+00, -8.91428629e+00, 0.0, 2.0000000000, 8.0000000000, 0.0654849688
        1889, -2.43266912e-01, 1.19821572e-03, 2.87485778e-04, 5.99643707e-05, 1.91332588e-03, 0.0, -8.51514126e+00, -8.31389249e+00, -8.52734638e+00, -8.92391445e+00, 0.0, 2.0000000000, 8.0000000000, 0.0657968680
        1890, -2.43267863e-01, 1.19798483e-03, 2.87469746e-04, 5.99649433e-05, 1.91314114e-03, 0.0, -8.52692132e+00, -8.32392515e+00, -8.53599287e+00, -8.93364453e+00, 0.0, 2.0000000000, 8.0000000000, 0.0661409497
        1891, -2.43268791e-01, 1.19775803e-03, 2.87454161e-04, 5.99658013e-05, 1.91295948e-03, 0.0, -8.53874345e+00, -8.33408857e+00, -8.54462056e+00, -8.94339384e+00, 0.0, 2.0000000000, 8.0000000000, 0.0664668004
        1892, -2.43269697e-01, 1.19753549e-03, 2.87439011e-04, 5.99668292e-05, 1.91278109e-03, 0.0, -8.55059430e+00, -8.34437222e+00, -8.55324957e+00, -8.95322011e+00, 0.0, 2.0000000000, 8.0000000000, 0.0667799989
        1893, -2.43270581e-01, 1.19731722e-03, 2.87424284e-04, 5.99680529e-05, 1.91260599e-03, 0.0, -8.56247786e+00, -8.35476722e+00, -8.56187749e+00, -8.96306553e+00, 0.0, 2.0000000000, 8.0000000000, 0.0670841018
        1894, -2.43271441e-01, 1.19710333e-03, 2.87409968e-04, 5.99693786e-05, 1.91243432e-03, 0.0, -8.57438634e+00, -8.36526563e+00, -8.57052131e+00, -8.97296989e+00, 0.0, 2.0000000000, 8.0000000000, 0.0673890829
        1895, -2.43272280e-01, 1.19689387e-03, 2.87396052e-04, 5.99708120e-05, 1.91226610e-03, 0.0, -8.58631908e+00, -8.37585789e+00, -8.57918052e+00, -8.98289274e+00, 0.0, 2.0000000000, 8.0000000000, 0.0677347342
        1896, -2.43273096e-01, 1.19668890e-03, 2.87382526e-04, 5.99722805e-05, 1.91210146e-03, 0.0, -8.59827129e+00, -8.38653709e+00, -8.58786907e+00, -8.99286171e+00, 0.0, 2.0000000000, 8.0000000000, 0.0680568854
        1897, -2.43273891e-01, 1.19648843e-03, 2.87369378e-04, 5.99737837e-05, 1.91194039e-03, 0.0, -8.61023919e+00, -8.39729283e+00, -8.59658720e+00, -9.00284817e+00, 0.0, 2.0000000000, 8.0000000000, 0.0683856169
        1898, -2.43274664e-01, 1.19629250e-03, 2.87356600e-04, 5.99752707e-05, 1.91178296e-03, 0.0, -8.62221950e+00, -8.40811809e+00, -8.60534587e+00, -9.01287112e+00, 0.0, 2.0000000000, 8.0000000000, 0.0687056502
        1899, -2.43275416e-01, 1.19610106e-03, 2.87344182e-04, 5.99767438e-05, 1.91162914e-03, 0.0, -8.63420653e+00, -8.41900161e+00, -8.61414526e+00, -9.02290981e+00, 0.0, 2.0000000000, 8.0000000000, 0.0690262000
        1900, -2.43276148e-01, 1.19591410e-03, 2.87332114e-04, 5.99781727e-05, 1.91147893e-03, 0.0, -8.64619782e+00, -8.42993580e+00, -8.62299363e+00, -9.03297697e+00, 0.0, 2.0000000000, 8.0000000000, 0.0693485498
        1901, -2.43276859e-01, 1.19573155e-03, 2.87320388e-04, 5.99795665e-05, 1.91133228e-03, 0.0, -8.65818691e+00, -8.44090891e+00, -8.63189072e+00, -9.04305718e+00, 0.0, 2.0000000000, 8.0000000000, 0.0697689176
        1902, -2.43277551e-01, 1.19555333e-03, 2.87308995e-04, 5.99809125e-05, 1.91118914e-03, 0.0, -8.67017216e+00, -8.45191312e+00, -8.64084250e+00, -9.05315874e+00, 0.0, 2.0000000000, 8.0000000000, 0.0702734828
        1903, -2.43278224e-01, 1.19537933e-03, 2.87297927e-04, 5.99822263e-05, 1.91104941e-03, 0.0, -8.68214732e+00, -8.46293700e+00, -8.64984831e+00, -9.06327004e+00, 0.0, 2.0000000000, 8.0000000000, 0.0706706842
        1904, -2.43278879e-01, 1.19520945e-03, 2.87287177e-04, 5.99835084e-05, 1.91091302e-03, 0.0, -8.69411179e+00, -8.47397331e+00, -8.65891235e+00, -9.07339651e+00, 0.0, 2.0000000000, 8.0000000000, 0.0710157832
        1905, -2.43279516e-01, 1.19504356e-03, 2.87276735e-04, 5.99847784e-05, 1.91077984e-03, 0.0, -8.70606037e+00, -8.48501206e+00, -8.66803371e+00, -9.08352962e+00, 0.0, 2.0000000000, 8.0000000000, 0.0713338494
        1906, -2.43280136e-01, 1.19488153e-03, 2.87266594e-04, 5.99860441e-05, 1.91064977e-03, 0.0, -8.71799367e+00, -8.49604759e+00, -8.67721537e+00, -9.09367322e+00, 0.0, 2.0000000000, 8.0000000000, 0.0716567000
        1907, -2.43280739e-01, 1.19472322e-03, 2.87256747e-04, 5.99873260e-05, 1.91052271e-03, 0.0, -8.72990798e+00, -8.50707236e+00, -8.68645640e+00, -9.10382148e+00, 0.0, 2.0000000000, 8.0000000000, 0.0719664693
        1908, -2.43281326e-01, 1.19456853e-03, 2.87247186e-04, 5.99886337e-05, 1.91039855e-03, 0.0, -8.74180516e+00, -8.51808313e+00, -8.69575898e+00, -9.11397773e+00, 0.0, 2.0000000000, 8.0000000000, 0.0722849329
        1909, -2.43281896e-01, 1.19441731e-03, 2.87237904e-04, 5.99899849e-05, 1.91027717e-03, 0.0, -8.75368308e+00, -8.52907544e+00, -8.70512232e+00, -9.12413864e+00, 0.0, 2.0000000000, 8.0000000000, 0.0727272828
        1910, -2.43282451e-01, 1.19426946e-03, 2.87228893e-04, 5.99913873e-05, 1.91015850e-03, 0.0, -8.76554466e+00, -8.54004890e+00, -8.71454814e+00, -9.13430772e+00, 0.0, 2.0000000000, 8.0000000000, 0.0731341004
        1911, -2.43282991e-01, 1.19412489e-03, 2.87220146e-04, 5.99928527e-05, 1.91004245e-03, 0.0, -8.77738916e+00, -8.55100229e+00, -8.72403588e+00, -9.14448392e+00, 0.0, 2.0000000000, 8.0000000000, 0.0735282660
        1912, -2.43283516e-01, 1.19398352e-03, 2.87211657e-04, 5.99943844e-05, 1.90992895e-03, 0.0, -8.78922025e+00, -8.56193797e+00, -8.73358696e+00, -9.15467128e+00, 0.0, 2.0000000000, 8.0000000000, 0.0739939014
        1913, -2.43284026e-01, 1.19384526e-03, 2.87203418e-04, 5.99959871e-05, 1.90981794e-03, 0.0, -8.80103819e+00, -8.57285759e+00, -8.74320103e+00, -9.16487067e+00, 0.0, 2.0000000000, 8.0000000000, 0.0744992336
        1914, -2.43284522e-01, 1.19371008e-03, 2.87195423e-04, 5.99976584e-05, 1.90970939e-03, 0.0, -8.81284695e+00, -8.58376568e+00, -8.75287926e+00, -9.17508667e+00, 0.0, 2.0000000000, 8.0000000000, 0.0749908010
        1915, -2.43285004e-01, 1.19357792e-03, 2.87187664e-04, 5.99993961e-05, 1.90960325e-03, 0.0, -8.82464733e+00, -8.59466594e+00, -8.76262139e+00, -9.18532151e+00, 0.0, 2.0000000000, 8.0000000000, 0.0755130688
        1916, -2.43285473e-01, 1.19344876e-03, 2.87180137e-04, 6.00011920e-05, 1.90949951e-03, 0.0, -8.83644315e+00, -8.60556417e+00, -8.77242828e+00, -9.19558000e+00, 0.0, 2.0000000000, 8.0000000000, 0.0760228992
        1917, -2.43285927e-01, 1.19332257e-03, 2.87172834e-04, 6.00030382e-05, 1.90939814e-03, 0.0, -8.84823529e+00, -8.61646505e+00, -8.78229958e+00, -9.20586505e+00, 0.0, 2.0000000000, 8.0000000000, 0.0764349858
        1918, -2.43286369e-01, 1.19319934e-03, 2.87165749e-04, 6.00049220e-05, 1.90929915e-03, 0.0, -8.86002700e+00, -8.62737460e+00, -8.79223574e+00, -9.21618121e+00, 0.0, 2.0000000000, 8.0000000000, 0.0768715660
        1919, -2.43286797e-01, 1.19307906e-03, 2.87158877e-04, 6.00068315e-05, 1.90920251e-03, 0.0, -8.87181889e+00, -8.63829744e+00, -8.80223613e+00, -9.22653132e+00, 0.0, 2.0000000000, 8.0000000000, 0.0773648024
        1920, -2.43287213e-01, 1.19296173e-03, 2.87152211e-04, 6.00087517e-05, 1.90910824e-03, 0.0, -8.88361338e+00, -8.64923882e+00, -8.81230065e+00, -9.23691913e+00, 0.0, 2.0000000000, 8.0000000000, 0.0778389017
        1921, -2.43287617e-01, 1.19284733e-03, 2.87145747e-04, 6.00106684e-05, 1.90901633e-03, 0.0, -8.89541059e+00, -8.66020243e+00, -8.82242827e+00, -9.24734684e+00, 0.0, 2.0000000000, 8.0000000000, 0.0783471187
        1922, -2.43288008e-01, 1.19273586e-03, 2.87139479e-04, 6.00125662e-05, 1.90892677e-03, 0.0, -8.90721216e+00, -8.67119213e+00, -8.83261832e+00, -9.25781700e+00, 0.0, 2.0000000000, 8.0000000000, 0.0788146853
        1923, -2.43288388e-01, 1.19262730e-03, 2.87133401e-04, 6.00144314e-05, 1.90883955e-03, 0.0, -8.91901777e+00, -8.68221019e+00, -8.84286935e+00, -9.26833081e+00, 0.0, 2.0000000000, 8.0000000000, 0.0792057991
        1924, -2.43288756e-01, 1.19252164e-03, 2.87127509e-04, 6.00162499e-05, 1.90875465e-03, 0.0, -8.93082847e+00, -8.69325881e+00, -8.85318017e+00, -9.27888953e+00, 0.0, 2.0000000000, 8.0000000000, 0.0795216680
        1925, -2.43289113e-01, 1.19241884e-03, 2.87121798e-04, 6.00180097e-05, 1.90867207e-03, 0.0, -8.94264380e+00, -8.70433882e+00, -8.86354899e+00, -9.28949331e+00, 0.0, 2.0000000000, 8.0000000000, 0.0798221509
        1926, -2.43289460e-01, 1.19231888e-03, 2.87116263e-04, 6.00196999e-05, 1.90859177e-03, 0.0, -8.95446459e+00, -8.71545093e+00, -8.87397428e+00, -9.30014228e+00, 0.0, 2.0000000000, 8.0000000000, 0.0801413854
        1927, -2.43289796e-01, 1.19222172e-03, 2.87110899e-04, 6.00213116e-05, 1.90851371e-03, 0.0, -8.96629067e+00, -8.72659484e+00, -8.88445412e+00, -9.31083579e+00, 0.0, 2.0000000000, 8.0000000000, 0.0804437995
        1928, -2.43290122e-01, 1.19212730e-03, 2.87105701e-04, 6.00228376e-05, 1.90843787e-03, 0.0, -8.97812310e+00, -8.73777030e+00, -8.89498686e+00, -9.32157321e+00, 0.0, 2.0000000000, 8.0000000000, 0.0808350007
        1929, -2.43290438e-01, 1.19203558e-03, 2.87100666e-04, 6.00242730e-05, 1.90836419e-03, 0.0, -8.98996233e+00, -8.74897641e+00, -8.90557064e+00, -9.33235346e+00, 0.0, 2.0000000000, 8.0000000000, 0.0811480006
        1930, -2.43290746e-01, 1.19194650e-03, 2.87095788e-04, 6.00256144e-05, 1.90829263e-03, 0.0, -9.00181001e+00, -8.76021259e+00, -8.91620394e+00, -9.34317564e+00, 0.0, 2.0000000000, 8.0000000000, 0.0814708511
        1931, -2.43291044e-01, 1.19185998e-03, 2.87091065e-04, 6.00268608e-05, 1.90822313e-03, 0.0, -9.01366743e+00, -8.77147799e+00, -8.92688515e+00, -9.35403862e+00, 0.0, 2.0000000000, 8.0000000000, 0.0818081180
        1932, -2.43291334e-01, 1.19177596e-03, 2.87086490e-04, 6.00280126e-05, 1.90815564e-03, 0.0, -9.02553696e+00, -8.78277228e+00, -8.93761304e+00, -9.36494161e+00, 0.0, 2.0000000000, 8.0000000000, 0.0821560502
        1933, -2.43291615e-01, 1.19169437e-03, 2.87082061e-04, 6.00290720e-05, 1.90809010e-03, 0.0, -9.03742076e+00, -8.79409517e+00, -8.94838639e+00, -9.37588379e+00, 0.0, 2.0000000000, 8.0000000000, 0.0824807167
        1934, -2.43291888e-01, 1.19161513e-03, 2.87077772e-04, 6.00300423e-05, 1.90802644e-03, 0.0, -9.04932184e+00, -8.80544699e+00, -8.95920434e+00, -9.38686470e+00, 0.0, 2.0000000000, 8.0000000000, 0.0827927351
        1935, -2.43292154e-01, 1.19153816e-03, 2.87073621e-04, 6.00309282e-05, 1.90796460e-03, 0.0, -9.06124299e+00, -8.81682830e+00, -8.97006609e+00, -9.39788400e+00, 0.0, 2.0000000000, 8.0000000000, 0.0831093510
        1936, -2.43292412e-01, 1.19146339e-03, 2.87069602e-04, 6.00317351e-05, 1.90790452e-03, 0.0, -9.07318761e+00, -8.82824030e+00, -8.98097116e+00, -9.40894169e+00, 0.0, 2.0000000000, 8.0000000000, 0.0834299167
        1937, -2.43292663e-01, 1.19139075e-03, 2.87065713e-04, 6.00324692e-05, 1.90784614e-03, 0.0, -9.08515882e+00, -8.83968445e+00, -8.99191914e+00, -9.42003795e+00, 0.0, 2.0000000000, 8.0000000000, 0.0837338328
        1938, -2.43292907e-01, 1.19132015e-03, 2.87061949e-04, 6.00331368e-05, 1.90778940e-03, 0.0, -9.09716006e+00, -8.85116277e+00, -9.00290988e+00, -9.43117321e+00, 0.0, 2.0000000000, 8.0000000000, 0.0840416193
        1939, -2.43293144e-01, 1.19125153e-03, 2.87058307e-04, 6.00337447e-05, 1.90773424e-03, 0.0, -9.10919441e+00, -8.86267748e+00, -9.01394329e+00, -9.44234807e+00, 0.0, 2.0000000000, 8.0000000000, 0.0843539834
        1940, -2.43293375e-01, 1.19118483e-03, 2.87054782e-04, 6.00342993e-05, 1.90768061e-03, 0.0, -9.12126505e+00, -8.87423122e+00, -9.02501947e+00, -9.45356335e+00, 0.0, 2.0000000000, 8.0000000000, 0.0846625845
        1941, -2.43293599e-01, 1.19111998e-03, 2.87051372e-04, 6.00348071e-05, 1.90762846e-03, 0.0, -9.13337468e+00, -8.88582672e+00, -9.03613855e+00, -9.46481996e+00, 0.0, 2.0000000000, 8.0000000000, 0.0849753181
        1942, -2.43293817e-01, 1.19105692e-03, 2.87048072e-04, 6.00352741e-05, 1.90757775e-03, 0.0, -9.14552599e+00, -8.89746692e+00, -9.04730081e+00, -9.47611896e+00, 0.0, 2.0000000000, 8.0000000000, 0.0852935155
        1943, -2.43294029e-01, 1.19099560e-03, 2.87044880e-04, 6.00357059e-05, 1.90752842e-03, 0.0, -9.15772115e+00, -8.90915475e+00, -9.05850653e+00, -9.48746146e+00, 0.0, 2.0000000000, 8.0000000000, 0.0856118321
        1944, -2.43294235e-01, 1.19093596e-03, 2.87041791e-04, 6.00361076e-05, 1.90748044e-03, 0.0, -9.16996218e+00, -8.92089317e+00, -9.06975608e+00, -9.49884868e+00, 0.0, 2.0000000000, 8.0000000000, 0.0859200160
        1945, -2.43294436e-01, 1.19087797e-03, 2.87038803e-04, 6.00364837e-05, 1.90743377e-03, 0.0, -9.18225063e+00, -8.93268498e+00, -9.08104983e+00, -9.51028182e+00, 0.0, 2.0000000000, 8.0000000000, 0.0863272826
        1946, -2.43294630e-01, 1.19082157e-03, 2.87035912e-04, 6.00368381e-05, 1.90738838e-03, 0.0, -9.19458788e+00, -8.94453288e+00, -9.09238820e+00, -9.52176212e+00, 0.0, 2.0000000000, 8.0000000000, 0.0868343989
        1947, -2.43294820e-01, 1.19076673e-03, 2.87033115e-04, 6.00371744e-05, 1.90734423e-03, 0.0, -9.20697487e+00, -8.95643932e+00, -9.10377159e+00, -9.53329078e+00, 0.0, 2.0000000000, 8.0000000000, 0.0873574018
        1948, -2.43295003e-01, 1.19071341e-03, 2.87030409e-04, 6.00374953e-05, 1.90730131e-03, 0.0, -9.21941236e+00, -8.96840653e+00, -9.11520041e+00, -9.54486900e+00, 0.0, 2.0000000000, 8.0000000000, 0.0878173351
        1949, -2.43295182e-01, 1.19066157e-03, 2.87027792e-04, 6.00378032e-05, 1.90725957e-03, 0.0, -9.23190079e+00, -8.98043645e+00, -9.12667506e+00, -9.55649789e+00, 0.0, 2.0000000000, 8.0000000000, 0.0881540855
        1950, -2.43295355e-01, 1.19061119e-03, 2.87025260e-04, 6.00381001e-05, 1.90721900e-03, 0.0, -9.24444044e+00, -8.99253072e+00, -9.13819595e+00, -9.56817855e+00, 0.0, 2.0000000000, 8.0000000000, 0.0891701857
        1951, -2.43295524e-01, 1.19056224e-03, 2.87022812e-04, 6.00383876e-05, 1.90717958e-03, 0.0, -9.25703134e+00, -9.00469066e+00, -9.14976343e+00, -9.57991194e+00, 0.0, 2.0000000000, 8.0000000000, 0.0894953171
        1952, -2.43295687e-01, 1.19051468e-03, 2.87020443e-04, 6.00386670e-05, 1.90714127e-03, 0.0, -9.26967345e+00, -9.01691728e+00, -9.16137786e+00, -9.59169896e+00, 0.0, 2.0000000000, 8.0000000000, 0.0898684184
        1953, -2.43295845e-01, 1.19046848e-03, 2.87018152e-04, 6.00389393e-05, 1.90710406e-03, 0.0, -9.28236651e+00, -9.02921129e+00, -9.17303959e+00, -9.60354041e+00, 0.0, 2.0000000000, 8.0000000000, 0.0901830355
        1954, -2.43295999e-01, 1.19042362e-03, 2.87015937e-04, 6.00392052e-05, 1.90706793e-03, 0.0, -9.29511029e+00, -9.04157313e+00, -9.18474891e+00, -9.61543698e+00, 0.0, 2.0000000000, 8.0000000000, 0.0905056357
        1955, -2.43296148e-01, 1.19038008e-03, 2.87013794e-04, 6.00394654e-05, 1.90703285e-03, 0.0, -9.30790442e+00, -9.05400295e+00, -9.19650612e+00, -9.62738927e+00, 0.0, 2.0000000000, 8.0000000000, 0.0908155839
        1956, -2.43296293e-01, 1.19033782e-03, 2.87011722e-04, 6.00397205e-05, 1.90699881e-03, 0.0, -9.32074856e+00, -9.06650069e+00, -9.20831151e+00, -9.63939776e+00, 0.0, 2.0000000000, 8.0000000000, 0.0911373337
        1957, -2.43296434e-01, 1.19029681e-03, 2.87009719e-04, 6.00399710e-05, 1.90696577e-03, 0.0, -9.33364233e+00, -9.07906610e+00, -9.22016535e+00, -9.65146286e+00, 0.0, 2.0000000000, 8.0000000000, 0.0915654500
        1958, -2.43296570e-01, 1.19025704e-03, 2.87007782e-04, 6.00402171e-05, 1.90693373e-03, 0.0, -9.34658543e+00, -9.09169876e+00, -9.23206789e+00, -9.66358489e+00, 0.0, 2.0000000000, 8.0000000000, 0.0918850660
        1959, -2.43296702e-01, 1.19021847e-03, 2.87005910e-04, 6.00404592e-05, 1.90690266e-03, 0.0, -9.35957754e+00, -9.10439812e+00, -9.24401940e+00, -9.67576407e+00, 0.0, 2.0000000000, 8.0000000000, 0.0921959519
        1960, -2.43296829e-01, 1.19018107e-03, 2.87004100e-04, 6.00406977e-05, 1.90687253e-03, 0.0, -9.37261842e+00, -9.11716358e+00, -9.25602016e+00, -9.68800059e+00, 0.0, 2.0000000000, 8.0000000000, 0.0925110857
        1961, -2.43296953e-01, 1.19014483e-03, 2.87002351e-04, 6.00409328e-05, 1.90684332e-03, 0.0, -9.38570787e+00, -9.12999445e+00, -9.26807046e+00, -9.70029457e+00, 0.0, 2.0000000000, 8.0000000000, 0.0928363323
        1962, -2.43297073e-01, 1.19010970e-03, 2.87000661e-04, 6.00411647e-05, 1.90681502e-03, 0.0, -9.39884575e+00, -9.14289006e+00, -9.28017059e+00, -9.71264609e+00, 0.0, 2.0000000000, 8.0000000000, 0.0931546847
        1963, -2.43297190e-01, 1.19007566e-03, 2.86999027e-04, 6.00413936e-05, 1.90678759e-03, 0.0, -9.41203195e+00, -9.15584972e+00, -9.29232088e+00, -9.72505520e+00, 0.0, 2.0000000000, 8.0000000000, 0.0934807181
        1964, -2.43297303e-01, 1.19004269e-03, 2.86997449e-04, 6.00416198e-05, 1.90676103e-03, 0.0, -9.42526644e+00, -9.16887277e+00, -9.30452168e+00, -9.73752192e+00, 0.0, 2.0000000000, 8.0000000000, 0.0938125332
        1965, -2.43297412e-01, 1.19001076e-03, 2.86995925e-04, 6.00418433e-05, 1.90673530e-03, 0.0, -9.43854917e+00, -9.18195861e+00, -9.31677336e+00, -9.75004625e+00, 0.0, 2.0000000000, 8.0000000000, 0.0941616019
        1966, -2.43297518e-01, 1.18997984e-03, 2.86994452e-04, 6.00420642e-05, 1.90671038e-03, 0.0, -9.45188017e+00, -9.19510666e+00, -9.32907631e+00, -9.76262819e+00, 0.0, 2.0000000000, 8.0000000000, 0.0944848339
        1967, -2.43297620e-01, 1.18994991e-03, 2.86993029e-04, 6.00422826e-05, 1.90668626e-03, 0.0, -9.46525940e+00, -9.20831641e+00, -9.34143095e+00, -9.77526770e+00, 0.0, 2.0000000000, 8.0000000000, 0.0948040684
        1968, -2.43297719e-01, 1.18992093e-03, 2.86991656e-04, 6.00424984e-05, 1.90666290e-03, 0.0, -9.47868686e+00, -9.22158737e+00, -9.35383771e+00, -9.78796474e+00, 0.0, 2.0000000000, 8.0000000000, 0.0951289495
        1969, -2.43297815e-01, 1.18989288e-03, 2.86990330e-04, 6.00427116e-05, 1.90664030e-03, 0.0, -9.49216250e+00, -9.23491911e+00, -9.36629704e+00, -9.80071924e+00, 0.0, 2.0000000000, 8.0000000000, 0.0954561353
        1970, -2.43297908e-01, 1.18986574e-03, 2.86989049e-04, 6.00429222e-05, 1.90661842e-03, 0.0, -9.50568623e+00, -9.24831122e+00, -9.37880940e+00, -9.81353111e+00, 0.0, 2.0000000000, 8.0000000000, 0.0957846165
        1971, -2.43297998e-01, 1.18983949e-03, 2.86987813e-04, 6.00431299e-05, 1.90659726e-03, 0.0, -9.51925792e+00, -9.26176327e+00, -9.39137526e+00, -9.82640024e+00, 0.0, 2.0000000000, 8.0000000000, 0.0961009502
        1972, -2.43298086e-01, 1.18981409e-03, 2.86986620e-04, 6.00433347e-05, 1.90657679e-03, 0.0, -9.53287736e+00, -9.27527485e+00, -9.40399508e+00, -9.83932647e+00, 0.0, 2.0000000000, 8.0000000000, 0.0964063525
        1973, -2.43298170e-01, 1.18978952e-03, 2.86985469e-04, 6.00435363e-05, 1.90655699e-03, 0.0, -9.54654429e+00, -9.28884551e+00, -9.41666929e+00, -9.85230960e+00, 0.0, 2.0000000000, 8.0000000000, 0.0967299859
        1974, -2.43298252e-01, 1.18976577e-03, 2.86984358e-04, 6.00437346e-05, 1.90653784e-03, 0.0, -9.56025838e+00, -9.30247474e+00, -9.42939836e+00, -9.86534939e+00, 0.0, 2.0000000000, 8.0000000000, 0.0970699350
        1975, -2.43298331e-01, 1.18974280e-03, 2.86983286e-04, 6.00439294e-05, 1.90651932e-03, 0.0, -9.57401921e+00, -9.31616199e+00, -9.44218267e+00, -9.87844556e+00, 0.0, 2.0000000000, 8.0000000000, 0.0973842661
        1976, -2.43298407e-01, 1.18972060e-03, 2.86982251e-04, 6.00441204e-05, 1.90650142e-03, 0.0, -9.58782633e+00, -9.32990664e+00, -9.45502264e+00, -9.89159776e+00, 0.0, 2.0000000000, 8.0000000000, 0.0977125168
        1977, -2.43298481e-01, 1.18969914e-03, 2.86981254e-04, 6.00443076e-05, 1.90648412e-03, 0.0, -9.60167922e+00, -9.34370797e+00, -9.46791861e+00, -9.90480559e+00, 0.0, 2.0000000000, 8.0000000000, 0.0980247339
        1978, -2.43298552e-01, 1.18967840e-03, 2.86980291e-04, 6.00444906e-05, 1.90646740e-03, 0.0, -9.61557729e+00, -9.35756518e+00, -9.48087090e+00, -9.91806862e+00, 0.0, 2.0000000000, 8.0000000000, 0.0983474016
        1979, -2.43298622e-01, 1.18965837e-03, 2.86979363e-04, 6.00446695e-05, 1.90645125e-03, 0.0, -9.62951995e+00, -9.37147740e+00, -9.49387979e+00, -9.93138633e+00, 0.0, 2.0000000000, 8.0000000000, 0.0987183491
        1980, -2.43298689e-01, 1.18963901e-03, 2.86978468e-04, 6.00448441e-05, 1.90643564e-03, 0.0, -9.64350657e+00, -9.38544364e+00, -9.50694554e+00, -9.94475819e+00, 0.0, 2.0000000000, 8.0000000000, 0.0990567327
        1981, -2.43298753e-01, 1.18962032e-03, 2.86977605e-04, 6.00450141e-05, 1.90642057e-03, 0.0, -9.65753651e+00, -9.39946284e+00, -9.52006832e+00, -9.95818361e+00, 0.0, 2.0000000000, 8.0000000000, 0.0993965665
        1982, -2.43298816e-01, 1.18960226e-03, 2.86976773e-04, 6.00451797e-05, 1.90640601e-03, 0.0, -9.67160912e+00, -9.41353388e+00, -9.53324828e+00, -9.97166197e+00, 0.0, 2.0000000000, 8.0000000000, 0.0997261842
        1983, -2.43298876e-01, 1.18958483e-03, 2.86975971e-04, 6.00453407e-05, 1.90639195e-03, 0.0, -9.68572379e+00, -9.42765557e+00, -9.54648553e+00, -9.98519262e+00, 0.0, 2.0000000000, 8.0000000000, 0.1000568827
        1984, -2.43298935e-01, 1.18956800e-03, 2.86975198e-04, 6.00454972e-05, 1.90637838e-03, 0.0, -9.69987991e+00, -9.44182664e+00, -9.55978011e+00, -9.99877490e+00, 0.0, 2.0000000000, 8.0000000000, 0.1003933509
        1985, -2.43298991e-01, 1.18955175e-03, 2.86974453e-04, 6.00456490e-05, 1.90636527e-03, 0.0, -9.71407692e+00, -9.45604583e+00, -9.57313202e+00, -1.00124081e+01, 0.0, 2.0000000000, 8.0000000000, 0.1007184505
        1986, -2.43299046e-01, 1.18953606e-03, 2.86973734e-04, 6.00457962e-05, 1.90635262e-03, 0.0, -9.72831430e+00, -9.47031181e+00, -9.58654122e+00, -1.00260916e+01, 0.0, 2.0000000000, 8.0000000000, 0.1010354161
        1987, -2.43299099e-01, 1.18952092e-03, 2.86973042e-04, 6.00459389e-05, 1.90634042e-03, 0.0, -9.74259158e+00, -9.48462327e+00, -9.60000761e+00, -1.00398247e+01, 0.0, 2.0000000000, 8.0000000000, 0.1013491352
        1988, -2.43299150e-01, 1.18950631e-03, 2.86972375e-04, 6.00460771e-05, 1.90632864e-03, 0.0, -9.75690832e+00, -9.49897891e+00, -9.61353102e+00, -1.00536068e+01, 0.0, 2.0000000000, 8.0000000000, 0.1016550183
        1989, -2.43299199e-01, 1.18949221e-03, 2.86971732e-04, 6.00462108e-05, 1.90631727e-03, 0.0, -9.77126414e+00, -9.51337742e+00, -9.62711127e+00, -1.00674371e+01, 0.0, 2.0000000000, 8.0000000000, 0.1020149827
        1990, -2.43299247e-01, 1.18947861e-03, 2.86971113e-04, 6.00463402e-05, 1.90630630e-03, 0.0, -9.78565873e+00, -9.52781753e+00, -9.64074811e+00, -1.00813150e+01, 0.0, 2.0000000000, 8.0000000000, 0.1023258686
        1991, -2.43299293e-01, 1.18946549e-03, 2.86970516e-04, 6.00464651e-05, 1.90629571e-03, 0.0, -9.80009178e+00, -9.54229802e+00, -9.65444123e+00, -1.00952400e+01, 0.0, 2.0000000000, 8.0000000000, 0.1026430686
        1992, -2.43299337e-01, 1.18945283e-03, 2.86969941e-04, 6.00465858e-05, 1.90628550e-03, 0.0, -9.81456304e+00, -9.55681769e+00, -9.66819030e+00, -1.01092114e+01, 0.0, 2.0000000000, 8.0000000000, 0.1030789693
        1993, -2.43299380e-01, 1.18944061e-03, 2.86969387e-04, 6.00467022e-05, 1.90627566e-03, 0.0, -9.82907228e+00, -9.57137541e+00, -9.68199492e+00, -1.01232288e+01, 0.0, 2.0000000000, 8.0000000000, 0.1035643021
        1994, -2.43299422e-01, 1.18942883e-03, 2.86968853e-04, 6.00468145e-05, 1.90626616e-03, 0.0, -9.84361930e+00, -9.58597008e+00, -9.69585464e+00, -1.01372915e+01, 0.0, 2.0000000000, 8.0000000000, 0.1040136496
        1995, -2.43299462e-01, 1.18941747e-03, 2.86968338e-04, 6.00469226e-05, 1.90625699e-03, 0.0, -9.85820388e+00, -9.60060067e+00, -9.70976897e+00, -1.01513990e+01, 0.0, 2.0000000000, 8.0000000000, 0.1043480357
        1996, -2.43299501e-01, 1.18940651e-03, 2.86967843e-04, 6.00470266e-05, 1.90624816e-03, 0.0, -9.87282583e+00, -9.61526619e+00, -9.72373740e+00, -1.01655508e+01, 0.0, 2.0000000000, 8.0000000000, 0.1046804190
        1997, -2.43299538e-01, 1.18939594e-03, 2.86967366e-04, 6.00471267e-05, 1.90623963e-03, 0.0, -9.88748492e+00, -9.62996570e+00, -9.73775933e+00, -1.01797466e+01, 0.0, 2.0000000000, 8.0000000000, 0.1049994349
        1998, -2.43299574e-01, 1.18938575e-03, 2.86966906e-04, 6.00472227e-05, 1.90623142e-03, 0.0, -9.90218091e+00, -9.64469831e+00, -9.75183416e+00, -1.01939857e+01, 0.0, 2.0000000000, 8.0000000000, 0.1053101023
        1999, -2.43299609e-01, 1.18937592e-03, 2.86966463e-04, 6.00473149e-05, 1.90622349e-03, 0.0, -9.91691353e+00, -9.65946318e+00, -9.76596124e+00, -1.02082677e+01, 0.0, 2.0000000000, 8.0000000000, 0.1056476831
        2000, -2.43299643e-01, 1.18936645e-03, 2.86966037e-04, 6.00474032e-05, 1.90621585e-03, 0.0, -9.93168247e+00, -9.67425950e+00, -9.78013986e+00, -1.02225921e+01, 0.0, 2.0000000000, 8.0000000000, 0.1059877674
        2001, -2.43299675e-01, 1.18935731e-03, 2.86965626e-04, 6.00474877e-05, 1.90620848e-03, 0.0, -9.94648737e+00, -9.68908648e+00, -9.79436931e+00, -1.02369585e+01, 0.0, 2.0000000000, 8.0000000000, 0.1063489358
        2002, -2.43299707e-01, 1.18934850e-03, 2.86965230e-04, 6.00475686e-05, 1.90620138e-03, 0.0, -9.96132784e+00, -9.70394341e+00, -9.80864885e+00, -1.02513664e+01, 0.0, 2.0000000000, 8.0000000000, 0.1067341844
        2003, -2.43299737e-01, 1.18934000e-03, 2.86964849e-04, 6.00476457e-05, 1.90619453e-03, 0.0, -9.97620339e+00, -9.71882956e+00, -9.82297768e+00, -1.02658153e+01, 0.0, 2.0000000000, 8.0000000000, 0.1070545514
        2004, -2.43299766e-01, 1.18933181e-03, 2.86964481e-04, 6.00477194e-05, 1.90618793e-03, 0.0, -9.99111354e+00, -9.73374427e+00, -9.83735503e+00, -1.02803047e+01, 0.0, 2.0000000000, 8.0000000000, 0.1073909680
        2005, -2.43299794e-01, 1.18932391e-03, 2.86964128e-04, 6.00477896e-05, 1.90618156e-03, 0.0, -1.00060577e+01, -9.74868687e+00, -9.85178007e+00, -1.02948341e+01, 0.0, 2.0000000000, 8.0000000000, 0.1077150504
        2006, -2.43299822e-01, 1.18931630e-03, 2.86963787e-04, 6.00478565e-05, 1.90617543e-03, 0.0, -1.00210352e+01, -9.76365674e+00, -9.86625199e+00, -1.03094029e+01, 0.0, 2.0000000000, 8.0000000000, 0.1080418666
        2007, -2.43299848e-01, 1.18930896e-03, 2.86963459e-04, 6.00479202e-05, 1.90616951e-03, 0.0, -1.00360455e+01, -9.77865330e+00, -9.88076994e+00, -1.03240106e+01, 0.0, 2.0000000000, 8.0000000000, 0.1083666682
        2008, -2.43299873e-01, 1.18930188e-03, 2.86963142e-04, 6.00479807e-05, 1.90616381e-03, 0.0, -1.00510878e+01, -9.79367597e+00, -9.89533310e+00, -1.03386567e+01, 0.0, 2.0000000000, 8.0000000000, 0.1086841027
        2009, -2.43299898e-01, 1.18929506e-03, 2.86962838e-04, 6.00480383e-05, 1.90615831e-03, 0.0, -1.00661613e+01, -9.80872421e+00, -9.90994062e+00, -1.03533405e+01, 0.0, 2.0000000000, 8.0000000000, 0.1090080857
        2010, -2.43299922e-01, 1.18928848e-03, 2.86962544e-04, 6.00480931e-05, 1.90615301e-03, 0.0, -1.00812652e+01, -9.82379753e+00, -9.92459168e+00, -1.03680615e+01, 0.0, 2.0000000000, 8.0000000000, 0.1093246857
        2011, -2.43299944e-01, 1.18928214e-03, 2.86962262e-04, 6.00481452e-05, 1.90614790e-03, 0.0, -1.00963987e+01, -9.83889546e+00, -9.93928545e+00, -1.03828191e+01, 0.0, 2.0000000000, 8.0000000000, 0.1096405665
        2012, -2.43299966e-01, 1.18927603e-03, 2.86961989e-04, 6.00481948e-05, 1.90614298e-03, 0.0, -1.01115610e+01, -9.85401756e+00, -9.95402110e+00, -1.03976127e+01, 0.0, 2.0000000000, 8.0000000000, 0.1099466324
        2013, -2.43299988e-01, 1.18927013e-03, 2.86961727e-04, 6.00482420e-05, 1.90613823e-03, 0.0, -1.01267512e+01, -9.86916346e+00, -9.96879784e+00, -1.04124417e+01, 0.0, 2.0000000000, 8.0000000000, 0.1103626331
        2014, -2.43300008e-01, 1.18926445e-03, 2.86961474e-04, 6.00482870e-05, 1.90613365e-03, 0.0, -1.01419683e+01, -9.88433279e+00, -9.98361488e+00, -1.04273056e+01, 0.0, 2.0000000000, 8.0000000000, 0.1106924494
        2015, -2.43300028e-01, 1.18925897e-03, 2.86961231e-04, 6.00483298e-05, 1.90612924e-03, 0.0, -1.01572116e+01, -9.89952525e+00, -9.99847142e+00, -1.04422037e+01, 0.0, 2.0000000000, 8.0000000000, 0.1110185504
        2016, -2.43300047e-01, 1.18925369e-03, 2.86960996e-04, 6.00483707e-05, 1.90612498e-03, 0.0, -1.01724801e+01, -9.91474058e+00, -1.00133667e+01, -1.04571355e+01, 0.0, 2.0000000000, 8.0000000000, 0.1114407023
        2017, -2.43300066e-01, 1.18924859e-03, 2.86960770e-04, 6.00484098e-05, 1.90612088e-03, 0.0, -1.01877730e+01, -9.92997855e+00, -1.00283000e+01, -1.04721004e+01, 0.0, 2.0000000000, 8.0000000000, 0.1118918657
        2018, -2.43300083e-01, 1.18924368e-03, 2.86960553e-04, 6.00484473e-05, 1.90611693e-03, 0.0, -1.02030894e+01, -9.94523898e+00, -1.00432705e+01, -1.04870978e+01, 0.0, 2.0000000000, 8.0000000000, 0.1123573502
        2019, -2.43300101e-01, 1.18923894e-03, 2.86960343e-04, 6.00484831e-05, 1.90611311e-03, 0.0, -1.02184286e+01, -9.96052174e+00, -1.00582776e+01, -1.05021273e+01, 0.0, 2.0000000000, 8.0000000000, 0.1128065189
        2020, -2.43300117e-01, 1.18923438e-03, 2.86960141e-04, 6.00485175e-05, 1.90610944e-03, 0.0, -1.02337898e+01, -9.97582672e+00, -1.00733205e+01, -1.05171883e+01, 0.0, 2.0000000000, 8.0000000000, 0.1132586161
        2021, -2.43300133e-01, 1.18922997e-03, 2.86959946e-04, 6.00485505e-05, 1.90610589e-03, 0.0, -1.02491721e+01, -9.99115385e+00, -1.00883985e+01, -1.05322803e+01, 0.0, 2.0000000000, 8.0000000000, 0.1137104352
        2022, -2.43300149e-01, 1.18922573e-03, 2.86959758e-04, 6.00485823e-05, 1.90610248e-03, 0.0, -1.02645750e+01, -1.00065031e+01, -1.01035109e+01, -1.05474028e+01, 0.0, 2.0000000000, 8.0000000000, 0.1141582012
        2023, -2.43300163e-01, 1.18922164e-03, 2.86959577e-04, 6.00486130e-05, 1.90609918e-03, 0.0, -1.02799978e+01, -1.00218745e+01, -1.01186570e+01, -1.05625555e+01, 0.0, 2.0000000000, 8.0000000000, 0.1146164854
        2024, -2.43300178e-01, 1.18921769e-03, 2.86959403e-04, 6.00486425e-05, 1.90609601e-03, 0.0, -1.02954397e+01, -1.00372680e+01, -1.01338361e+01, -1.05777378e+01, 0.0, 2.0000000000, 8.0000000000, 0.1150799155
        2025, -2.43300192e-01, 1.18921388e-03, 2.86959235e-04, 6.00486710e-05, 1.90609295e-03, 0.0, -1.03109004e+01, -1.00526836e+01, -1.01490476e+01, -1.05929494e+01, 0.0, 2.0000000000, 8.0000000000, 0.1155864676
        2026, -2.43300205e-01, 1.18921022e-03, 2.86959074e-04, 6.00486985e-05, 1.90608999e-03, 0.0, -1.03263792e+01, -1.00681215e+01, -1.01642907e+01, -1.06081899e+01, 0.0, 2.0000000000, 8.0000000000, 0.1160327991
        2027, -2.43300218e-01, 1.18920668e-03, 2.86958918e-04, 6.00487252e-05, 1.90608715e-03, 0.0, -1.03418757e+01, -1.00835816e+01, -1.01795647e+01, -1.06234589e+01, 0.0, 2.0000000000, 8.0000000000, 0.1165093859
        2028, -2.43300230e-01, 1.18920327e-03, 2.86958768e-04, 6.00487509e-05, 1.90608441e-03, 0.0, -1.03573894e+01, -1.00990640e+01, -1.01948690e+01, -1.06387560e+01, 0.0, 2.0000000000, 8.0000000000, 0.1170735518
        2029, -2.43300242e-01, 1.18919999e-03, 2.86958623e-04, 6.00487758e-05, 1.90608177e-03, 0.0, -1.03729200e+01, -1.01145689e+01, -1.02102028e+01, -1.06540809e+01, 0.0, 2.0000000000, 8.0000000000, 0.1175396005
        2030, -2.43300254e-01, 1.18919682e-03, 2.86958483e-04, 6.00487999e-05, 1.90607922e-03, 0.0, -1.03884670e+01, -1.01300961e+01, -1.02255655e+01, -1.06694332e+01, 0.0, 2.0000000000, 8.0000000000, 0.1179858843
        2031, -2.43300265e-01, 1.18919377e-03, 2.86958349e-04, 6.00488233e-05, 1.90607677e-03, 0.0, -1.04040303e+01, -1.01456459e+01, -1.02409563e+01, -1.06848126e+01, 0.0, 2.0000000000, 8.0000000000, 0.1184583505
        2032, -2.43300276e-01, 1.18919082e-03, 2.86958220e-04, 6.00488459e-05, 1.90607440e-03, 0.0, -1.04196094e+01, -1.01612182e+01, -1.02563745e+01, -1.07002189e+01, 0.0, 2.0000000000, 8.0000000000, 0.1189276656
        2033, -2.43300286e-01, 1.18918799e-03, 2.86958095e-04, 6.00488678e-05, 1.90607212e-03, 0.0, -1.04352042e+01, -1.01768129e+01, -1.02718195e+01, -1.07156515e+01, 0.0, 2.0000000000, 8.0000000000, 0.1193934997
        2034, -2.43300296e-01, 1.18918526e-03, 2.86957975e-04, 6.00488889e-05, 1.90606992e-03, 0.0, -1.04508144e+01, -1.01924302e+01, -1.02872904e+01, -1.07311103e+01, 0.0, 2.0000000000, 8.0000000000, 0.1199636499
        2035, -2.43300306e-01, 1.18918262e-03, 2.86957859e-04, 6.00489094e-05, 1.90606781e-03, 0.0, -1.04664397e+01, -1.02080700e+01, -1.03027867e+01, -1.07465949e+01, 0.0, 2.0000000000, 8.0000000000, 0.1205411514
        2036, -2.43300315e-01, 1.18918009e-03, 2.86957747e-04, 6.00489292e-05, 1.90606577e-03, 0.0, -1.04820799e+01, -1.02237322e+01, -1.03183075e+01, -1.07621049e+01, 0.0, 2.0000000000, 8.0000000000, 0.1210606019
        2037, -2.43300324e-01, 1.18917764e-03, 2.86957640e-04, 6.00489484e-05, 1.90606381e-03, 0.0, -1.04977349e+01, -1.02394166e+01, -1.03338523e+01, -1.07776400e+01, 0.0, 2.0000000000, 8.0000000000, 0.1216784676
        2038, -2.43300333e-01, 1.18917529e-03, 2.86957536e-04, 6.00489670e-05, 1.90606191e-03, 0.0, -1.05134043e+01, -1.02551233e+01, -1.03494202e+01, -1.07931999e+01, 0.0, 2.0000000000, 8.0000000000, 0.1222567002
        2039, -2.43300341e-01, 1.18917302e-03, 2.86957436e-04, 6.00489849e-05, 1.90606009e-03, 0.0, -1.05290880e+01, -1.02708520e+01, -1.03650108e+01, -1.08087840e+01, 0.0, 2.0000000000, 8.0000000000, 0.1227253993
        2040, -2.43300349e-01, 1.18917084e-03, 2.86957340e-04, 6.00490022e-05, 1.90605833e-03, 0.0, -1.05447857e+01, -1.02866024e+01, -1.03806232e+01, -1.08243921e+01, 0.0, 2.0000000000, 8.0000000000, 0.1232532501
        2041, -2.43300357e-01, 1.18916873e-03, 2.86957248e-04, 6.00490189e-05, 1.90605664e-03, 0.0, -1.05604972e+01, -1.03023744e+01, -1.03962568e+01, -1.08400237e+01, 0.0, 2.0000000000, 8.0000000000, 0.1238025347
        2042, -2.43300364e-01, 1.18916670e-03, 2.86957158e-04, 6.00490350e-05, 1.90605501e-03, 0.0, -1.05762222e+01, -1.03181677e+01, -1.04119111e+01, -1.08556783e+01, 0.0, 2.0000000000, 8.0000000000, 0.1241539160
        2043, -2.43300371e-01, 1.18916475e-03, 2.86957072e-04, 6.00490506e-05, 1.90605345e-03, 0.0, -1.05919604e+01, -1.03339818e+01, -1.04275855e+01, -1.08713555e+01, 0.0, 2.0000000000, 8.0000000000, 0.1245147506
        2044, -2.43300378e-01, 1.18916287e-03, 2.86956989e-04, 6.00490656e-05, 1.90605193e-03, 0.0, -1.06077116e+01, -1.03498164e+01, -1.04432793e+01, -1.08870548e+01, 0.0, 2.0000000000, 8.0000000000, 0.1248893181
        2045, -2.43300385e-01, 1.18916106e-03, 2.86956910e-04, 6.00490800e-05, 1.90605048e-03, 0.0, -1.06234752e+01, -1.03656711e+01, -1.04589921e+01, -1.09027757e+01, 0.0, 2.0000000000, 8.0000000000, 0.1252533158
        2046, -2.43300391e-01, 1.18915931e-03, 2.86956833e-04, 6.00490940e-05, 1.90604908e-03, 0.0, -1.06392511e+01, -1.03815454e+01, -1.04747234e+01, -1.09185176e+01, 0.0, 2.0000000000, 8.0000000000, 0.1256273190
        2047, -2.43300398e-01, 1.18915763e-03, 2.86956759e-04, 6.00491074e-05, 1.90604773e-03, 0.0, -1.06550387e+01, -1.03974386e+01, -1.04904726e+01, -1.09342799e+01, 0.0, 2.0000000000, 8.0000000000, 0.1259514848
        2048, -2.43300404e-01, 1.18915601e-03, 2.86956687e-04, 6.00491203e-05, 1.90604643e-03, 0.0, -1.06708378e+01, -1.04133501e+01, -1.05062393e+01, -1.09500621e+01, 0.0, 2.0000000000, 8.0000000000, 0.1262938182
        2049, -2.43300409e-01, 1.18915445e-03, 2.86956619e-04, 6.00491327e-05, 1.90604518e-03, 0.0, -1.06866478e+01, -1.04292793e+01, -1.05220230e+01, -1.09658635e+01, 0.0, 2.0000000000, 8.0000000000, 0.1266590158
        2050, -2.43300415e-01, 1.18915295e-03, 2.86956552e-04, 6.00491447e-05, 1.90604397e-03, 0.0, -1.07024682e+01, -1.04452254e+01, -1.05378234e+01, -1.09816834e+01, 0.0, 2.0000000000, 8.0000000000, 0.1270659010
        2051, -2.43300420e-01, 1.18915151e-03, 2.86956489e-04, 6.00491561e-05, 1.90604281e-03, 0.0, -1.07182987e+01, -1.04611877e+01, -1.05536400e+01, -1.09975212e+01, 0.0, 2.0000000000, 8.0000000000, 0.1274415851
        2052, -2.43300425e-01, 1.18915012e-03, 2.86956427e-04, 6.00491671e-05, 1.90604169e-03, 0.0, -1.07341387e+01, -1.04771652e+01, -1.05694726e+01, -1.10133761e+01, 0.0, 2.0000000000, 8.0000000000, 0.1277893345
        2053, -2.43300430e-01, 1.18914877e-03, 2.86956368e-04, 6.00491777e-05, 1.90604061e-03, 0.0, -1.07499877e+01, -1.04931570e+01, -1.05853206e+01, -1.10292474e+01, 0.0, 2.0000000000, 8.0000000000, 0.1280962825
        2054, -2.43300435e-01, 1.18914748e-03, 2.86956311e-04, 6.00491878e-05, 1.90603958e-03, 0.0, -1.07658452e+01, -1.05091621e+01, -1.06011838e+01, -1.10451343e+01, 0.0, 2.0000000000, 8.0000000000, 0.1284418821
        2055, -2.43300440e-01, 1.18914624e-03, 2.86956256e-04, 6.00491976e-05, 1.90603858e-03, 0.0, -1.07817106e+01, -1.05251796e+01, -1.06170617e+01, -1.10610361e+01, 0.0, 2.0000000000, 8.0000000000, 0.1288124839
        2056, -2.43300444e-01, 1.18914504e-03, 2.86956203e-04, 6.00492069e-05, 1.90603762e-03, 0.0, -1.07975834e+01, -1.05412082e+01, -1.06329542e+01, -1.10769519e+01, 0.0, 2.0000000000, 8.0000000000, 0.1291673501
        2057, -2.43300449e-01, 1.18914389e-03, 2.86956151e-04, 6.00492158e-05, 1.90603669e-03, 0.0, -1.08134631e+01, -1.05572470e+01, -1.06488607e+01, -1.10928810e+01, 0.0, 2.0000000000, 8.0000000000, 0.1294971665
        2058, -2.43300453e-01, 1.18914278e-03, 2.86956102e-04, 6.00492243e-05, 1.90603580e-03, 0.0, -1.08293492e+01, -1.05732946e+01, -1.06647810e+01, -1.11088224e+01, 0.0, 2.0000000000, 8.0000000000, 0.1298275193
        2059, -2.43300457e-01, 1.18914171e-03, 2.86956055e-04, 6.00492325e-05, 1.90603494e-03, 0.0, -1.08452409e+01, -1.05893499e+01, -1.06807146e+01, -1.11247754e+01, 0.0, 2.0000000000, 8.0000000000, 0.1301610669
        2060, -2.43300461e-01, 1.18914068e-03, 2.86956009e-04, 6.00492403e-05, 1.90603411e-03, 0.0, -1.08611379e+01, -1.06054117e+01, -1.06966613e+01, -1.11407391e+01, 0.0, 2.0000000000, 8.0000000000, 0.1304846327
        2061, -2.43300464e-01, 1.18913968e-03, 2.86955965e-04, 6.00492478e-05, 1.90603332e-03, 0.0, -1.08770395e+01, -1.06214787e+01, -1.07126205e+01, -1.11567126e+01, 0.0, 2.0000000000, 8.0000000000, 0.1308329860
        2062, -2.43300468e-01, 1.18913873e-03, 2.86955922e-04, 6.00492550e-05, 1.90603255e-03, 0.0, -1.08929452e+01, -1.06375495e+01, -1.07285918e+01, -1.11726952e+01, 0.0, 2.0000000000, 8.0000000000, 0.1312081019
        2063, -2.43300471e-01, 1.18913781e-03, 2.86955881e-04, 6.00492619e-05, 1.90603181e-03, 0.0, -1.09088544e+01, -1.06536229e+01, -1.07445747e+01, -1.11886858e+01, 0.0, 2.0000000000, 8.0000000000, 0.1315986832
        2064, -2.43300475e-01, 1.18913692e-03, 2.86955841e-04, 6.00492685e-05, 1.90603110e-03, 0.0, -1.09247664e+01, -1.06696976e+01, -1.07605688e+01, -1.12046838e+01, 0.0, 2.0000000000, 8.0000000000, 0.1320259849
        2065, -2.43300478e-01, 1.18913606e-03, 2.86955803e-04, 6.00492748e-05, 1.90603041e-03, 0.0, -1.09406807e+01, -1.06857722e+01, -1.07765735e+01, -1.12206881e+01, 0.0, 2.0000000000, 8.0000000000, 0.1325548689
        2066, -2.43300481e-01, 1.18913524e-03, 2.86955766e-04, 6.00492808e-05, 1.90602975e-03, 0.0, -1.09565966e+01, -1.07018455e+01, -1.07925882e+01, -1.12366979e+01, 0.0, 2.0000000000, 8.0000000000, 0.1328850190
        2067, -2.43300484e-01, 1.18913444e-03, 2.86955731e-04, 6.00492866e-05, 1.90602911e-03, 0.0, -1.09725136e+01, -1.07179161e+01, -1.08086123e+01, -1.12527124e+01, 0.0, 2.0000000000, 8.0000000000, 0.1332424839
        2068, -2.43300487e-01, 1.18913368e-03, 2.86955696e-04, 6.00492922e-05, 1.90602850e-03, 0.0, -1.09884308e+01, -1.07339827e+01, -1.08246451e+01, -1.12687307e+01, 0.0, 2.0000000000, 8.0000000000, 0.1335917155
        2069, -2.43300490e-01, 1.18913294e-03, 2.86955663e-04, 6.00492975e-05, 1.90602790e-03, 0.0, -1.10043475e+01, -1.07500441e+01, -1.08406860e+01, -1.12847520e+01, 0.0, 2.0000000000, 8.0000000000, 0.1339311838
        2070, -2.43300492e-01, 1.18913223e-03, 2.86955631e-04, 6.00493026e-05, 1.90602733e-03, 0.0, -1.10202631e+01, -1.07660990e+01, -1.08567342e+01, -1.13007754e+01, 0.0, 2.0000000000, 8.0000000000, 0.1342607339
        2071, -2.43300495e-01, 1.18913154e-03, 2.86955600e-04, 6.00493076e-05, 1.90602678e-03, 0.0, -1.10361767e+01, -1.07821462e+01, -1.08727889e+01, -1.13168001e+01, 0.0, 2.0000000000, 8.0000000000, 0.1345851501
        2072, -2.43300497e-01, 1.18913088e-03, 2.86955571e-04, 6.00493123e-05, 1.90602625e-03, 0.0, -1.10520875e+01, -1.07981845e+01, -1.08888493e+01, -1.13328251e+01, 0.0, 2.0000000000, 8.0000000000, 0.1349121491
        2073, -2.43300500e-01, 1.18913024e-03, 2.86955542e-04, 6.00493169e-05, 1.90602574e-03, 0.0, -1.10679946e+01, -1.08142127e+01, -1.09049146e+01, -1.13488498e+01, 0.0, 2.0000000000, 8.0000000000, 0.1352377017
        2074, -2.43300502e-01, 1.18912962e-03, 2.86955514e-04, 6.00493213e-05, 1.90602524e-03, 0.0, -1.10838970e+01, -1.08302296e+01, -1.09209838e+01, -1.13648731e+01, 0.0, 2.0000000000, 8.0000000000, 0.1355835001
        2075, -2.43300504e-01, 1.18912903e-03, 2.86955487e-04, 6.00493256e-05, 1.90602477e-03, 0.0, -1.10997939e+01, -1.08462343e+01, -1.09370562e+01, -1.13808943e+01, 0.0, 2.0000000000, 8.0000000000, 0.1359136184
        2076, -2.43300507e-01, 1.18912846e-03, 2.86955461e-04, 6.00493297e-05, 1.90602431e-03, 0.0, -1.11156841e+01, -1.08622256e+01, -1.09531307e+01, -1.13969125e+01, 0.0, 2.0000000000, 8.0000000000, 0.1363279661
        2077, -2.43300509e-01, 1.18912790e-03, 2.86955436e-04, 6.00493337e-05, 1.90602386e-03, 0.0, -1.11315667e+01, -1.08782025e+01, -1.09692064e+01, -1.14129269e+01, 0.0, 2.0000000000, 8.0000000000, 0.1368238171
        2078, -2.43300511e-01, 1.18912737e-03, 2.86955412e-04, 6.00493376e-05, 1.90602344e-03, 0.0, -1.11474405e+01, -1.08941640e+01, -1.09852823e+01, -1.14289367e+01, 0.0, 2.0000000000, 8.0000000000, 0.1373242021
        2079, -2.43300513e-01, 1.18912685e-03, 2.86955389e-04, 6.00493413e-05, 1.90602302e-03, 0.0, -1.11633044e+01, -1.09101092e+01, -1.10013574e+01, -1.14449408e+01, 0.0, 2.0000000000, 8.0000000000, 0.1377232353
        2080, -2.43300515e-01, 1.18912636e-03, 2.86955366e-04, 6.00493450e-05, 1.90602262e-03, 0.0, -1.11791572e+01, -1.09260372e+01, -1.10174307e+01, -1.14609386e+01, 0.0, 2.0000000000, 8.0000000000, 0.1381451170
        2081, -2.43300516e-01, 1.18912588e-03, 2.86955344e-04, 6.00493485e-05, 1.90602224e-03, 0.0, -1.11949977e+01, -1.09419470e+01, -1.10335012e+01, -1.14769292e+01, 0.0, 2.0000000000, 8.0000000000, 0.1385506670
        2082, -2.43300518e-01, 1.18912541e-03, 2.86955323e-04, 6.00493519e-05, 1.90602187e-03, 0.0, -1.12108247e+01, -1.09578380e+01, -1.10495679e+01, -1.14929116e+01, 0.0, 2.0000000000, 8.0000000000, 0.1389679670
        2083, -2.43300520e-01, 1.18912497e-03, 2.86955302e-04, 6.00493553e-05, 1.90602151e-03, 0.0, -1.12266371e+01, -1.09737092e+01, -1.10656298e+01, -1.15088851e+01, 0.0, 2.0000000000, 8.0000000000, 0.1393050154
        2084, -2.43300521e-01, 1.18912453e-03, 2.86955283e-04, 6.00493585e-05, 1.90602116e-03, 0.0, -1.12424335e+01, -1.09895600e+01, -1.10816859e+01, -1.15248487e+01, 0.0, 2.0000000000, 8.0000000000, 0.1396433353
        2085, -2.43300523e-01, 1.18912412e-03, 2.86955264e-04, 6.00493617e-05, 1.90602083e-03, 0.0, -1.12582126e+01, -1.10053897e+01, -1.10977351e+01, -1.15408016e+01, 0.0, 2.0000000000, 8.0000000000, 0.1400506020
        2086, -2.43300524e-01, 1.18912371e-03, 2.86955245e-04, 6.00493647e-05, 1.90602051e-03, 0.0, -1.12739734e+01, -1.10211975e+01, -1.11137764e+01, -1.15567430e+01, 0.0, 2.0000000000, 8.0000000000, 0.1403819005
        2087, -2.43300526e-01, 1.18912332e-03, 2.86955227e-04, 6.00493677e-05, 1.90602020e-03, 0.0, -1.12897145e+01, -1.10369829e+01, -1.11298088e+01, -1.15726720e+01, 0.0, 2.0000000000, 8.0000000000, 0.1407058676
        2088, -2.43300527e-01, 1.18912295e-03, 2.86955210e-04, 6.00493706e-05, 1.90601989e-03, 0.0, -1.13054347e+01, -1.10527453e+01, -1.11458314e+01, -1.15885878e+01, 0.0, 2.0000000000, 8.0000000000, 0.1410200000
        2089, -2.43300529e-01, 1.18912258e-03, 2.86955193e-04, 6.00493735e-05, 1.90601960e-03, 0.0, -1.13211329e+01, -1.10684841e+01, -1.11618431e+01, -1.16044895e+01, 0.0, 2.0000000000, 8.0000000000, 0.1413171848
        2090, -2.43300530e-01, 1.18912223e-03, 2.86955177e-04, 6.00493762e-05, 1.90601932e-03, 0.0, -1.13368079e+01, -1.10841988e+01, -1.11778430e+01, -1.16203763e+01, 0.0, 2.0000000000, 8.0000000000, 0.1416355332
        2091, -2.43300531e-01, 1.18912189e-03, 2.86955161e-04, 6.00493789e-05, 1.90601905e-03, 0.0, -1.13524585e+01, -1.10998889e+01, -1.11938301e+01, -1.16362473e+01, 0.0, 2.0000000000, 8.0000000000, 0.1419473489
        2092, -2.43300533e-01, 1.18912157e-03, 2.86955146e-04, 6.00493815e-05, 1.90601879e-03, 0.0, -1.13680838e+01, -1.11155540e+01, -1.12098033e+01, -1.16521019e+01, 0.0, 2.0000000000, 8.0000000000, 0.1422434489
        2093, -2.43300534e-01, 1.18912125e-03, 2.86955132e-04, 6.00493841e-05, 1.90601853e-03, 0.0, -1.13836826e+01, -1.11311935e+01, -1.12257619e+01, -1.16679391e+01, 0.0, 2.0000000000, 8.0000000000, 0.1425493995
        2094, -2.43300535e-01, 1.18912094e-03, 2.86955117e-04, 6.00493866e-05, 1.90601829e-03, 0.0, -1.13992539e+01, -1.11468072e+01, -1.12417047e+01, -1.16837583e+01, 0.0, 2.0000000000, 8.0000000000, 0.1428599993
        2095, -2.43300536e-01, 1.18912065e-03, 2.86955104e-04, 6.00493890e-05, 1.90601805e-03, 0.0, -1.14147968e+01, -1.11623946e+01, -1.12576309e+01, -1.16995585e+01, 0.0, 2.0000000000, 8.0000000000, 0.1431639512
        2096, -2.43300537e-01, 1.18912036e-03, 2.86955090e-04, 6.00493913e-05, 1.90601782e-03, 0.0, -1.14303104e+01, -1.11779553e+01, -1.12735395e+01, -1.17153392e+01, 0.0, 2.0000000000, 8.0000000000, 0.1434878349
        2097, -2.43300538e-01, 1.18912009e-03, 2.86955077e-04, 6.00493936e-05, 1.90601760e-03, 0.0, -1.14457937e+01, -1.11934891e+01, -1.12894296e+01, -1.17310995e+01, 0.0, 2.0000000000, 8.0000000000, 0.1438102523
        2098, -2.43300539e-01, 1.18911982e-03, 2.86955065e-04, 6.00493958e-05, 1.90601739e-03, 0.0, -1.14612459e+01, -1.12089955e+01, -1.13053002e+01, -1.17468388e+01, 0.0, 2.0000000000, 8.0000000000, 0.1441246668
        2099, -2.43300540e-01, 1.18911956e-03, 2.86955053e-04, 6.00493979e-05, 1.90601718e-03, 0.0, -1.14766663e+01, -1.12244742e+01, -1.13211505e+01, -1.17625563e+01, 0.0, 2.0000000000, 8.0000000000, 0.1444416006
        2100, -2.43300541e-01, 1.18911931e-03, 2.86955041e-04, 6.00494000e-05, 1.90601698e-03, 0.0, -1.14920541e+01, -1.12399249e+01, -1.13369796e+01, -1.17782514e+01, 0.0, 2.0000000000, 8.0000000000, 0.1448494832
        2101, -2.43300542e-01, 1.18911907e-03, 2.86955030e-04, 6.00494020e-05, 1.90601679e-03, 0.0, -1.15074085e+01, -1.12553473e+01, -1.13527865e+01, -1.17939234e+01, 0.0, 2.0000000000, 8.0000000000, 0.1452933192
        2102, -2.43300543e-01, 1.18911884e-03, 2.86955019e-04, 6.00494039e-05, 1.90601660e-03, 0.0, -1.15227289e+01, -1.12707411e+01, -1.13685703e+01, -1.18095715e+01, 0.0, 2.0000000000, 8.0000000000, 0.1456781665
        2103, -2.43300544e-01, 1.18911861e-03, 2.86955009e-04, 6.00494058e-05, 1.90601642e-03, 0.0, -1.15380148e+01, -1.12861059e+01, -1.13843303e+01, -1.18251953e+01, 0.0, 2.0000000000, 8.0000000000, 0.1459997336
        2104, -2.43300544e-01, 1.18911839e-03, 2.86954998e-04, 6.00494076e-05, 1.90601625e-03, 0.0, -1.15532654e+01, -1.13014414e+01, -1.14000655e+01, -1.18407940e+01, 0.0, 2.0000000000, 8.0000000000, 0.1463069518
        2105, -2.43300545e-01, 1.18911818e-03, 2.86954988e-04, 6.00494094e-05, 1.90601608e-03, 0.0, -1.15684802e+01, -1.13167472e+01, -1.14157751e+01, -1.18563670e+01, 0.0, 2.0000000000, 8.0000000000, 0.1466289322
        2106, -2.43300546e-01, 1.18911798e-03, 2.86954979e-04, 6.00494111e-05, 1.90601591e-03, 0.0, -1.15836587e+01, -1.13320231e+01, -1.14314584e+01, -1.18719137e+01, 0.0, 2.0000000000, 8.0000000000, 0.1469426354
        2107, -2.43300547e-01, 1.18911778e-03, 2.86954969e-04, 6.00494128e-05, 1.90601576e-03, 0.0, -1.15988005e+01, -1.13472687e+01, -1.14471145e+01, -1.18874335e+01, 0.0, 2.0000000000, 8.0000000000, 0.1472520828
        2108, -2.43300547e-01, 1.18911759e-03, 2.86954960e-04, 6.00494143e-05, 1.90601560e-03, 0.0, -1.16139051e+01, -1.13624835e+01, -1.14627427e+01, -1.19029258e+01, 0.0, 2.0000000000, 8.0000000000, 0.1475797176
        2109, -2.43300548e-01, 1.18911740e-03, 2.86954952e-04, 6.00494159e-05, 1.90601546e-03, 0.0, -1.16289722e+01, -1.13776672e+01, -1.14783423e+01, -1.19183901e+01, 0.0, 2.0000000000, 8.0000000000, 0.1478881836
        2110, -2.43300549e-01, 1.18911722e-03, 2.86954943e-04, 6.00494173e-05, 1.90601531e-03, 0.0, -1.16440013e+01, -1.13928194e+01, -1.14939127e+01, -1.19338257e+01, 0.0, 2.0000000000, 8.0000000000, 0.1482001026
        2111, -2.43300549e-01, 1.18911705e-03, 2.86954935e-04, 6.00494188e-05, 1.90601517e-03, 0.0, -1.16589922e+01, -1.14079398e+01, -1.15094531e+01, -1.19492321e+01, 0.0, 2.0000000000, 8.0000000000, 0.1485036691
        2112, -2.43300550e-01, 1.18911688e-03, 2.86954927e-04, 6.00494201e-05, 1.90601504e-03, 0.0, -1.16739447e+01, -1.14230278e+01, -1.15249631e+01, -1.19646089e+01, 0.0, 2.0000000000, 8.0000000000, 0.1488181671
