2.431079274400000170e-02
1.349736005000000058e-02
1.090768733199999965e-02
1.067919156499999925e-02
1.049323163599999789e-02
9.683979591999999914e-03
1.267371943899999777e-02
8.465546086999998360e-03
6.605624092000000544e-03
9.399141896000001370e-03
7.877925783999999501e-03
5.711494815000000766e-03
8.524258946000002127e-03
4.358035939999999400e-03
4.356607592999999987e-03
2.860470825000000113e-03
2.220827985000000272e-03
1.430127626399999583e-03
-4.014875000999998367e-04
-2.027047224969999797e-03
