8.596805560000000263e-03
4.843922070000000225e-03
7.000684870000000067e-03
-1.828568380000000033e-03
3.926750429999999702e-03
3.499030499999999932e-03
2.831758250000000060e-03
4.120036859999999697e-03
3.173867879999999874e-03
3.433770239999999960e-03
4.485386350000000397e-03
-2.642511560000000096e-03
1.841937999999999995e-03
-2.418028540000000028e-03
-2.561261479999999823e-03
-2.736165879999999991e-03
-6.669885379999999746e-03
-5.547378189999999619e-03
-4.154822669999999780e-03
-7.734473880000001210e-03
