-3.743675097770683604e-03
-2.706598776225884080e-03
-8.977060632227571758e-04
-3.462179144079313708e-03
-3.957872547779503480e-04
6.986941762859967889e-04
1.043162492530954645e-03
-3.664643893138544439e-03
-2.108006314282317127e-03
5.009931079118581931e-05
1.945013651681285968e-03
1.803210486476444600e-03
-7.913330251362181607e-04
3.440127085467734741e-03
3.593496279784028254e-03
-1.059266024066122473e-03
-4.372180448877546061e-04
1.456503318037166532e-03
1.734632653586920537e-03
-3.559982412098774539e-03
-2.818580642537303962e-03
1.656380207457502397e-03
5.131840007987316030e-04
-8.049108010438556400e-04
3.165681318366829478e-03
-3.791387092637639976e-03
-3.565034976439293915e-03
-5.862103342323989053e-05
3.719847544422802063e-03
3.484312822231801568e-03
3.941806043401925239e-03
-1.035401514444033409e-03
-2.458826741884744069e-03
2.501440853752239651e-03
3.349713049013725193e-03
2.484075890384731741e-03
1.401668108500796900e-03
2.779882234905003448e-03
