TITLE = "SU2 Simulation"
VARIABLES = "Iteration","Sens_Geo","Sens_Mach","Sens_AoA","Sens_Press","Sens_Temp","Sens_AoS","Res_AdjFlow[0]","Res_AdjFlow[1]","Res_AdjFlow[2]","Res_AdjFlow[3]","Res_AdjFlow[4]","Linear_Solver_Iterations","CFL_Number","Time(min)"
ZONE T= "Convergence history"
        2113, -2.43310971e-01, 1.30202774e-03, 2.26924565e-04, 1.43128056e-04, 2.00539858e-03, 0.0, -6.01537622e+00, -5.76466519e+00, -5.90295895e+00, -6.04979047e+00, 0.0, 2.0000000000, 8.0000000000, 0.0007733822
        2114, -2.43523962e-01, 1.27200513e-03, 2.27445788e-04, 1.11474059e-04, 1.95647074e-03, 0.0, -5.75499399e+00, -5.73712042e+00, -5.70677682e+00, -6.11584390e+00, 0.0, 2.0000000000, 8.0000000000, 0.0011160135
        2115, -2.46242096e-01, 1.36877567e-03, 2.30185079e-04, 1.46930839e-04, 2.02539759e-03, 0.0, -5.63262990e+00, -5.60174896e+00, -5.73495850e+00, -6.15827452e+00, 0.0, 2.0000000000, 8.0000000000, 0.0014687657
        2116, -2.45736969e-01, 1.74974502e-03, 2.36146846e-04, 4.62431951e-04, 2.38249542e-03, 0.0, -5.63827094e+00, -5.56286321e+00, -5.81665703e+00, -6.12282729e+00, 0.0, 2.0000000000, 8.0000000000, 0.0019165317
        2117, -2.44067844e-01, 2.03441170e-03, 2.45223695e-04, 6.63399845e-04, 2.57477184e-03, 0.0, -5.59693876e+00, -5.51149187e+00, -5.76720747e+00, -6.06601895e+00, 0.0, 2.0000000000, 8.0000000000, 0.0022780299
        2118, -2.43560015e-01, 2.24304584e-03, 2.56487990e-04, 7.15802949e-04, 2.66458671e-03, 0.0, -5.59030091e+00, -5.49184898e+00, -5.77825560e+00, -6.06127790e+00, 0.0, 2.0000000000, 8.0000000000, 0.0026366830
        2119, -2.43558994e-01, 2.49293218e-03, 2.69637365e-04, 7.28339131e-04, 2.82635682e-03, 0.0, -5.57375531e+00, -5.46179102e+00, -5.77506942e+00, -6.03234051e+00, 0.0, 2.0000000000, 8.0000000000, 0.0029780149
        2120, -2.43520943e-01, 2.75027244e-03, 2.83506158e-04, 6.81568471e-04, 3.02992516e-03, 0.0, -5.56915169e+00, -5.44776012e+00, -5.78278400e+00, -6.01957323e+00, 0.0, 2.0000000000, 8.0000000000, 0.0033134659
        2121, -2.43439992e-01, 2.97317337e-03, 2.96457684e-04, 5.55357243e-04, 3.21099168e-03, 0.0, -5.58678630e+00, -5.45304872e+00, -5.80911668e+00, -6.03285981e+00, 0.0, 2.0000000000, 8.0000000000, 0.0036493977
        2122, -2.43314012e-01, 3.24096615e-03, 3.07580555e-04, 4.43055804e-04, 3.44302202e-03, 0.0, -5.61433904e+00, -5.46509339e+00, -5.83985368e+00, -6.05575542e+00, 0.0, 2.0000000000, 8.0000000000, 0.0040045500
        2123, -2.43453036e-01, 3.51048646e-03, 3.16310147e-04, 3.43381613e-04, 3.66669887e-03, 0.0, -5.65248829e+00, -5.49083215e+00, -5.90759347e+00, -6.11870015e+00, 0.0, 2.0000000000, 8.0000000000, 0.0043387492
        2124, -2.43628978e-01, 3.72244061e-03, 3.23005370e-04, 1.81064459e-04, 3.80874656e-03, 0.0, -5.64175570e+00, -5.46219270e+00, -5.85828864e+00, -6.06609025e+00, 0.0, 2.0000000000, 8.0000000000, 0.0046782136
        2125, -2.43861117e-01, 3.94259076e-03, 3.27445743e-04, 4.15303489e-05, 3.95928422e-03, 0.0, -5.64092076e+00, -5.45251697e+00, -5.82535675e+00, -6.05391131e+00, 0.0, 2.0000000000, 8.0000000000, 0.0050182501
        2126, -2.44232347e-01, 4.19513360e-03, 3.30183665e-04, -3.88539660e-05, 4.15628583e-03, 0.0, -5.64108030e+00, -5.44655283e+00, -5.80457099e+00, -6.05523334e+00, 0.0, 2.0000000000, 8.0000000000, 0.0054040472
        2127, -2.44773035e-01, 4.42715307e-03, 3.31452794e-04, -1.10105624e-04, 4.34193801e-03, 0.0, -5.64572745e+00, -5.44528990e+00, -5.81172815e+00, -6.06723115e+00, 0.0, 2.0000000000, 8.0000000000, 0.0057591995
        2128, -2.45410328e-01, 4.63457182e-03, 3.31512252e-04, -1.74609734e-04, 4.51320769e-03, 0.0, -5.65097429e+00, -5.44604452e+00, -5.82943063e+00, -6.08079861e+00, 0.0, 2.0000000000, 8.0000000000, 0.0060942809
        2129, -2.46037082e-01, 4.81401236e-03, 3.30618711e-04, -2.29011529e-04, 4.66631908e-03, 0.0, -5.66001897e+00, -5.45142790e+00, -5.85198958e+00, -6.10022421e+00, 0.0, 2.0000000000, 8.0000000000, 0.0064443827
        2130, -2.46592559e-01, 4.96469912e-03, 3.28894717e-04, -2.65983563e-04, 4.80028014e-03, 0.0, -5.67117985e+00, -5.46095487e+00, -5.87559411e+00, -6.12281515e+00, 0.0, 2.0000000000, 8.0000000000, 0.0068245649
        2131, -2.47044470e-01, 5.08307344e-03, 3.26372133e-04, -2.82862093e-04, 4.91073320e-03, 0.0, -5.68490947e+00, -5.47491680e+00, -5.90102601e+00, -6.14811656e+00, 0.0, 2.0000000000, 8.0000000000, 0.0071668148
        2132, -2.47373807e-01, 5.16587443e-03, 3.23095414e-04, -2.79726603e-04, 4.99317591e-03, 0.0, -5.70142692e+00, -5.49344537e+00, -5.92922066e+00, -6.17562534e+00, 0.0, 2.0000000000, 8.0000000000, 0.0075123827
        2133, -2.47574902e-01, 5.21237144e-03, 3.19185902e-04, -2.57690377e-04, 5.04521910e-03, 0.0, -5.72087287e+00, -5.51630969e+00, -5.96019007e+00, -6.20461810e+00, 0.0, 2.0000000000, 8.0000000000, 0.0078596314
        2134, -2.47656030e-01, 5.22427038e-03, 3.14824207e-04, -2.19039838e-04, 5.06651840e-03, 0.0, -5.74326099e+00, -5.54313080e+00, -5.99333000e+00, -6.23457744e+00, 0.0, 2.0000000000, 8.0000000000, 0.0081985831
        2135, -2.47634906e-01, 5.20508184e-03, 3.10200179e-04, -1.67632102e-04, 5.05842293e-03, 0.0, -5.76847546e+00, -5.57347225e+00, -6.02805297e+00, -6.26512173e+00, 0.0, 2.0000000000, 8.0000000000, 0.0085358977
        2136, -2.47531699e-01, 5.15965162e-03, 3.05475418e-04, -1.08616754e-04, 5.02388915e-03, 0.0, -5.79632069e+00, -5.60693226e+00, -6.06395987e+00, -6.29608496e+00, 0.0, 2.0000000000, 8.0000000000, 0.0088934978
        2137, -2.47362971e-01, 5.09391321e-03, 3.00770324e-04, -4.76008582e-05, 4.96751762e-03, 0.0, -5.82655223e+00, -5.64318589e+00, -6.10080693e+00, -6.32759145e+00, 0.0, 2.0000000000, 8.0000000000, 0.0093138496
        2138, -2.47135385e-01, 5.01425908e-03, 2.96168027e-04, 9.89533127e-06, 4.89492987e-03, 0.0, -5.85891256e+00, -5.68202928e+00, -6.13858603e+00, -6.36017481e+00, 0.0, 2.0000000000, 8.0000000000, 0.0098337809
        2139, -2.46827303e-01, 4.92356952e-03, 2.91716241e-04, 5.56909628e-05, 4.80794315e-03, 0.0, -5.89288538e+00, -5.72319292e+00, -6.17714547e+00, -6.39430206e+00, 0.0, 2.0000000000, 8.0000000000, 0.0103632967
        2140, -2.46585092e-01, 4.77397908e-03, 2.87365362e-04, 3.43707778e-05, 4.64723976e-03, 0.0, -5.92584845e+00, -5.76469026e+00, -6.21209153e+00, -6.42662713e+00, 0.0, 2.0000000000, 8.0000000000, 0.0107451479
        2141, -2.46605884e-01, 4.72685976e-03, 2.83442700e-04, 8.70592074e-05, 4.60716966e-03, 0.0, -5.92311595e+00, -5.77936869e+00, -6.17263833e+00, -6.39159915e+00, 0.0, 2.0000000000, 8.0000000000, 0.0111376643
        2142, -2.46483595e-01, 4.62639592e-03, 2.79892783e-04, 5.66296509e-05, 4.49950588e-03, 0.0, -5.93943870e+00, -5.81052798e+00, -6.17554702e+00, -6.41388870e+00, 0.0, 2.0000000000, 8.0000000000, 0.0114528974
        2143, -2.46060638e-01, 4.61360380e-03, 2.76656621e-04, 8.02883793e-05, 4.49388963e-03, 0.0, -5.94355102e+00, -5.83059224e+00, -6.19048732e+00, -6.41323194e+00, 0.0, 2.0000000000, 8.0000000000, 0.0118054668
        2144, -2.45623046e-01, 4.64262776e-03, 2.73703289e-04, 1.23554260e-04, 4.53447355e-03, 0.0, -5.98282569e+00, -5.87746047e+00, -6.25935065e+00, -6.49326979e+00, 0.0, 2.0000000000, 8.0000000000, 0.0122048974
        2145, -2.45366548e-01, 4.67009669e-03, 2.70879959e-04, 1.39442042e-04, 4.56935454e-03, 0.0, -6.00637767e+00, -5.91274074e+00, -6.30040003e+00, -6.53817343e+00, 0.0, 2.0000000000, 8.0000000000, 0.0125308474
        2146, -2.45198436e-01, 4.70348394e-03, 2.68243809e-04, 1.34374204e-04, 4.60814302e-03, 0.0, -6.01169860e+00, -5.93165372e+00, -6.30320361e+00, -6.54655331e+00, 0.0, 2.0000000000, 8.0000000000, 0.0128698468
        2147, -2.45027598e-01, 4.74600396e-03, 2.65869424e-04, 1.17095087e-04, 4.65524396e-03, 0.0, -6.01160177e+00, -5.94214664e+00, -6.30198035e+00, -6.54645213e+00, 0.0, 2.0000000000, 8.0000000000, 0.0132464488
        2148, -2.44854225e-01, 4.80006949e-03, 2.63763541e-04, 9.89064831e-05, 4.71382190e-03, 0.0, -6.01483630e+00, -5.95127749e+00, -6.30603045e+00, -6.54880321e+00, 0.0, 2.0000000000, 8.0000000000, 0.0135823647
        2149, -2.44721722e-01, 4.86151769e-03, 2.61856392e-04, 8.41525512e-05, 4.77906852e-03, 0.0, -6.02044785e+00, -5.96005532e+00, -6.31115873e+00, -6.55347448e+00, 0.0, 2.0000000000, 8.0000000000, 0.0139284134
        2150, -2.44653665e-01, 4.92431990e-03, 2.60073218e-04, 7.39765537e-05, 4.84415325e-03, 0.0, -6.02819718e+00, -5.96909152e+00, -6.31702947e+00, -6.56025365e+00, 0.0, 2.0000000000, 8.0000000000, 0.0142479499
        2151, -2.44643268e-01, 4.98332314e-03, 2.58369640e-04, 6.79579335e-05, 4.90360028e-03, 0.0, -6.03833228e+00, -5.97906110e+00, -6.32621939e+00, -6.57023353e+00, 0.0, 2.0000000000, 8.0000000000, 0.0145721157
        2152, -2.44675807e-01, 5.03473466e-03, 2.56728719e-04, 6.55796246e-05, 4.95370007e-03, 0.0, -6.05223701e+00, -5.99149895e+00, -6.34108843e+00, -6.58480283e+00, 0.0, 2.0000000000, 8.0000000000, 0.0148994486
        2153, -2.44742917e-01, 5.07559521e-03, 2.55131130e-04, 6.56043629e-05, 4.99167110e-03, 0.0, -6.07005538e+00, -6.00705491e+00, -6.36161919e+00, -6.60452816e+00, 0.0, 2.0000000000, 8.0000000000, 0.0152253469
        2154, -2.44842375e-01, 5.10387312e-03, 2.53548458e-04, 6.69073169e-05, 5.01571160e-03, 0.0, -6.09059348e+00, -6.02521875e+00, -6.38540264e+00, -6.62785971e+00, 0.0, 2.0000000000, 8.0000000000, 0.0155544480
        2155, -2.44971459e-01, 5.11842757e-03, 2.51945750e-04, 6.80419161e-05, 5.02499578e-03, 0.0, -6.11140233e+00, -6.04422302e+00, -6.40889324e+00, -6.65187170e+00, 0.0, 2.0000000000, 8.0000000000, 0.0158794165
        2156, -2.45122904e-01, 5.11813167e-03, 2.50291690e-04, 6.69324315e-05, 5.01863465e-03, 0.0, -6.12992977e+00, -6.06189786e+00, -6.42869956e+00, -6.67306364e+00, 0.0, 2.0000000000, 8.0000000000, 0.0162169814
        2157, -2.45300475e-01, 5.07572091e-03, 2.48517361e-04, 3.56568790e-05, 4.96425738e-03, 0.0, -6.14358434e+00, -6.07577238e+00, -6.44105312e+00, -6.68741470e+00, 0.0, 2.0000000000, 8.0000000000, 0.0165531317
        2158, -2.45503921e-01, 5.07157850e-03, 2.46747418e-04, 4.57608853e-05, 4.95829816e-03, 0.0, -6.14194341e+00, -6.07714547e+00, -6.42786612e+00, -6.67735860e+00, 0.0, 2.0000000000, 8.0000000000, 0.0168751001
        2159, -2.45678070e-01, 5.04243760e-03, 2.44825115e-04, 3.92110239e-05, 4.92487118e-03, 0.0, -6.15212606e+00, -6.08632959e+00, -6.45429634e+00, -6.70118002e+00, 0.0, 2.0000000000, 8.0000000000, 0.0171910803
        2160, -2.45846693e-01, 5.00878380e-03, 2.42754930e-04, 3.11979463e-05, 4.88837459e-03, 0.0, -6.15046765e+00, -6.08563734e+00, -6.44533205e+00, -6.68878410e+00, 0.0, 2.0000000000, 8.0000000000, 0.0175191323
        2161, -2.45983323e-01, 4.96015442e-03, 2.40553572e-04, 9.39659281e-06, 4.83582665e-03, 0.0, -6.15228429e+00, -6.08628143e+00, -6.44256438e+00, -6.68536789e+00, 0.0, 2.0000000000, 8.0000000000, 0.0178251664
        2162, -2.46084303e-01, 4.94646114e-03, 2.38320322e-04, 1.85837788e-05, 4.82685564e-03, 0.0, -6.13538910e+00, -6.07173309e+00, -6.41127957e+00, -6.64909223e+00, 0.0, 2.0000000000, 8.0000000000, 0.0181419134
        2163, -2.46164604e-01, 4.91567090e-03, 2.35983871e-04, 1.10170669e-05, 4.79838020e-03, 0.0, -6.15078342e+00, -6.08219639e+00, -6.44177533e+00, -6.67781005e+00, 0.0, 2.0000000000, 8.0000000000, 0.0184639653
        2164, -2.46210525e-01, 4.88705215e-03, 2.33554543e-04, 4.48624178e-06, 4.77320982e-03, 0.0, -6.15483335e+00, -6.08493070e+00, -6.44925914e+00, -6.67528841e+00, 0.0, 2.0000000000, 8.0000000000, 0.0187844475
        2165, -2.46262229e-01, 4.90925500e-03, 2.31197005e-04, 4.24060218e-05, 4.80960643e-03, 0.0, -6.16026038e+00, -6.08933207e+00, -6.44387643e+00, -6.67401450e+00, 0.0, 2.0000000000, 8.0000000000, 0.0191129327
        2166, -2.46340829e-01, 4.85825170e-03, 2.28618130e-04, 1.14391214e-05, 4.75817389e-03, 0.0, -6.19420352e+00, -6.11454850e+00, -6.51407659e+00, -6.73819126e+00, 0.0, 2.0000000000, 8.0000000000, 0.0194284836
        2167, -2.46373915e-01, 4.84109037e-03, 2.25984565e-04, 1.05488086e-05, 4.74761151e-03, 0.0, -6.19161643e+00, -6.11425409e+00, -6.50020058e+00, -6.71410839e+00, 0.0, 2.0000000000, 8.0000000000, 0.0197463830
        2168, -2.46436765e-01, 4.85867325e-03, 2.23503770e-04, 4.16356067e-05, 4.77892549e-03, 0.0, -6.19939967e+00, -6.12315468e+00, -6.48626485e+00, -6.71529529e+00, 0.0, 2.0000000000, 8.0000000000, 0.0200902502
        2169, -2.46488705e-01, 4.84459116e-03, 2.20831755e-04, 4.69561928e-05, 4.77225919e-03, 0.0, -6.23164868e+00, -6.14893614e+00, -6.55076182e+00, -6.77174632e+00, 0.0, 2.0000000000, 8.0000000000, 0.0204370300
        2170, -2.46558058e-01, 4.82782864e-03, 2.18226125e-04, 4.50808214e-05, 4.76238400e-03, 0.0, -6.24679506e+00, -6.16467509e+00, -6.56291905e+00, -6.78505637e+00, 0.0, 2.0000000000, 8.0000000000, 0.0207572500
        2171, -2.46602046e-01, 4.80977375e-03, 2.15499523e-04, 4.69483329e-05, 4.75110339e-03, 0.0, -6.26483856e+00, -6.18088186e+00, -6.57617335e+00, -6.80415209e+00, 0.0, 2.0000000000, 8.0000000000, 0.0211484830
        2172, -2.46695350e-01, 4.77284075e-03, 2.12813127e-04, 3.10815622e-05, 4.71728901e-03, 0.0, -6.27633973e+00, -6.19263840e+00, -6.59318038e+00, -6.81504098e+00, 0.0, 2.0000000000, 8.0000000000, 0.0214719137
        2173, -2.46719433e-01, 4.76288978e-03, 2.10040072e-04, 4.54991137e-05, 4.71625186e-03, 0.0, -6.28314748e+00, -6.19768982e+00, -6.59464299e+00, -6.82121112e+00, 0.0, 2.0000000000, 8.0000000000, 0.0218138973
        2174, -2.46835250e-01, 4.73990672e-03, 2.07354983e-04, 5.04012424e-05, 4.69977008e-03, 0.0, -6.29578928e+00, -6.20985136e+00, -6.60427262e+00, -6.83170439e+00, 0.0, 2.0000000000, 8.0000000000, 0.0221423825
        2175, -2.46920544e-01, 4.71568081e-03, 2.04690839e-04, 5.41603485e-05, 4.68206832e-03, 0.0, -6.29944848e+00, -6.21174117e+00, -6.60402739e+00, -6.83149859e+00, 0.0, 2.0000000000, 8.0000000000, 0.0224684636
        2176, -2.46966873e-01, 4.67781816e-03, 2.02126636e-04, 4.44679488e-05, 4.64810588e-03, 0.0, -6.31018491e+00, -6.22071508e+00, -6.61318432e+00, -6.84615634e+00, 0.0, 2.0000000000, 8.0000000000, 0.0228006482
        2177, -2.47034009e-01, 4.65187127e-03, 1.99661242e-04, 4.74880096e-05, 4.62874002e-03, 0.0, -6.31192758e+00, -6.22059203e+00, -6.61725603e+00, -6.84607134e+00, 0.0, 2.0000000000, 8.0000000000, 0.0231435974
        2178, -2.47104971e-01, 4.62398905e-03, 1.97244286e-04, 5.27513894e-05, 4.60753517e-03, 0.0, -6.32033933e+00, -6.22375630e+00, -6.62278835e+00, -6.85283018e+00, 0.0, 2.0000000000, 8.0000000000, 0.0234664996
        2179, -2.47185423e-01, 4.59386427e-03, 1.94833842e-04, 5.65259169e-05, 4.58422695e-03, 0.0, -6.32777488e+00, -6.22610372e+00, -6.62667194e+00, -6.86255923e+00, 0.0, 2.0000000000, 8.0000000000, 0.0238182823
        2180, -2.47266266e-01, 4.56215808e-03, 1.92460950e-04, 6.01027318e-05, 4.55952433e-03, 0.0, -6.33550485e+00, -6.22819038e+00, -6.63240975e+00, -6.86665979e+00, 0.0, 2.0000000000, 8.0000000000, 0.0241334478
        2181, -2.47337257e-01, 4.53068630e-03, 1.90142791e-04, 6.34738786e-05, 4.53534870e-03, 0.0, -6.34247867e+00, -6.22947591e+00, -6.63721478e+00, -6.87167166e+00, 0.0, 2.0000000000, 8.0000000000, 0.0244531830
        2182, -2.47402883e-01, 4.49868966e-03, 1.87908779e-04, 6.69364076e-05, 4.51048889e-03, 0.0, -6.35175148e+00, -6.23300581e+00, -6.64475123e+00, -6.87668973e+00, 0.0, 2.0000000000, 8.0000000000, 0.0248989304
        2183, -2.47466995e-01, 4.46718287e-03, 1.85750330e-04, 7.00928515e-05, 4.48596642e-03, 0.0, -6.36080369e+00, -6.23673684e+00, -6.65175048e+00, -6.88345648e+00, 0.0, 2.0000000000, 8.0000000000, 0.0253501336
        2184, -2.47531048e-01, 4.43573780e-03, 1.83674383e-04, 7.33138752e-05, 4.46119249e-03, 0.0, -6.37105608e+00, -6.24180709e+00, -6.65874300e+00, -6.88902245e+00, 0.0, 2.0000000000, 8.0000000000, 0.0257919987
        2185, -2.47595468e-01, 4.40490574e-03, 1.81670280e-04, 7.59709502e-05, 4.43680831e-03, 0.0, -6.38121194e+00, -6.24720655e+00, -6.66637581e+00, -6.89711119e+00, 0.0, 2.0000000000, 8.0000000000, 0.0264053822
        2186, -2.47659009e-01, 4.37459623e-03, 1.79743684e-04, 7.85138704e-05, 4.41268910e-03, 0.0, -6.39200486e+00, -6.25338127e+00, -6.67438356e+00, -6.90415357e+00, 0.0, 2.0000000000, 8.0000000000, 0.0269074480
        2187, -2.47721469e-01, 4.34523259e-03, 1.77887814e-04, 8.05400984e-05, 4.38929836e-03, 0.0, -6.40278555e+00, -6.26000825e+00, -6.68309023e+00, -6.91326181e+00, 0.0, 2.0000000000, 8.0000000000, 0.0273609320
        2188, -2.47783022e-01, 4.31676218e-03, 1.76106003e-04, 8.23899736e-05, 4.36652654e-03, 0.0, -6.41414496e+00, -6.26745734e+00, -6.69204201e+00, -6.92196597e+00, 0.0, 2.0000000000, 8.0000000000, 0.0277925491
        2189, -2.47844254e-01, 4.28943635e-03, 1.74392550e-04, 8.37765187e-05, 4.34464134e-03, 0.0, -6.42562559e+00, -6.27551882e+00, -6.70132557e+00, -6.93219315e+00, 0.0, 2.0000000000, 8.0000000000, 0.0282586972
        2190, -2.47905605e-01, 4.26320555e-03, 1.72748771e-04, 8.49431275e-05, 4.32357381e-03, 0.0, -6.43765221e+00, -6.28444025e+00, -6.71074615e+00, -6.94242086e+00, 0.0, 2.0000000000, 8.0000000000, 0.0287224968
        2191, -2.47967409e-01, 4.23818859e-03, 1.71170084e-04, 8.57176927e-05, 4.30347282e-03, 0.0, -6.44990406e+00, -6.29405466e+00, -6.72038670e+00, -6.95386130e+00, 0.0, 2.0000000000, 8.0000000000, 0.0291684151
        2192, -2.48029796e-01, 4.21430534e-03, 1.69656289e-04, 8.62958761e-05, 4.28425944e-03, 0.0, -6.46266049e+00, -6.30449704e+00, -6.73012983e+00, -6.96549072e+00, 0.0, 2.0000000000, 8.0000000000, 0.0296220819
        2193, -2.48092773e-01, 4.19156276e-03, 1.68203070e-04, 8.65970734e-05, 4.26596441e-03, 0.0, -6.47567864e+00, -6.31561718e+00, -6.73996094e+00, -6.97806326e+00, 0.0, 2.0000000000, 8.0000000000, 0.0301225503
        2194, -2.48156256e-01, 4.16984431e-03, 1.66808745e-04, 8.67822036e-05, 4.24847491e-03, 0.0, -6.48915350e+00, -6.32747707e+00, -6.74976833e+00, -6.99085743e+00, 0.0, 2.0000000000, 8.0000000000, 0.0305227836
        2195, -2.48220087e-01, 4.14909198e-03, 1.65469013e-04, 8.68258324e-05, 4.23175052e-03, 0.0, -6.50289527e+00, -6.33993924e+00, -6.75948492e+00, -7.00434664e+00, 0.0, 2.0000000000, 8.0000000000, 0.0308773319
        2196, -2.48284088e-01, 4.12918272e-03, 1.64181449e-04, 8.68553658e-05, 4.21567305e-03, 0.0, -6.51703515e+00, -6.35302448e+00, -6.76901133e+00, -7.01800840e+00, 0.0, 2.0000000000, 8.0000000000, 0.0312126478
        2197, -2.48348037e-01, 4.11004510e-03, 1.62942192e-04, 8.68670775e-05, 4.20018345e-03, 0.0, -6.53141314e+00, -6.36661105e+00, -6.77827400e+00, -7.03213138e+00, 0.0, 2.0000000000, 8.0000000000, 0.0315474987
        2198, -2.48411712e-01, 4.09158149e-03, 1.61748851e-04, 8.69499220e-05, 4.18518699e-03, 0.0, -6.54610204e+00, -6.38069434e+00, -6.78720087e+00, -7.04632490e+00, 0.0, 2.0000000000, 8.0000000000, 0.0318772316
        2199, -2.48474859e-01, 4.07374269e-03, 1.60598307e-04, 8.70968413e-05, 4.17064193e-03, 0.0, -6.56096406e+00, -6.39516948e+00, -6.79574545e+00, -7.06076240e+00, 0.0, 2.0000000000, 8.0000000000, 0.0322114309
        2200, -2.48537229e-01, 4.05647415e-03, 1.59488603e-04, 8.73569680e-05, 4.15649524e-03, 0.0, -6.57603169e+00, -6.41001856e+00, -6.80387863e+00, -7.07515549e+00, 0.0, 2.0000000000, 8.0000000000, 0.0325563669
        2201, -2.48598554e-01, 4.03976310e-03, 1.58417434e-04, 8.77094609e-05, 4.14273969e-03, 0.0, -6.59119093e+00, -6.42515518e+00, -6.81159754e+00, -7.08961653e+00, 0.0, 2.0000000000, 8.0000000000, 0.0329232971
        2202, -2.48658578e-01, 4.02359857e-03, 1.57383405e-04, 8.81707352e-05, 4.12936650e-03, 0.0, -6.60645427e+00, -6.44055880e+00, -6.81891972e+00, -7.10394098e+00, 0.0, 2.0000000000, 8.0000000000, 0.0332804004
        2203, -2.48717040e-01, 4.00800121e-03, 1.56384968e-04, 8.87086189e-05, 4.11640180e-03, 0.0, -6.62173335e+00, -6.45616239e+00, -6.82588323e+00, -7.11821342e+00, 0.0, 2.0000000000, 8.0000000000, 0.0336018483
        2204, -2.48773710e-01, 3.99299245e-03, 1.55421278e-04, 8.93195620e-05, 4.10387032e-03, 0.0, -6.63703517e+00, -6.47194939e+00, -6.83253922e+00, -7.13229453e+00, 0.0, 2.0000000000, 8.0000000000, 0.0339626153
        2205, -2.48828375e-01, 3.97861350e-03, 1.54491422e-04, 8.99681852e-05, 4.09181885e-03, 0.0, -6.65229504e+00, -6.48787007e+00, -6.83894769e+00, -7.14625496e+00, 0.0, 2.0000000000, 8.0000000000, 0.0342972994
        2206, -2.48880874e-01, 3.96490134e-03, 1.53595008e-04, 9.06431500e-05, 4.08028813e-03, 0.0, -6.66752057e+00, -6.50391307e+00, -6.84517081e+00, -7.16000012e+00, 0.0, 2.0000000000, 8.0000000000, 0.0346265157
        2207, -2.48931084e-01, 3.95190121e-03, 1.52731599e-04, 9.13130347e-05, 4.06932854e-03, 0.0, -6.68266538e+00, -6.52004111e+00, -6.85126967e+00, -7.17358903e+00, 0.0, 2.0000000000, 8.0000000000, 0.0349541148
        2208, -2.48978947e-01, 3.93964836e-03, 1.51901117e-04, 9.19668172e-05, 4.05897885e-03, 0.0, -6.69773888e+00, -6.53624584e+00, -6.85730038e+00, -7.18695489e+00, 0.0, 2.0000000000, 8.0000000000, 0.0352914969
        2209, -2.49024456e-01, 3.92817698e-03, 1.51103420e-04, 9.25809992e-05, 4.04927753e-03, 0.0, -6.71270864e+00, -6.55249737e+00, -6.86331373e+00, -7.20014608e+00, 0.0, 2.0000000000, 8.0000000000, 0.0356367668
        2210, -2.49067663e-01, 3.91750705e-03, 1.50338579e-04, 9.31490228e-05, 4.04024745e-03, 0.0, -6.72758768e+00, -6.56878854e+00, -6.86935385e+00, -7.21311590e+00, 0.0, 2.0000000000, 8.0000000000, 0.0359789133
        2211, -2.49108667e-01, 3.90765151e-03, 1.49606548e-04, 9.36566411e-05, 4.03190500e-03, 0.0, -6.74235799e+00, -6.58509520e+00, -6.87546023e+00, -7.22590832e+00, 0.0, 2.0000000000, 8.0000000000, 0.0363204002
        2212, -2.49147613e-01, 3.89860757e-03, 1.48907363e-04, 9.41032866e-05, 4.02424991e-03, 0.0, -6.75704143e+00, -6.60141324e+00, -6.88166742e+00, -7.23849863e+00, 0.0, 2.0000000000, 8.0000000000, 0.0366488814
        2213, -2.49184670e-01, 3.89036318e-03, 1.48240887e-04, 9.44836070e-05, 4.01727325e-03, 0.0, -6.77163898e+00, -6.61772734e+00, -6.88800803e+00, -7.25093622e+00, 0.0, 2.0000000000, 8.0000000000, 0.0370026151
        2214, -2.49220025e-01, 3.88289203e-03, 1.47606958e-04, 9.48028182e-05, 4.01095147e-03, 0.0, -6.78618703e+00, -6.63404164e+00, -6.89451190e+00, -7.26322251e+00, 0.0, 2.0000000000, 8.0000000000, 0.0373387655
        2215, -2.49253870e-01, 3.87615968e-03, 1.47005204e-04, 9.50627951e-05, 4.00525369e-03, 0.0, -6.80070802e+00, -6.65035452e+00, -6.90120851e+00, -7.27541774e+00, 0.0, 2.0000000000, 8.0000000000, 0.0376698136
        2216, -2.49286391e-01, 3.87012135e-03, 1.46435159e-04, 9.52728817e-05, 4.00013874e-03, 0.0, -6.81525254e+00, -6.66668230e+00, -6.90812491e+00, -7.28754653e+00, 0.0, 2.0000000000, 8.0000000000, 0.0380099495
        2217, -2.49317755e-01, 3.86472764e-03, 1.45896149e-04, 9.54393693e-05, 3.99556169e-03, 0.0, -6.82985858e+00, -6.68303803e+00, -6.91528728e+00, -7.29967501e+00, 0.0, 2.0000000000, 8.0000000000, 0.0383520802
        2218, -2.49348111e-01, 3.85992399e-03, 1.45387386e-04, 9.55730349e-05, 3.99147274e-03, 0.0, -6.84458125e+00, -6.69944818e+00, -6.92271778e+00, -7.31183819e+00, 0.0, 2.0000000000, 8.0000000000, 0.0387060642
        2219, -2.49377576e-01, 3.85565567e-03, 1.44907904e-04, 9.56812717e-05, 3.98782262e-03, 0.0, -6.85945983e+00, -6.71593432e+00, -6.93043593e+00, -7.32409483e+00, 0.0, 2.0000000000, 8.0000000000, 0.0390306314
        2220, -2.49406243e-01, 3.85186792e-03, 1.44456647e-04, 9.57735013e-05, 3.98456228e-03, 0.0, -6.87453880e+00, -6.73252435e+00, -6.93845546e+00, -7.33647332e+00, 0.0, 2.0000000000, 8.0000000000, 0.0393591324
        2221, -2.49434172e-01, 3.84850988e-03, 1.44032431e-04, 9.58554661e-05, 3.98164694e-03, 0.0, -6.88984303e+00, -6.74923735e+00, -6.94678611e+00, -7.34901189e+00, 0.0, 2.0000000000, 8.0000000000, 0.0396971146
        2222, -2.49461398e-01, 3.84553458e-03, 1.43634022e-04, 9.59333907e-05, 3.97903572e-03, 0.0, -6.90539397e+00, -6.76609157e+00, -6.95543139e+00, -7.36171991e+00, 0.0, 2.0000000000, 8.0000000000, 0.0400400480
        2223, -2.49487926e-01, 3.84290161e-03, 1.43260115e-04, 9.60099716e-05, 3.97669434e-03, 0.0, -6.92119264e+00, -6.78309307e+00, -6.96439111e+00, -7.37460939e+00, 0.0, 2.0000000000, 8.0000000000, 0.0404293140
        2224, -2.49513746e-01, 3.84057655e-03, 1.42909397e-04, 9.60878025e-05, 3.97459423e-03, 0.0, -6.93723363e+00, -6.80024249e+00, -6.97366020e+00, -7.38766820e+00, 0.0, 2.0000000000, 8.0000000000, 0.0407688498
        2225, -2.49538828e-01, 3.83853231e-03, 1.42580535e-04, 9.61665638e-05, 3.97271393e-03, 0.0, -6.95349422e+00, -6.81752744e+00, -6.98323169e+00, -7.40088603e+00, 0.0, 2.0000000000, 8.0000000000, 0.0411349495
        2226, -2.49563130e-01, 3.83674790e-03, 1.42272228e-04, 9.62459479e-05, 3.97103763e-03, 0.0, -6.96994720e+00, -6.83492919e+00, -6.99309615e+00, -7.41423579e+00, 0.0, 2.0000000000, 8.0000000000, 0.0415097634
        2227, -2.49586606e-01, 3.83520870e-03, 1.41983190e-04, 9.63235897e-05, 3.96955555e-03, 0.0, -6.98655388e+00, -6.85241805e+00, -7.00324458e+00, -7.42769540e+00, 0.0, 2.0000000000, 8.0000000000, 0.0418628335
        2228, -2.49609208e-01, 3.83390469e-03, 1.41712196e-04, 9.63975907e-05, 3.96826198e-03, 0.0, -7.00327566e+00, -6.86996033e+00, -7.01366792e+00, -7.44123376e+00, 0.0, 2.0000000000, 8.0000000000, 0.0421975811
        2229, -2.49630892e-01, 3.83283004e-03, 1.41458065e-04, 9.64648346e-05, 3.96715507e-03, 0.0, -7.02006882e+00, -6.88751559e+00, -7.02435933e+00, -7.45482882e+00, 0.0, 2.0000000000, 8.0000000000, 0.0425695658
        2230, -2.49651623e-01, 3.83198111e-03, 1.41219691e-04, 9.65231690e-05, 3.96623473e-03, 0.0, -7.03689468e+00, -6.90504358e+00, -7.03531348e+00, -7.46845566e+00, 0.0, 2.0000000000, 8.0000000000, 0.0430635492
        2231, -2.49671375e-01, 3.83135579e-03, 1.40996033e-04, 9.65698648e-05, 3.96550216e-03, 0.0, -7.05371481e+00, -6.92250245e+00, -7.04652811e+00, -7.48210120e+00, 0.0, 2.0000000000, 8.0000000000, 0.0435504317
        2232, -2.49690135e-01, 3.83095172e-03, 1.40786131e-04, 9.66035134e-05, 3.96495795e-03, 0.0, -7.07049976e+00, -6.93985524e+00, -7.05800297e+00, -7.49575307e+00, 0.0, 2.0000000000, 8.0000000000, 0.0438978831
        2233, -2.49707904e-01, 3.83076575e-03, 1.40589094e-04, 9.66224881e-05, 3.96460182e-03, 0.0, -7.08722391e+00, -6.95706820e+00, -7.06974094e+00, -7.50941158e+00, 0.0, 2.0000000000, 8.0000000000, 0.0442461967
        2234, -2.49724696e-01, 3.83079262e-03, 1.40404113e-04, 9.66266305e-05, 3.96443114e-03, 0.0, -7.10387295e+00, -6.97411658e+00, -7.08174669e+00, -7.52307885e+00, 0.0, 2.0000000000, 8.0000000000, 0.0445860147
        2235, -2.49740537e-01, 3.83102489e-03, 1.40230447e-04, 9.66156510e-05, 3.96444113e-03, 0.0, -7.12043793e+00, -6.99098231e+00, -7.09402747e+00, -7.53676892e+00, 0.0, 2.0000000000, 8.0000000000, 0.0449226658
        2236, -2.49755464e-01, 3.83145215e-03, 1.40067430e-04, 9.65906941e-05, 3.96462396e-03, 0.0, -7.13692169e+00, -7.00765888e+00, -7.10659176e+00, -7.55049705e+00, 0.0, 2.0000000000, 8.0000000000, 0.0452630321
        2237, -2.49769521e-01, 3.83206154e-03, 1.39914452e-04, 9.65526700e-05, 3.96496943e-03, 0.0, -7.15333185e+00, -7.02414797e+00, -7.11944983e+00, -7.56428867e+00, 0.0, 2.0000000000, 8.0000000000, 0.0456117153
        2238, -2.49782761e-01, 3.83283748e-03, 1.39770971e-04, 9.65037988e-05, 3.96546464e-03, 0.0, -7.16968648e+00, -7.04046327e+00, -7.13261247e+00, -7.57816886e+00, 0.0, 2.0000000000, 8.0000000000, 0.0459653338
        2239, -2.49795238e-01, 3.83376263e-03, 1.39636489e-04, 9.64459049e-05, 3.96609499e-03, 0.0, -7.18600592e+00, -7.05662579e+00, -7.14609146e+00, -7.59217072e+00, 0.0, 2.0000000000, 8.0000000000, 0.0463527838
        2240, -2.49807010e-01, 3.83481801e-03, 1.39510563e-04, 9.63820514e-05, 3.96684437e-03, 0.0, -7.20231826e+00, -7.07266672e+00, -7.15989836e+00, -7.60632508e+00, 0.0, 2.0000000000, 8.0000000000, 0.0467599670
        2241, -2.49818133e-01, 3.83598427e-03, 1.39392783e-04, 9.63148883e-05, 3.96769635e-03, 0.0, -7.21865016e+00, -7.08862162e+00, -7.17404508e+00, -7.62066876e+00, 0.0, 2.0000000000, 8.0000000000, 0.0471168995
        2242, -2.49828667e-01, 3.83724216e-03, 1.39282785e-04, 9.62485872e-05, 3.96863476e-03, 0.0, -7.23503270e+00, -7.10453263e+00, -7.18854268e+00, -7.63523458e+00, 0.0, 2.0000000000, 8.0000000000, 0.0474434336
        2243, -2.49838667e-01, 3.83857424e-03, 1.39180231e-04, 9.61876285e-05, 3.96964542e-03, 0.0, -7.25149142e+00, -7.12044181e+00, -7.20340199e+00, -7.65005985e+00, 0.0, 2.0000000000, 8.0000000000, 0.0477859139
        2244, -2.49848195e-01, 3.83996652e-03, 1.39084825e-04, 9.61400339e-05, 3.97071803e-03, 0.0, -7.26805247e+00, -7.13639298e+00, -7.21863239e+00, -7.66517692e+00, 0.0, 2.0000000000, 8.0000000000, 0.0481106639
        2245, -2.49857325e-01, 3.84141335e-03, 1.38996312e-04, 9.61195511e-05, 3.97185189e-03, 0.0, -7.28472998e+00, -7.15242320e+00, -7.23424136e+00, -7.68062120e+00, 0.0, 2.0000000000, 8.0000000000, 0.0484302481
        2246, -2.49866166e-01, 3.84293099e-03, 1.38914538e-04, 9.61608943e-05, 3.97307204e-03, 0.0, -7.30152451e+00, -7.16855918e+00, -7.25022907e+00, -7.69641790e+00, 0.0, 2.0000000000, 8.0000000000, 0.0487629334
        2247, -2.49874928e-01, 3.84461964e-03, 1.38839625e-04, 9.63777577e-05, 3.97450373e-03, 0.0, -7.31837123e+00, -7.18478223e+00, -7.26656461e+00, -7.71256140e+00, 0.0, 2.0000000000, 8.0000000000, 0.0490842303
        2248, -2.49883876e-01, 3.84710679e-03, 1.38773377e-04, 9.73848752e-05, 3.97690559e-03, 0.0, -7.33490741e+00, -7.20086331e+00, -7.28301809e+00, -7.72877201e+00, 0.0, 2.0000000000, 8.0000000000, 0.0494039337
        2249, -2.49886121e-01, 3.85099470e-03, 1.38719347e-04, 9.96028660e-05, 3.98101066e-03, 0.0, -7.34794133e+00, -7.21456122e+00, -7.29706984e+00, -7.74103194e+00, 0.0, 2.0000000000, 8.0000000000, 0.0497307817
        2250, -2.49888444e-01, 3.84640473e-03, 1.38644927e-04, 9.37227466e-05, 3.97494938e-03, 0.0, -7.33815148e+00, -7.21087122e+00, -7.29116033e+00, -7.71496378e+00, 0.0, 2.0000000000, 8.0000000000, 0.0500820637
        2251, -2.49896986e-01, 3.84893032e-03, 1.38582576e-04, 9.47032682e-05, 3.97745959e-03, 0.0, -7.36657605e+00, -7.23231961e+00, -7.32173067e+00, -7.75494222e+00, 0.0, 2.0000000000, 8.0000000000, 0.0504022161
        2252, -2.49906766e-01, 3.85163404e-03, 1.38534936e-04, 9.64861534e-05, 3.98022203e-03, 0.0, -7.38484852e+00, -7.25355169e+00, -7.34061166e+00, -7.77343316e+00, 0.0, 2.0000000000, 8.0000000000, 0.0507156968
        2253, -2.49913003e-01, 3.85217490e-03, 1.38494422e-04, 9.58513491e-05, 3.98039750e-03, 0.0, -7.39995744e+00, -7.26837209e+00, -7.35309167e+00, -7.78527500e+00, 0.0, 2.0000000000, 8.0000000000, 0.0510393302
        2254, -2.49915396e-01, 3.85519986e-03, 1.38462475e-04, 9.73268440e-05, 3.98354860e-03, 0.0, -7.42847304e+00, -7.29181563e+00, -7.38015248e+00, -7.81869003e+00, 0.0, 2.0000000000, 8.0000000000, 0.0513626337
        2255, -2.49920975e-01, 3.85607771e-03, 1.38427171e-04, 9.70909242e-05, 3.98411061e-03, 0.0, -7.43590593e+00, -7.30290915e+00, -7.39067934e+00, -7.82093388e+00, 0.0, 2.0000000000, 8.0000000000, 0.0517043670
        2256, -2.49924604e-01, 3.85962355e-03, 1.38402788e-04, 9.93220391e-05, 3.98789292e-03, 0.0, -7.45291645e+00, -7.31982445e+00, -7.41150906e+00, -7.84255078e+00, 0.0, 2.0000000000, 8.0000000000, 0.0520418326
        2257, -2.49929402e-01, 3.85736509e-03, 1.38366153e-04, 9.60058694e-05, 3.98472103e-03, 0.0, -7.44003248e+00, -7.31667491e+00, -7.40490982e+00, -7.81696668e+00, 0.0, 2.0000000000, 8.0000000000, 0.0523701310
        2258, -2.49929187e-01, 3.85985840e-03, 1.38338869e-04, 9.70737047e-05, 3.98730042e-03, 0.0, -7.48266419e+00, -7.34840386e+00, -7.44725169e+00, -7.87678968e+00, 0.0, 2.0000000000, 8.0000000000, 0.0527517637
        2259, -2.49932350e-01, 3.85855227e-03, 1.38306676e-04, 9.48818068e-05, 3.98534637e-03, 0.0, -7.47785877e+00, -7.35159360e+00, -7.45210188e+00, -7.86297192e+00, 0.0, 2.0000000000, 8.0000000000, 0.0530952970
        2260, -2.49938794e-01, 3.85978563e-03, 1.38281858e-04, 9.52029827e-05, 3.98647189e-03, 0.0, -7.51225185e+00, -7.37903778e+00, -7.48124894e+00, -7.90459683e+00, 0.0, 2.0000000000, 8.0000000000, 0.0534140984
        2261, -2.49945097e-01, 3.86139857e-03, 1.38268770e-04, 9.60976226e-05, 3.98806334e-03, 0.0, -7.52966828e+00, -7.39959679e+00, -7.49897567e+00, -7.92149199e+00, 0.0, 2.0000000000, 8.0000000000, 0.0537378987
        2262, -2.49947790e-01, 3.86288885e-03, 1.38264124e-04, 9.65569849e-05, 3.98949150e-03, 0.0, -7.54735979e+00, -7.41735446e+00, -7.51678722e+00, -7.93770527e+00, 0.0, 2.0000000000, 8.0000000000, 0.0540597995
        2263, -2.49947180e-01, 3.86318778e-03, 1.38256090e-04, 9.58165573e-05, 3.98946835e-03, 0.0, -7.57182183e+00, -7.43899148e+00, -7.54085874e+00, -7.96496743e+00, 0.0, 2.0000000000, 8.0000000000, 0.0544007659
        2264, -2.49948699e-01, 3.86274991e-03, 1.38244036e-04, 9.43780748e-05, 3.98855479e-03, 0.0, -7.58582763e+00, -7.45368110e+00, -7.55663954e+00, -7.97462017e+00, 0.0, 2.0000000000, 8.0000000000, 0.0547290166
        2265, -2.49953235e-01, 3.86453035e-03, 1.38233623e-04, 9.54639300e-05, 3.99033414e-03, 0.0, -7.61233082e+00, -7.48015456e+00, -7.58699580e+00, -8.01419094e+00, 0.0, 2.0000000000, 8.0000000000, 0.0550526301
        2266, -2.49958325e-01, 3.86587743e-03, 1.38231755e-04, 9.61095471e-05, 3.99162509e-03, 0.0, -7.61524203e+00, -7.48919095e+00, -7.59710281e+00, -8.00799873e+00, 0.0, 2.0000000000, 8.0000000000, 0.0553687334
        2267, -2.49959082e-01, 3.86612120e-03, 1.38231336e-04, 9.54612842e-05, 3.99161223e-03, 0.0, -7.64231164e+00, -7.51174698e+00, -7.62383993e+00, -8.04239912e+00, 0.0, 2.0000000000, 8.0000000000, 0.0557036837
        2268, -2.49958143e-01, 3.86593815e-03, 1.38229886e-04, 9.42513979e-05, 3.99108990e-03, 0.0, -7.66012373e+00, -7.52915359e+00, -7.64268571e+00, -8.05728480e+00, 0.0, 2.0000000000, 8.0000000000, 0.0560256998
        2269, -2.49960468e-01, 3.86778907e-03, 1.38229751e-04, 9.54051409e-05, 3.99302238e-03, 0.0, -7.68190136e+00, -7.55256721e+00, -7.66772876e+00, -8.08837067e+00, 0.0, 2.0000000000, 8.0000000000, 0.0563522498
        2270, -2.49964631e-01, 3.86997707e-03, 1.38236623e-04, 9.70258786e-05, 3.99537827e-03, 0.0, -7.68338350e+00, -7.55956622e+00, -7.68079517e+00, -8.08380767e+00, 0.0, 2.0000000000, 8.0000000000, 0.0566739837
        2271, -2.49966922e-01, 3.86938906e-03, 1.38243322e-04, 9.57001317e-05, 3.99440614e-03, 0.0, -7.68141843e+00, -7.56086297e+00, -7.67943754e+00, -8.07385214e+00, 0.0, 2.0000000000, 8.0000000000, 0.0569947640
        2272, -2.49964952e-01, 3.86880456e-03, 1.38246023e-04, 9.41425414e-05, 3.99344189e-03, 0.0, -7.71672067e+00, -7.59149165e+00, -7.71775721e+00, -8.12293152e+00, 0.0, 2.0000000000, 8.0000000000, 0.0573500832
        2273, -2.49964760e-01, 3.87144838e-03, 1.38253733e-04, 9.60226008e-05, 3.99636657e-03, 0.0, -7.73881995e+00, -7.61513475e+00, -7.74385527e+00, -8.15310077e+00, 0.0, 2.0000000000, 8.0000000000, 0.0576663971
        2274, -2.49968863e-01, 3.87221515e-03, 1.38260123e-04, 9.64122890e-05, 3.99704730e-03, 0.0, -7.72400050e+00, -7.60840118e+00, -7.74530715e+00, -8.12445365e+00, 0.0, 2.0000000000, 8.0000000000, 0.0579852660
        2275, -2.49971315e-01, 3.87191964e-03, 1.38269020e-04, 9.54637350e-05, 3.99646453e-03, 0.0, -7.74486265e+00, -7.62541850e+00, -7.76503613e+00, -8.14867686e+00, 0.0, 2.0000000000, 8.0000000000, 0.0583006303
        2276, -2.49969952e-01, 3.87151139e-03, 1.38275694e-04, 9.42405478e-05, 3.99575022e-03, 0.0, -7.78129098e+00, -7.65920983e+00, -7.80352700e+00, -8.19960224e+00, 0.0, 2.0000000000, 8.0000000000, 0.0586274823
        2277, -2.49969054e-01, 3.87295096e-03, 1.38286032e-04, 9.49490819e-05, 3.99725900e-03, 0.0, -7.80435048e+00, -7.68300422e+00, -7.82907034e+00, -8.22743393e+00, 0.0, 2.0000000000, 8.0000000000, 0.0589415153
        2278, -2.49970703e-01, 3.87292953e-03, 1.38292349e-04, 9.45198626e-05, 3.99701616e-03, 0.0, -7.79352049e+00, -7.68162451e+00, -7.83032525e+00, -8.20624948e+00, 0.0, 2.0000000000, 8.0000000000, 0.0593341470
        2279, -2.49972891e-01, 3.87380993e-03, 1.38300392e-04, 9.49674292e-05, 3.99787187e-03, 0.0, -7.83293638e+00, -7.71337899e+00, -7.87113631e+00, -8.25913794e+00, 0.0, 2.0000000000, 8.0000000000, 0.0598266800
        2280, -2.49974586e-01, 3.87463956e-03, 1.38313893e-04, 9.53252839e-05, 3.99866941e-03, 0.0, -7.84659375e+00, -7.72959265e+00, -7.88760413e+00, -8.26994341e+00, 0.0, 2.0000000000, 8.0000000000, 0.0603020827
        2281, -2.49974451e-01, 3.87478200e-03, 1.38329509e-04, 9.48498577e-05, 3.99863218e-03, 0.0, -7.87166824e+00, -7.75211347e+00, -7.91453030e+00, -8.30059055e+00, 0.0, 2.0000000000, 8.0000000000, 0.0606597503
        2282, -2.49973118e-01, 3.87488455e-03, 1.38342795e-04, 9.42965781e-05, 3.99853898e-03, 0.0, -7.89473812e+00, -7.77492808e+00, -7.94056628e+00, -8.32675218e+00, 0.0, 2.0000000000, 8.0000000000, 0.0609760165
        2283, -2.49973101e-01, 3.87559049e-03, 1.38354113e-04, 9.44399699e-05, 3.99918078e-03, 0.0, -7.91430184e+00, -7.79626770e+00, -7.96469361e+00, -8.35105256e+00, 0.0, 2.0000000000, 8.0000000000, 0.0612958829
        2284, -2.49974217e-01, 3.87587998e-03, 1.38362484e-04, 9.43239314e-05, 3.99934893e-03, 0.0, -7.92653805e+00, -7.81222043e+00, -7.98578879e+00, -8.36070130e+00, 0.0, 2.0000000000, 8.0000000000, 0.0616201838
        2285, -2.49975285e-01, 3.87674932e-03, 1.38371889e-04, 9.48161713e-05, 4.00024259e-03, 0.0, -7.95373558e+00, -7.83830789e+00, -8.02078224e+00, -8.40140554e+00, 0.0, 2.0000000000, 8.0000000000, 0.0619404475
        2286, -2.49976426e-01, 3.87724103e-03, 1.38386042e-04, 9.48673973e-05, 4.00069360e-03, 0.0, -7.96410580e+00, -7.85082836e+00, -8.03443163e+00, -8.40314884e+00, 0.0, 2.0000000000, 8.0000000000, 0.0622617801
        2287, -2.49975406e-01, 3.87706535e-03, 1.38398509e-04, 9.41704845e-05, 4.00034033e-03, 0.0, -7.98214463e+00, -7.87096771e+00, -8.05823854e+00, -8.42648017e+00, 0.0, 2.0000000000, 8.0000000000, 0.0626112501
        2288, -2.49975344e-01, 3.87753068e-03, 1.38410980e-04, 9.41788582e-05, 4.00075441e-03, 0.0, -8.00206898e+00, -7.89189296e+00, -8.08414606e+00, -8.45337999e+00, 0.0, 2.0000000000, 8.0000000000, 0.0629865328
        2289, -2.49975456e-01, 3.87733899e-03, 1.38420998e-04, 9.36904107e-05, 4.00038905e-03, 0.0, -8.01678582e+00, -7.90782324e+00, -8.10746951e+00, -8.46780517e+00, 0.0, 2.0000000000, 8.0000000000, 0.0633677324
        2290, -2.49976222e-01, 3.87836459e-03, 1.38433028e-04, 9.43481581e-05, 4.00150144e-03, 0.0, -8.03008674e+00, -7.92497419e+00, -8.12718577e+00, -8.48619158e+00, 0.0, 2.0000000000, 8.0000000000, 0.0637187004
        2291, -2.49976453e-01, 3.87823751e-03, 1.38442426e-04, 9.39944482e-05, 4.00124526e-03, 0.0, -8.03678038e+00, -7.93419341e+00, -8.14902515e+00, -8.49347868e+00, 0.0, 2.0000000000, 8.0000000000, 0.0640403668
        2292, -2.49976650e-01, 3.87877739e-03, 1.38454430e-04, 9.42077954e-05, 4.00179937e-03, 0.0, -8.06333254e+00, -7.95877377e+00, -8.18261139e+00, -8.52775913e+00, 0.0, 2.0000000000, 8.0000000000, 0.0643571138
        2293, -2.49976483e-01, 3.87894538e-03, 1.38465466e-04, 9.41283364e-05, 4.00191138e-03, 0.0, -8.08712351e+00, -7.98383678e+00, -8.21105710e+00, -8.55735618e+00, 0.0, 2.0000000000, 8.0000000000, 0.0646782478
        2294, -2.49977085e-01, 3.87938372e-03, 1.38477738e-04, 9.43190522e-05, 4.00235085e-03, 0.0, -8.11641642e+00, -8.01186320e+00, -8.24779969e+00, -8.59777170e+00, 0.0, 2.0000000000, 8.0000000000, 0.0650138497
        2295, -2.49976556e-01, 3.87938690e-03, 1.38488928e-04, 9.40647141e-05, 4.00227289e-03, 0.0, -8.13058348e+00, -8.02944392e+00, -8.26577706e+00, -8.60548441e+00, 0.0, 2.0000000000, 8.0000000000, 0.0653370818
        2296, -2.49976491e-01, 3.87961801e-03, 1.38499118e-04, 9.40818196e-05, 4.00247743e-03, 0.0, -8.14867612e+00, -8.05153952e+00, -8.29048739e+00, -8.63065699e+00, 0.0, 2.0000000000, 8.0000000000, 0.0656563997
        2297, -2.49976475e-01, 3.87986442e-03, 1.38509452e-04, 9.41422823e-05, 4.00271129e-03, 0.0, -8.17143555e+00, -8.07390829e+00, -8.32209213e+00, -8.65527047e+00, 0.0, 2.0000000000, 8.0000000000, 0.0659724156
        2298, -2.49976576e-01, 3.88000379e-03, 1.38518727e-04, 9.41211487e-05, 4.00282630e-03, 0.0, -8.19497816e+00, -8.10077745e+00, -8.35377234e+00, -8.69005015e+00, 0.0, 2.0000000000, 8.0000000000, 0.0663036823
        2299, -2.49976569e-01, 3.88019729e-03, 1.38527912e-04, 9.41574325e-05, 4.00301163e-03, 0.0, -8.21430379e+00, -8.12216639e+00, -8.38150909e+00, -8.70832268e+00, 0.0, 2.0000000000, 8.0000000000, 0.0666434487
        2300, -2.49976304e-01, 3.88030722e-03, 1.38536946e-04, 9.41151024e-05, 4.00309875e-03, 0.0, -8.23658483e+00, -8.14688118e+00, -8.40970866e+00, -8.73772348e+00, 0.0, 2.0000000000, 8.0000000000, 0.0669652661
        2301, -2.49976227e-01, 3.88047773e-03, 1.38545675e-04, 9.41431513e-05, 4.00325898e-03, 0.0, -8.25511289e+00, -8.16843833e+00, -8.43650147e+00, -8.75791090e+00, 0.0, 2.0000000000, 8.0000000000, 0.0672874133
        2302, -2.49975989e-01, 3.88060408e-03, 1.38554083e-04, 9.41331411e-05, 4.00336680e-03, 0.0, -8.27618787e+00, -8.19120649e+00, -8.46596071e+00, -8.78465979e+00, 0.0, 2.0000000000, 8.0000000000, 0.0676153143
        2303, -2.49975871e-01, 3.88073003e-03, 1.38561945e-04, 9.41272205e-05, 4.00347525e-03, 0.0, -8.29498529e+00, -8.21275041e+00, -8.49317609e+00, -8.80655070e+00, 0.0, 2.0000000000, 8.0000000000, 0.0679323157
        2304, -2.49975625e-01, 3.88085412e-03, 1.38569553e-04, 9.41192785e-05, 4.00358310e-03, 0.0, -8.31508350e+00, -8.23432697e+00, -8.52175597e+00, -8.83134819e+00, 0.0, 2.0000000000, 8.0000000000, 0.0682487647
        2305, -2.49975454e-01, 3.88096245e-03, 1.38576757e-04, 9.41028566e-05, 4.00367393e-03, 0.0, -8.33368878e+00, -8.25551920e+00, -8.54826673e+00, -8.85315645e+00, 0.0, 2.0000000000, 8.0000000000, 0.0685731332
        2306, -2.49975203e-01, 3.88107937e-03, 1.38583685e-04, 9.40914446e-05, 4.00377738e-03, 0.0, -8.35367538e+00, -8.27703093e+00, -8.57632922e+00, -8.87750037e+00, 0.0, 2.0000000000, 8.0000000000, 0.0688939492
        2307, -2.49975031e-01, 3.88118202e-03, 1.38590186e-04, 9.40807546e-05, 4.00386621e-03, 0.0, -8.37168289e+00, -8.29763485e+00, -8.60177750e+00, -8.89809775e+00, 0.0, 2.0000000000, 8.0000000000, 0.0692333817
        2308, -2.49974775e-01, 3.88128847e-03, 1.38596353e-04, 9.40673709e-05, 4.00396234e-03, 0.0, -8.39205358e+00, -8.31971249e+00, -8.62996237e+00, -8.92313746e+00, 0.0, 2.0000000000, 8.0000000000, 0.0696207166
        2309, -2.49974607e-01, 3.88138101e-03, 1.38602128e-04, 9.40618118e-05, 4.00404428e-03, 0.0, -8.40924398e+00, -8.33967662e+00, -8.65388285e+00, -8.94204902e+00, 0.0, 2.0000000000, 8.0000000000, 0.0700839162
        2310, -2.49974356e-01, 3.88147688e-03, 1.38607596e-04, 9.40498882e-05, 4.00413262e-03, 0.0, -8.42989869e+00, -8.36221074e+00, -8.68193019e+00, -8.96767467e+00, 0.0, 2.0000000000, 8.0000000000, 0.0705586831
        2311, -2.49974198e-01, 3.88155532e-03, 1.38612735e-04, 9.40478684e-05, 4.00420216e-03, 0.0, -8.44626212e+00, -8.38151146e+00, -8.70410718e+00, -8.98492623e+00, 0.0, 2.0000000000, 8.0000000000, 0.0709828814
        2312, -2.49973968e-01, 3.88163919e-03, 1.38617564e-04, 9.40382868e-05, 4.00428038e-03, 0.0, -8.46690341e+00, -8.40422571e+00, -8.73139664e+00, -9.01055563e+00, 0.0, 2.0000000000, 8.0000000000, 0.0713967800
        2313, -2.49973824e-01, 3.88170157e-03, 1.38622115e-04, 9.40391187e-05, 4.00433491e-03, 0.0, -8.48244038e+00, -8.42282102e+00, -8.75177835e+00, -9.02632514e+00, 0.0, 2.0000000000, 8.0000000000, 0.0717221975
        2314, -2.49973621e-01, 3.88177211e-03, 1.38626328e-04, 9.40314071e-05, 4.00440148e-03, 0.0, -8.50281815e+00, -8.44551146e+00, -8.77778980e+00, -9.05133283e+00, 0.0, 2.0000000000, 8.0000000000, 0.0721134504
        2315, -2.49973489e-01, 3.88181809e-03, 1.38630316e-04, 9.40341423e-05, 4.00444072e-03, 0.0, -8.51752777e+00, -8.46332560e+00, -8.79635911e+00, -9.06592883e+00, 0.0, 2.0000000000, 8.0000000000, 0.0725485325
        2316, -2.49973308e-01, 3.88187592e-03, 1.38633938e-04, 9.40281887e-05, 4.00449641e-03, 0.0, -8.53748081e+00, -8.48581475e+00, -8.82066351e+00, -9.08981412e+00, 0.0, 2.0000000000, 8.0000000000, 0.0729057670
        2317, -2.49973183e-01, 3.88190690e-03, 1.38637397e-04, 9.40318908e-05, 4.00452188e-03, 0.0, -8.55150125e+00, -8.50285629e+00, -8.83761098e+00, -9.10379067e+00, 0.0, 2.0000000000, 8.0000000000, 0.0734136144
        2318, -2.49973019e-01, 3.88195398e-03, 1.38640466e-04, 9.40275910e-05, 4.00456860e-03, 0.0, -8.57090287e+00, -8.52493721e+00, -8.85990915e+00, -9.12624058e+00, 0.0, 2.0000000000, 8.0000000000, 0.0738595804
        2319, -2.49972899e-01, 3.88197300e-03, 1.38643435e-04, 9.40317281e-05, 4.00458333e-03, 0.0, -8.58454771e+00, -8.54136835e+00, -8.87561214e+00, -9.14022154e+00, 0.0, 2.0000000000, 8.0000000000, 0.0742322803
        2320, -2.49972748e-01, 3.88201170e-03, 1.38646000e-04, 9.40286659e-05, 4.00462317e-03, 0.0, -8.60329915e+00, -8.56283380e+00, -8.89578463e+00, -9.16114214e+00, 0.0, 2.0000000000, 8.0000000000, 0.0745502313
        2321, -2.49972630e-01, 3.88202240e-03, 1.38648521e-04, 9.40330265e-05, 4.00463064e-03, 0.0, -8.61689297e+00, -8.57887356e+00, -8.91060994e+00, -9.17551865e+00, 0.0, 2.0000000000, 8.0000000000, 0.0748736501
        2322, -2.49972490e-01, 3.88205494e-03, 1.38650635e-04, 9.40306447e-05, 4.00466537e-03, 0.0, -8.63494513e+00, -8.59956464e+00, -8.92876436e+00, -9.19497508e+00, 0.0, 2.0000000000, 8.0000000000, 0.0752053142
        2323, -2.49972375e-01, 3.88206055e-03, 1.38652749e-04, 9.40351655e-05, 4.00466859e-03, 0.0, -8.64865762e+00, -8.61535421e+00, -8.94292166e+00, -9.20981354e+00, 0.0, 2.0000000000, 8.0000000000, 0.0755225301
        2324, -2.49972244e-01, 3.88208865e-03, 1.38654459e-04, 9.40329777e-05, 4.00469942e-03, 0.0, -8.66601970e+00, -8.63518523e+00, -8.95937145e+00, -9.22794223e+00, 0.0, 2.0000000000, 8.0000000000, 0.0758507331
        2325, -2.49972134e-01, 3.88209159e-03, 1.38656204e-04, 9.40376558e-05, 4.00470051e-03, 0.0, -8.67985077e+00, -8.65074669e+00, -8.97294591e+00, -9.24309715e+00, 0.0, 2.0000000000, 8.0000000000, 0.0763385971
        2326, -2.49972012e-01, 3.88211643e-03, 1.38657558e-04, 9.40353294e-05, 4.00472818e-03, 0.0, -8.69657970e+00, -8.66970294e+00, -8.98810201e+00, -9.26008240e+00, 0.0, 2.0000000000, 8.0000000000, 0.0768577496
        2327, -2.49971909e-01, 3.88211833e-03, 1.38658969e-04, 9.40401813e-05, 4.00472852e-03, 0.0, -8.71044610e+00, -8.68498778e+00, -9.00115933e+00, -9.27533213e+00, 0.0, 2.0000000000, 8.0000000000, 0.0772487640
        2328, -2.49971799e-01, 3.88214059e-03, 1.38660009e-04, 9.40375091e-05, 4.00475338e-03, 0.0, -8.72662836e+00, -8.70310809e+00, -9.01543203e+00, -9.29142454e+00, 0.0, 2.0000000000, 8.0000000000, 0.0776123643
        2329, -2.49971704e-01, 3.88214244e-03, 1.38661120e-04, 9.40425556e-05, 4.00475379e-03, 0.0, -8.74045162e+00, -8.71806411e+00, -9.02808315e+00, -9.30655762e+00, 0.0, 2.0000000000, 8.0000000000, 0.0779460669
        2330, -2.49971605e-01, 3.88216239e-03, 1.38661882e-04, 9.40393693e-05, 4.00477592e-03, 0.0, -8.75620336e+00, -8.73543601e+00, -9.04184727e+00, -9.32210132e+00, 0.0, 2.0000000000, 8.0000000000, 0.0782603145
        2331, -2.49971521e-01, 3.88216470e-03, 1.38662723e-04, 9.40445726e-05, 4.00477685e-03, 0.0, -8.76996265e+00, -8.75005572e+00, -9.05426823e+00, -9.33697541e+00, 0.0, 2.0000000000, 8.0000000000, 0.0785824656
        2332, -2.49971433e-01, 3.88218205e-03, 1.38663243e-04, 9.40404831e-05, 4.00479578e-03, 0.0, -8.78549226e+00, -8.76686666e+00, -9.06789990e+00, -9.35252239e+00, 0.0, 2.0000000000, 8.0000000000, 0.0789241314
        2333, -2.49971354e-01, 3.88218378e-03, 1.38663837e-04, 9.40444354e-05, 4.00479591e-03, 0.0, -8.79928948e+00, -8.78125110e+00, -9.08039116e+00, -9.36718609e+00, 0.0, 2.0000000000, 8.0000000000, 0.0792428493
        2334, -2.49971272e-01, 3.88219294e-03, 1.38664134e-04, 9.40343419e-05, 4.00480493e-03, 0.0, -8.81529582e+00, -8.79813256e+00, -9.09444803e+00, -9.38437517e+00, 0.0, 2.0000000000, 8.0000000000, 0.0795923471
        2335, -2.49971237e-01, 3.88214574e-03, 1.38664374e-04, 9.39931787e-05, 4.00474631e-03, 0.0, -8.82979187e+00, -8.81286495e+00, -9.10790302e+00, -9.40014024e+00, 0.0, 2.0000000000, 8.0000000000, 0.0799798807
        2336, -2.49971216e-01, 3.88220861e-03, 1.38664642e-04, 9.40357709e-05, 4.00481974e-03, 0.0, -8.83909431e+00, -8.82252847e+00, -9.11091880e+00, -9.40218518e+00, 0.0, 2.0000000000, 8.0000000000, 0.0803299983
        2337, -2.49971147e-01, 3.88220495e-03, 1.38664888e-04, 9.40366652e-05, 4.00481324e-03, 0.0, -8.85468694e+00, -8.83833816e+00, -9.13046443e+00, -9.42458880e+00, 0.0, 2.0000000000, 8.0000000000, 0.0806841811
        2338, -2.49971061e-01, 3.88219400e-03, 1.38664815e-04, 9.40108221e-05, 4.00479792e-03, 0.0, -8.87041588e+00, -8.85459590e+00, -9.14420627e+00, -9.44073751e+00, 0.0, 2.0000000000, 8.0000000000, 0.0810112834
        2339, -2.49971034e-01, 3.88219868e-03, 1.38664766e-04, 9.40188448e-05, 4.00480146e-03, 0.0, -8.88350364e+00, -8.86742565e+00, -9.15384458e+00, -9.45241632e+00, 0.0, 2.0000000000, 8.0000000000, 0.0813331485
        2340, -2.49971033e-01, 3.88226185e-03, 1.38664751e-04, 9.40680914e-05, 4.00487538e-03, 0.0, -8.89559751e+00, -8.87922087e+00, -9.16577882e+00, -9.46167415e+00, 0.0, 2.0000000000, 8.0000000000, 0.0816619476
        2341, -2.49971022e-01, 3.88217608e-03, 1.38664501e-04, 9.39905676e-05, 4.00477065e-03, 0.0, -8.91034502e+00, -8.89385144e+00, -9.18229391e+00, -9.48000061e+00, 0.0, 2.0000000000, 8.0000000000, 0.0819845160
        2342, -2.49970987e-01, 3.88222704e-03, 1.38664344e-04, 9.40240472e-05, 4.00482982e-03, 0.0, -8.91068437e+00, -8.89410821e+00, -9.17778923e+00, -9.47256583e+00, 0.0, 2.0000000000, 8.0000000000, 0.0823063334
        2343, -2.49970930e-01, 3.88222832e-03, 1.38664177e-04, 9.40290531e-05, 4.00482928e-03, 0.0, -8.93367556e+00, -8.91636247e+00, -9.20652214e+00, -9.50837740e+00, 0.0, 2.0000000000, 8.0000000000, 0.0826250474
        2344, -2.49970909e-01, 3.88218218e-03, 1.38663716e-04, 9.39780145e-05, 4.00477187e-03, 0.0, -8.95182868e+00, -8.93402479e+00, -9.22576252e+00, -9.52638329e+00, 0.0, 2.0000000000, 8.0000000000, 0.0829440633
        2345, -2.49970901e-01, 3.88222826e-03, 1.38663447e-04, 9.40217658e-05, 4.00482523e-03, 0.0, -8.95454938e+00, -8.93691398e+00, -9.22279835e+00, -9.51637989e+00, 0.0, 2.0000000000, 8.0000000000, 0.0833136837
        2346, -2.49970881e-01, 3.88225989e-03, 1.38663122e-04, 9.40471526e-05, 4.00486127e-03, 0.0, -8.97555976e+00, -8.95658854e+00, -9.24387600e+00, -9.54786176e+00, 0.0, 2.0000000000, 8.0000000000, 0.0837103645
        2347, -2.49970881e-01, 3.88223527e-03, 1.38662734e-04, 9.40252622e-05, 4.00482954e-03, 0.0, -8.99321632e+00, -8.97345565e+00, -9.26879917e+00, -9.56883033e+00, 0.0, 2.0000000000, 8.0000000000, 0.0840581139
        2348, -2.49970865e-01, 3.88227352e-03, 1.38662406e-04, 9.40489318e-05, 4.00487279e-03, 0.0, -8.99220754e+00, -8.97319183e+00, -9.25978703e+00, -9.55340129e+00, 0.0, 2.0000000000, 8.0000000000, 0.0843937159
        2349, -2.49970855e-01, 3.88225830e-03, 1.38662007e-04, 9.40353010e-05, 4.00485145e-03, 0.0, -9.00961886e+00, -8.99026810e+00, -9.28514711e+00, -9.57779987e+00, 0.0, 2.0000000000, 8.0000000000, 0.0847350836
        2350, -2.49970840e-01, 3.88225967e-03, 1.38661523e-04, 9.40243078e-05, 4.00484982e-03, 0.0, -9.02296953e+00, -9.00280295e+00, -9.30258952e+00, -9.59125254e+00, 0.0, 2.0000000000, 8.0000000000, 0.0850612322
        2351, -2.49970810e-01, 3.88227499e-03, 1.38661042e-04, 9.40369465e-05, 4.00486504e-03, 0.0, -9.03463364e+00, -9.01389095e+00, -9.31214225e+00, -9.59964004e+00, 0.0, 2.0000000000, 8.0000000000, 0.0853966832
        2352, -2.49970806e-01, 3.88230632e-03, 1.38660587e-04, 9.40584110e-05, 4.00489960e-03, 0.0, -9.04709343e+00, -9.02532619e+00, -9.32747329e+00, -9.61110714e+00, 0.0, 2.0000000000, 8.0000000000, 0.0857258638
        2353, -2.49970820e-01, 3.88231354e-03, 1.38660161e-04, 9.40628073e-05, 4.00490499e-03, 0.0, -9.06241897e+00, -9.03978203e+00, -9.34794438e+00, -9.63004711e+00, 0.0, 2.0000000000, 8.0000000000, 0.0860502323
        2354, -2.49970810e-01, 3.88233501e-03, 1.38659716e-04, 9.40694830e-05, 4.00492691e-03, 0.0, -9.06980682e+00, -9.04704571e+00, -9.35610603e+00, -9.63224354e+00, 0.0, 2.0000000000, 8.0000000000, 0.0863958319
        2355, -2.49970804e-01, 3.88232033e-03, 1.38659266e-04, 9.40497329e-05, 4.00490490e-03, 0.0, -9.08250822e+00, -9.05939698e+00, -9.37275540e+00, -9.64498770e+00, 0.0, 2.0000000000, 8.0000000000, 0.0867586811
        2356, -2.49970801e-01, 3.88234708e-03, 1.38658838e-04, 9.40608703e-05, 4.00493230e-03, 0.0, -9.09142258e+00, -9.06763722e+00, -9.38488226e+00, -9.65229353e+00, 0.0, 2.0000000000, 8.0000000000, 0.0871375640
        2357, -2.49970793e-01, 3.88234759e-03, 1.38658384e-04, 9.40553812e-05, 4.00492821e-03, 0.0, -9.10757440e+00, -9.08279601e+00, -9.40622466e+00, -9.67174627e+00, 0.0, 2.0000000000, 8.0000000000, 0.0876331329
        2358, -2.49970798e-01, 3.88237141e-03, 1.38657918e-04, 9.40653491e-05, 4.00495213e-03, 0.0, -9.11585944e+00, -9.09007694e+00, -9.41438697e+00, -9.67490021e+00, 0.0, 2.0000000000, 8.0000000000, 0.0880001664
        2359, -2.49970792e-01, 3.88237333e-03, 1.38657475e-04, 9.40588678e-05, 4.00494973e-03, 0.0, -9.13466155e+00, -9.10765411e+00, -9.43889455e+00, -9.70118922e+00, 0.0, 2.0000000000, 8.0000000000, 0.0883498152
        2360, -2.49970797e-01, 3.88242087e-03, 1.38657096e-04, 9.40912282e-05, 4.00500183e-03, 0.0, -9.13994093e+00, -9.11163780e+00, -9.44034613e+00, -9.69708918e+00, 0.0, 2.0000000000, 8.0000000000, 0.0887008985
        2361, -2.49970788e-01, 3.88240368e-03, 1.38656684e-04, 9.40644922e-05, 4.00497605e-03, 0.0, -9.15713509e+00, -9.12747880e+00, -9.46176857e+00, -9.72202689e+00, 0.0, 2.0000000000, 8.0000000000, 0.0890682300
        2362, -2.49970795e-01, 3.88245884e-03, 1.38656348e-04, 9.41037046e-05, 4.00503686e-03, 0.0, -9.16194575e+00, -9.13021336e+00, -9.46205910e+00, -9.71844689e+00, 0.0, 2.0000000000, 8.0000000000, 0.0894008994
        2363, -2.49970790e-01, 3.88242746e-03, 1.38655960e-04, 9.40615908e-05, 4.00499371e-03, 0.0, -9.17355788e+00, -9.14191392e+00, -9.47993524e+00, -9.73446117e+00, 0.0, 2.0000000000, 8.0000000000, 0.0897305648
        2364, -2.49970801e-01, 3.88249153e-03, 1.38655666e-04, 9.41093128e-05, 4.00506501e-03, 0.0, -9.17763034e+00, -9.14329660e+00, -9.47662066e+00, -9.73139796e+00, 0.0, 2.0000000000, 8.0000000000, 0.0907874505
        2365, -2.49970804e-01, 3.88243761e-03, 1.38655262e-04, 9.40452793e-05, 4.00499469e-03, 0.0, -9.18300614e+00, -9.15029651e+00, -9.49302447e+00, -9.73802443e+00, 0.0, 2.0000000000, 8.0000000000, 0.0911287308
        2366, -2.49970811e-01, 3.88250280e-03, 1.38654996e-04, 9.40939438e-05, 4.00506716e-03, 0.0, -9.18586358e+00, -9.15054245e+00, -9.49755401e+00, -9.73812785e+00, 0.0, 2.0000000000, 8.0000000000, 0.0914600650
        2367, -2.49970800e-01, 3.88247264e-03, 1.38654671e-04, 9.40534410e-05, 4.00502524e-03, 0.0, -9.20842649e+00, -9.17372221e+00, -9.52155101e+00, -9.76972811e+00, 0.0, 2.0000000000, 8.0000000000, 0.0918819825
        2368, -2.49970807e-01, 3.88253969e-03, 1.38654469e-04, 9.41047977e-05, 4.00509990e-03, 0.0, -9.21590908e+00, -9.17767814e+00, -9.52910993e+00, -9.76378759e+00, 0.0, 2.0000000000, 8.0000000000, 0.0922266642
        2369, -2.49970819e-01, 3.88248693e-03, 1.38654118e-04, 9.40420573e-05, 4.00503075e-03, 0.0, -9.22469649e+00, -9.18821483e+00, -9.54173915e+00, -9.78021880e+00, 0.0, 2.0000000000, 8.0000000000, 0.0925852815
        2370, -2.49970810e-01, 3.88253618e-03, 1.38653899e-04, 9.40754458e-05, 4.00508382e-03, 0.0, -9.23486695e+00, -9.19595728e+00, -9.56480522e+00, -9.78799628e+00, 0.0, 2.0000000000, 8.0000000000, 0.0931056499
        2371, -2.49970808e-01, 3.88254125e-03, 1.38653688e-04, 9.40693370e-05, 4.00508390e-03, 0.0, -9.27219568e+00, -9.23243385e+00, -9.59216301e+00, -9.84332642e+00, 0.0, 2.0000000000, 8.0000000000, 0.0935989300
        2372, -2.49970808e-01, 3.88259735e-03, 1.38653582e-04, 9.41096442e-05, 4.00514518e-03, 0.0, -9.28937784e+00, -9.24506237e+00, -9.60353527e+00, -9.84297848e+00, 0.0, 2.0000000000, 8.0000000000, 0.0939740658
        2373, -2.49970829e-01, 3.88258480e-03, 1.38653313e-04, 9.40877150e-05, 4.00512385e-03, 0.0, -9.28670768e+00, -9.24558603e+00, -9.59581176e+00, -9.82982394e+00, 0.0, 2.0000000000, 8.0000000000, 0.0943452319
        2374, -2.49970837e-01, 3.88259880e-03, 1.38653140e-04, 9.40867758e-05, 4.00513432e-03, 0.0, -9.31851650e+00, -9.27445264e+00, -9.63908053e+00, -9.88784548e+00, 0.0, 2.0000000000, 8.0000000000, 0.0946959813
        2375, -2.49970846e-01, 3.88259692e-03, 1.38652973e-04, 9.40708851e-05, 4.00512584e-03, 0.0, -9.34467049e+00, -9.30115070e+00, -9.67218133e+00, -9.91702176e+00, 0.0, 2.0000000000, 8.0000000000, 0.0950546304
        2376, -2.49970844e-01, 3.88261318e-03, 1.38652866e-04, 9.40737123e-05, 4.00513931e-03, 0.0, -9.36392673e+00, -9.31971148e+00, -9.69062010e+00, -9.93485410e+00, 0.0, 2.0000000000, 8.0000000000, 0.0953991969
        2377, -2.49970843e-01, 3.88262631e-03, 1.38652756e-04, 9.40724691e-05, 4.00514924e-03, 0.0, -9.38168661e+00, -9.33726511e+00, -9.70732627e+00, -9.95583356e+00, 0.0, 2.0000000000, 8.0000000000, 0.0957529823
        2378, -2.49970838e-01, 3.88264527e-03, 1.38652667e-04, 9.40789695e-05, 4.00516619e-03, 0.0, -9.39523569e+00, -9.34932294e+00, -9.71908416e+00, -9.96373746e+00, 0.0, 2.0000000000, 8.0000000000, 0.0960995475
        2379, -2.49970842e-01, 3.88265613e-03, 1.38652573e-04, 9.40749895e-05, 4.00517338e-03, 0.0, -9.41014783e+00, -9.36462347e+00, -9.73793506e+00, -9.98559813e+00, 0.0, 2.0000000000, 8.0000000000, 0.0965204000
        2380, -2.49970834e-01, 3.88268215e-03, 1.38652552e-04, 9.40875036e-05, 4.00519861e-03, 0.0, -9.42095343e+00, -9.37325482e+00, -9.74444324e+00, -9.98537934e+00, 0.0, 2.0000000000, 8.0000000000, 0.0969203472
        2381, -2.49970839e-01, 3.88268464e-03, 1.38652492e-04, 9.40748810e-05, 4.00519558e-03, 0.0, -9.43393279e+00, -9.38779020e+00, -9.76044802e+00, -1.00057921e+01, 0.0, 2.0000000000, 8.0000000000, 0.0972945333
        2382, -2.49970824e-01, 3.88272166e-03, 1.38652537e-04, 9.40967930e-05, 4.00523400e-03, 0.0, -9.44261188e+00, -9.39255248e+00, -9.76595630e+00, -9.99976850e+00, 0.0, 2.0000000000, 8.0000000000, 0.0976278822
        2383, -2.49970828e-01, 3.88271734e-03, 1.38652494e-04, 9.40779733e-05, 4.00522284e-03, 0.0, -9.44815762e+00, -9.40054150e+00, -9.77240967e+00, -1.00078130e+01, 0.0, 2.0000000000, 8.0000000000, 0.0979969501
        2384, -2.49970813e-01, 3.88274862e-03, 1.38652540e-04, 9.40938739e-05, 4.00525441e-03, 0.0, -9.46416707e+00, -9.41113187e+00, -9.78905510e+00, -1.00232042e+01, 0.0, 2.0000000000, 8.0000000000, 0.0983473976
        2385, -2.49970820e-01, 3.88274596e-03, 1.38652530e-04, 9.40765680e-05, 4.00524526e-03, 0.0, -9.47600009e+00, -9.42554956e+00, -9.80366618e+00, -1.00393627e+01, 0.0, 2.0000000000, 8.0000000000, 0.0987090309
        2386, -2.49970806e-01, 3.88277888e-03, 1.38652614e-04, 9.40941513e-05, 4.00527883e-03, 0.0, -9.49206033e+00, -9.43575069e+00, -9.81755531e+00, -1.00500978e+01, 0.0, 2.0000000000, 8.0000000000, 0.0990456502
        2387, -2.49970811e-01, 3.88277599e-03, 1.38652636e-04, 9.40772706e-05, 4.00526945e-03, 0.0, -9.50177771e+00, -9.44814060e+00, -9.82774670e+00, -1.00627787e+01, 0.0, 2.0000000000, 8.0000000000, 0.0993789156
        2388, -2.49970798e-01, 3.88280460e-03, 1.38652739e-04, 9.40910654e-05, 4.00529792e-03, 0.0, -9.51998292e+00, -9.46049070e+00, -9.84597779e+00, -1.00804812e+01, 0.0, 2.0000000000, 8.0000000000, 0.0997192502
        2389, -2.49970803e-01, 3.88280359e-03, 1.38652794e-04, 9.40763118e-05, 4.00529093e-03, 0.0, -9.53361337e+00, -9.47672162e+00, -9.85842087e+00, -1.00981344e+01, 0.0, 2.0000000000, 8.0000000000, 0.1000938495
        2390, -2.49970790e-01, 3.88283267e-03, 1.38652926e-04, 9.40910302e-05, 4.00532014e-03, 0.0, -9.55049305e+00, -9.48812590e+00, -9.87466977e+00, -1.01113138e+01, 0.0, 2.0000000000, 8.0000000000, 0.1004292647
        2391, -2.49970793e-01, 3.88283129e-03, 1.38653005e-04, 9.40765375e-05, 4.00531292e-03, 0.0, -9.56212511e+00, -9.50232946e+00, -9.88325895e+00, -1.01246365e+01, 0.0, 2.0000000000, 8.0000000000, 0.1007643819
        2392, -2.49970780e-01, 3.88285439e-03, 1.38653144e-04, 9.40860671e-05, 4.00533520e-03, 0.0, -9.58048362e+00, -9.51577384e+00, -9.90355677e+00, -1.01448736e+01, 0.0, 2.0000000000, 8.0000000000, 0.1011856993
        2393, -2.49970783e-01, 3.88285663e-03, 1.38653253e-04, 9.40753446e-05, 4.00533261e-03, 0.0, -9.59748899e+00, -9.53479265e+00, -9.91695630e+00, -1.01667729e+01, 0.0, 2.0000000000, 8.0000000000, 0.1015627662
        2394, -2.49970771e-01, 3.88288230e-03, 1.38653420e-04, 9.40880282e-05, 4.00535829e-03, 0.0, -9.61326904e+00, -9.54633316e+00, -9.93231345e+00, -1.01779042e+01, 0.0, 2.0000000000, 8.0000000000, 0.1018907666
        2395, -2.49970770e-01, 3.88288311e-03, 1.38653544e-04, 9.40766027e-05, 4.00535427e-03, 0.0, -9.62505429e+00, -9.56027392e+00, -9.93807377e+00, -1.01895252e+01, 0.0, 2.0000000000, 8.0000000000, 0.1022427996
        2396, -2.49970762e-01, 3.88289666e-03, 1.38653698e-04, 9.40783364e-05, 4.00536567e-03, 0.0, -9.64440494e+00, -9.57623877e+00, -9.96160066e+00, -1.02165347e+01, 0.0, 2.0000000000, 8.0000000000, 0.1025866667
        2397, -2.49970755e-01, 3.88291181e-03, 1.38653868e-04, 9.40808213e-05, 4.00537916e-03, 0.0, -9.66342074e+00, -9.59492846e+00, -9.97652877e+00, -1.02348956e+01, 0.0, 2.0000000000, 8.0000000000, 0.1030244668
        2398, -2.49970754e-01, 3.88291905e-03, 1.38654028e-04, 9.40779017e-05, 4.00538329e-03, 0.0, -9.67999132e+00, -9.61120110e+00, -9.98984494e+00, -1.02546647e+01, 0.0, 2.0000000000, 8.0000000000, 0.1035447319
        2399, -2.49970752e-01, 3.88294002e-03, 1.38654219e-04, 9.40864106e-05, 4.00540408e-03, 0.0, -9.69457296e+00, -9.62366346e+00, -1.00039737e+01, -1.02640059e+01, 0.0, 2.0000000000, 8.0000000000, 0.1039642811
        2400, -2.49970748e-01, 3.88294980e-03, 1.38654397e-04, 9.40866536e-05, 4.00541155e-03, 0.0, -9.69964628e+00, -9.62693774e+00, -9.99002680e+00, -1.02482397e+01, 0.0, 2.0000000000, 8.0000000000, 0.1043031136
        2401, -2.49970743e-01, 3.88295884e-03, 1.38654549e-04, 9.40850699e-05, 4.00541824e-03, 0.0, -9.70996503e+00, -9.63619612e+00, -9.98129342e+00, -1.02525109e+01, 0.0, 2.0000000000, 8.0000000000, 0.1047393163
        2402, -2.49970742e-01, 3.88296654e-03, 1.38654714e-04, 9.40838563e-05, 4.00542345e-03, 0.0, -9.72620182e+00, -9.65339219e+00, -9.99721264e+00, -1.02768873e+01, 0.0, 2.0000000000, 8.0000000000, 0.1051102996
        2403, -2.49970738e-01, 3.88297436e-03, 1.38654880e-04, 9.40812525e-05, 4.00542895e-03, 0.0, -9.74244311e+00, -9.67049982e+00, -1.00202014e+01, -1.02948839e+01, 0.0, 2.0000000000, 8.0000000000, 0.1055163821
        2404, -2.49970733e-01, 3.88298302e-03, 1.38655071e-04, 9.40813936e-05, 4.00543568e-03, 0.0, -9.75936049e+00, -9.68811270e+00, -1.00398368e+01, -1.03155646e+01, 0.0, 2.0000000000, 8.0000000000, 0.1059143305
        2405, -2.49970726e-01, 3.88299247e-03, 1.38655255e-04, 9.40809613e-05, 4.00544355e-03, 0.0, -9.77516687e+00, -9.70455358e+00, -1.00538036e+01, -1.03257676e+01, 0.0, 2.0000000000, 8.0000000000, 0.1062591632
        2406, -2.49970719e-01, 3.88300053e-03, 1.38655449e-04, 9.40814420e-05, 4.00544992e-03, 0.0, -9.79094053e+00, -9.72141179e+00, -1.00671950e+01, -1.03450622e+01, 0.0, 2.0000000000, 8.0000000000, 0.1066146970
        2407, -2.49970711e-01, 3.88300891e-03, 1.38655629e-04, 9.40804896e-05, 4.00545679e-03, 0.0, -9.80640055e+00, -9.73756005e+00, -1.00809747e+01, -1.03550990e+01, 0.0, 2.0000000000, 8.0000000000, 0.1069773634
        2408, -2.49970702e-01, 3.88301601e-03, 1.38655824e-04, 9.40805382e-05, 4.00546223e-03, 0.0, -9.82139796e+00, -9.75363463e+00, -1.00941594e+01, -1.03744663e+01, 0.0, 2.0000000000, 8.0000000000, 0.1073422988
        2409, -2.49970693e-01, 3.88302417e-03, 1.38656005e-04, 9.40797481e-05, 4.00546905e-03, 0.0, -9.83691867e+00, -9.76967571e+00, -1.01077448e+01, -1.03840226e+01, 0.0, 2.0000000000, 8.0000000000, 0.1077363809
        2410, -2.49970684e-01, 3.88303092e-03, 1.38656202e-04, 9.40799667e-05, 4.00547429e-03, 0.0, -9.85129933e+00, -9.78493406e+00, -1.01206610e+01, -1.04022443e+01, 0.0, 2.0000000000, 8.0000000000, 0.1080888152
        2411, -2.49970674e-01, 3.88303865e-03, 1.38656382e-04, 9.40792509e-05, 4.00548080e-03, 0.0, -9.86637340e+00, -9.80031999e+00, -1.01338602e+01, -1.04118966e+01, 0.0, 2.0000000000, 8.0000000000, 0.1084472656
        2412, -2.49970665e-01, 3.88304482e-03, 1.38656574e-04, 9.40793735e-05, 4.00548555e-03, 0.0, -9.88088230e+00, -9.81522881e+00, -1.01467446e+01, -1.04301849e+01, 0.0, 2.0000000000, 8.0000000000, 0.1087825656
        2413, -2.49970656e-01, 3.88305202e-03, 1.38656749e-04, 9.40786451e-05, 4.00549161e-03, 0.0, -9.89609392e+00, -9.83054597e+00, -1.01604159e+01, -1.04408885e+01, 0.0, 2.0000000000, 8.0000000000, 0.1091189822
        2414, -2.49970648e-01, 3.88305768e-03, 1.38656938e-04, 9.40787089e-05, 4.00549595e-03, 0.0, -9.91082744e+00, -9.84548351e+00, -1.01739503e+01, -1.04596947e+01, 0.0, 2.0000000000, 8.0000000000, 0.1098450303
        2415, -2.49970639e-01, 3.88306434e-03, 1.38657108e-04, 9.40780024e-05, 4.00550156e-03, 0.0, -9.92654235e+00, -9.86117046e+00, -1.01880342e+01, -1.04710101e+01, 0.0, 2.0000000000, 8.0000000000, 0.1103836338
        2416, -2.49970631e-01, 3.88306949e-03, 1.38657291e-04, 9.40780180e-05, 4.00550548e-03, 0.0, -9.94139283e+00, -9.87624241e+00, -1.02021014e+01, -1.04905779e+01, 0.0, 2.0000000000, 8.0000000000, 0.1107199828
        2417, -2.49970623e-01, 3.88307558e-03, 1.38657455e-04, 9.40773397e-05, 4.00551062e-03, 0.0, -9.95767103e+00, -9.89252328e+00, -1.02168369e+01, -1.05022000e+01, 0.0, 2.0000000000, 8.0000000000, 0.1110772649
        2418, -2.49970616e-01, 3.88308020e-03, 1.38657630e-04, 9.40773255e-05, 4.00551413e-03, 0.0, -9.97260020e+00, -9.90785884e+00, -1.02313595e+01, -1.05226073e+01, 0.0, 2.0000000000, 8.0000000000, 0.1114160816
        2419, -2.49970608e-01, 3.88308571e-03, 1.38657787e-04, 9.40766843e-05, 4.00551881e-03, 0.0, -9.98938508e+00, -9.92481115e+00, -1.02465438e+01, -1.05344050e+01, 0.0, 2.0000000000, 8.0000000000, 0.1117421309
        2420, -2.49970600e-01, 3.88308982e-03, 1.38657953e-04, 9.40766551e-05, 4.00552192e-03, 0.0, -1.00043918e+01, -9.94050657e+00, -1.02615914e+01, -1.05554392e+01, 0.0, 2.0000000000, 8.0000000000, 0.1120751143
        2421, -2.49970593e-01, 3.88309475e-03, 1.38658103e-04, 9.40760624e-05, 4.00552614e-03, 0.0, -1.00215223e+01, -9.95805908e+00, -1.02770116e+01, -1.05674680e+01, 0.0, 2.0000000000, 8.0000000000, 0.1123966972
        2422, -2.49970586e-01, 3.88309833e-03, 1.38658259e-04, 9.40760374e-05, 4.00552886e-03, 0.0, -1.00366790e+01, -9.97419085e+00, -1.02925353e+01, -1.05888588e+01, 0.0, 2.0000000000, 8.0000000000, 0.1127385338
        2423, -2.49970579e-01, 3.88310269e-03, 1.38658400e-04, 9.40755080e-05, 4.00553263e-03, 0.0, -1.00539999e+01, -9.99223106e+00, -1.03080699e+01, -1.06012029e+01, 0.0, 2.0000000000, 8.0000000000, 0.1131252488
        2424, -2.49970573e-01, 3.88310577e-03, 1.38658548e-04, 9.40755035e-05, 4.00553497e-03, 0.0, -1.00693585e+01, -1.00088095e+01, -1.03240196e+01, -1.06227392e+01, 0.0, 2.0000000000, 8.0000000000, 0.1135056973
        2425, -2.49970566e-01, 3.88310957e-03, 1.38658680e-04, 9.40750489e-05, 4.00553829e-03, 0.0, -1.00867954e+01, -1.00272435e+01, -1.03395787e+01, -1.06353724e+01, 0.0, 2.0000000000, 8.0000000000, 0.1138464491
        2426, -2.49970559e-01, 3.88311216e-03, 1.38658818e-04, 9.40750755e-05, 4.00554025e-03, 0.0, -1.01023539e+01, -1.00442045e+01, -1.03558554e+01, -1.06569651e+01, 0.0, 2.0000000000, 8.0000000000, 0.1141831636
        2427, -2.49970553e-01, 3.88311543e-03, 1.38658941e-04, 9.40747000e-05, 4.00554313e-03, 0.0, -1.01199093e+01, -1.00629617e+01, -1.03713949e+01, -1.06697535e+01, 0.0, 2.0000000000, 8.0000000000, 0.1145147800
        2428, -2.49970547e-01, 3.88311756e-03, 1.38659070e-04, 9.40747590e-05, 4.00554474e-03, 0.0, -1.01356258e+01, -1.00801896e+01, -1.03878896e+01, -1.06914073e+01, 0.0, 2.0000000000, 8.0000000000, 0.1148405830
        2429, -2.49970540e-01, 3.88312035e-03, 1.38659185e-04, 9.40744561e-05, 4.00554722e-03, 0.0, -1.01533387e+01, -1.00992054e+01, -1.04033708e+01, -1.07041774e+01, 0.0, 2.0000000000, 8.0000000000, 0.1151969989
        2430, -2.49970534e-01, 3.88312209e-03, 1.38659304e-04, 9.40745383e-05, 4.00554852e-03, 0.0, -1.01691691e+01, -1.01165736e+01, -1.04199977e+01, -1.07259224e+01, 0.0, 2.0000000000, 8.0000000000, 0.1155629476
        2431, -2.49970528e-01, 3.88312445e-03, 1.38659411e-04, 9.40742923e-05, 4.00555064e-03, 0.0, -1.01870716e+01, -1.01357769e+01, -1.04353739e+01, -1.07385410e+01, 0.0, 2.0000000000, 8.0000000000, 0.1159458637
        2432, -2.49970522e-01, 3.88312586e-03, 1.38659522e-04, 9.40743823e-05, 4.00555167e-03, 0.0, -1.02029991e+01, -1.01531875e+01, -1.04520716e+01, -1.07603747e+01, 0.0, 2.0000000000, 8.0000000000, 0.1163992643
        2433, -2.49970516e-01, 3.88312787e-03, 1.38659620e-04, 9.40741744e-05, 4.00555350e-03, 0.0, -1.02210925e+01, -1.01724996e+01, -1.04672974e+01, -1.07727943e+01, 0.0, 2.0000000000, 8.0000000000, 0.1169019143
        2434, -2.49970510e-01, 3.88312900e-03, 1.38659723e-04, 9.40742573e-05, 4.00555433e-03, 0.0, -1.02371351e+01, -1.01899045e+01, -1.04840204e+01, -1.07946611e+01, 0.0, 2.0000000000, 8.0000000000, 0.1173509638
        2435, -2.49970505e-01, 3.88313073e-03, 1.38659814e-04, 9.40740717e-05, 4.00555591e-03, 0.0, -1.02553890e+01, -1.02092492e+01, -1.04990627e+01, -1.08069232e+01, 0.0, 2.0000000000, 8.0000000000, 0.1176908493
        2436, -2.49970499e-01, 3.88313164e-03, 1.38659908e-04, 9.40741375e-05, 4.00555657e-03, 0.0, -1.02715883e+01, -1.02266487e+01, -1.05157766e+01, -1.08287290e+01, 0.0, 2.0000000000, 8.0000000000, 0.1180206974
        2437, -2.49970494e-01, 3.88313313e-03, 1.38659992e-04, 9.40739652e-05, 4.00555796e-03, 0.0, -1.02899565e+01, -1.02459648e+01, -1.05306171e+01, -1.08409331e+01, 0.0, 2.0000000000, 8.0000000000, 0.1183505972
        2438, -2.49970488e-01, 3.88313387e-03, 1.38660079e-04, 9.40740106e-05, 4.00555849e-03, 0.0, -1.03063577e+01, -1.02633892e+01, -1.05472978e+01, -1.08625816e+01, 0.0, 2.0000000000, 8.0000000000, 0.1187578321
        2439, -2.49970483e-01, 3.88313515e-03, 1.38660156e-04, 9.40738492e-05, 4.00555970e-03, 0.0, -1.03247993e+01, -1.02826420e+01, -1.05619294e+01, -1.08748389e+01, 0.0, 2.0000000000, 8.0000000000, 0.1192437490
        2440, -2.49970478e-01, 3.88313574e-03, 1.38660235e-04, 9.40738761e-05, 4.00556013e-03, 0.0, -1.03414330e+01, -1.03001279e+01, -1.05785621e+01, -1.08962699e+01, 0.0, 2.0000000000, 8.0000000000, 0.1196021318
        2441, -2.49970473e-01, 3.88313683e-03, 1.38660305e-04, 9.40737268e-05, 4.00556118e-03, 0.0, -1.03599281e+01, -1.03193125e+01, -1.05929856e+01, -1.09086647e+01, 0.0, 2.0000000000, 8.0000000000, 0.1199667652
        2442, -2.49970469e-01, 3.88313729e-03, 1.38660377e-04, 9.40737396e-05, 4.00556150e-03, 0.0, -1.03768018e+01, -1.03368859e+01, -1.06095609e+01, -1.09298731e+01, 0.0, 2.0000000000, 8.0000000000, 0.1202946981
        2443, -2.49970464e-01, 3.88313820e-03, 1.38660440e-04, 9.40736055e-05, 4.00556241e-03, 0.0, -1.03953532e+01, -1.03560199e+01, -1.06237851e+01, -1.09424465e+01, 0.0, 2.0000000000, 8.0000000000, 0.1206220667
        2444, -2.49970460e-01, 3.88313852e-03, 1.38660505e-04, 9.40736090e-05, 4.00556262e-03, 0.0, -1.04124562e+01, -1.03736916e+01, -1.06402926e+01, -1.09634720e+01, 0.0, 2.0000000000, 8.0000000000, 0.1209505637
        2445, -2.49970456e-01, 3.88313928e-03, 1.38660562e-04, 9.40734926e-05, 4.00556338e-03, 0.0, -1.04310764e+01, -1.03927972e+01, -1.06543342e+01, -1.09762327e+01, 0.0, 2.0000000000, 8.0000000000, 0.1212770303
        2446, -2.49970452e-01, 3.88313947e-03, 1.38660620e-04, 9.40734909e-05, 4.00556350e-03, 0.0, -1.04483945e+01, -1.04105683e+01, -1.06707615e+01, -1.09971276e+01, 0.0, 2.0000000000, 8.0000000000, 0.1216070970
        2447, -2.49970449e-01, 3.88314006e-03, 1.38660671e-04, 9.40733939e-05, 4.00556411e-03, 0.0, -1.04670880e+01, -1.04296523e+01, -1.06846431e+01, -1.10100772e+01, 0.0, 2.0000000000, 8.0000000000, 0.1219481826
        2448, -2.49970445e-01, 3.88314013e-03, 1.38660723e-04, 9.40733900e-05, 4.00556413e-03, 0.0, -1.04846180e+01, -1.04475220e+01, -1.07009806e+01, -1.10308732e+01, 0.0, 2.0000000000, 8.0000000000, 0.1222888311
        2449, -2.49970442e-01, 3.88314056e-03, 1.38660767e-04, 9.40733131e-05, 4.00556461e-03, 0.0, -1.05033698e+01, -1.04665647e+01, -1.07147267e+01, -1.10440262e+01, 0.0, 2.0000000000, 8.0000000000, 0.1226249814
        2450, -2.49970438e-01, 3.88314053e-03, 1.38660813e-04, 9.40733091e-05, 4.00556454e-03, 0.0, -1.05211242e+01, -1.04845333e+01, -1.07309738e+01, -1.10647219e+01, 0.0, 2.0000000000, 8.0000000000, 0.1229505658
        2451, -2.49970435e-01, 3.88314082e-03, 1.38660853e-04, 9.40732520e-05, 4.00556489e-03, 0.0, -1.05399028e+01, -1.05034915e+01, -1.07446110e+01, -1.10781084e+01, 0.0, 2.0000000000, 8.0000000000, 0.1232779503
        2452, -2.49970433e-01, 3.88314068e-03, 1.38660893e-04, 9.40732491e-05, 4.00556475e-03, 0.0, -1.05579036e+01, -1.05215570e+01, -1.07607809e+01, -1.10986813e+01, 0.0, 2.0000000000, 8.0000000000, 0.1236004472
        2453, -2.49970430e-01, 3.88314085e-03, 1.38660927e-04, 9.40732107e-05, 4.00556499e-03, 0.0, -1.05766748e+01, -1.05403793e+01, -1.07743422e+01, -1.11123339e+01, 0.0, 2.0000000000, 8.0000000000, 0.1239151160
        2454, -2.49970427e-01, 3.88314063e-03, 1.38660961e-04, 9.40732094e-05, 4.00556477e-03, 0.0, -1.05949399e+01, -1.05585328e+01, -1.07904616e+01, -1.11327658e+01, 0.0, 2.0000000000, 8.0000000000, 0.1242300153
        2455, -2.49970425e-01, 3.88314069e-03, 1.38660990e-04, 9.40731878e-05, 4.00556492e-03, 0.0, -1.06136802e+01, -1.05771775e+01, -1.08039926e+01, -1.11467053e+01, 0.0, 2.0000000000, 8.0000000000, 0.1245902816
        2456, -2.49970422e-01, 3.88314041e-03, 1.38661020e-04, 9.40731877e-05, 4.00556466e-03, 0.0, -1.06322143e+01, -1.05954027e+01, -1.08200996e+01, -1.11670040e+01, 0.0, 2.0000000000, 8.0000000000, 0.1249139667
        2457, -2.49970420e-01, 3.88314038e-03, 1.38661045e-04, 9.40731807e-05, 4.00556472e-03, 0.0, -1.06509174e+01, -1.06138494e+01, -1.08336613e+01, -1.11812350e+01, 0.0, 2.0000000000, 8.0000000000, 0.1252396504
        2458, -2.49970418e-01, 3.88314005e-03, 1.38661070e-04, 9.40731809e-05, 4.00556442e-03, 0.0, -1.06697120e+01, -1.06321301e+01, -1.08498051e+01, -1.12014440e+01, 0.0, 2.0000000000, 8.0000000000, 0.1255647143
        2459, -2.49970416e-01, 3.88313996e-03, 1.38661091e-04, 9.40731860e-05, 4.00556443e-03, 0.0, -1.06883857e+01, -1.06503828e+01, -1.08634729e+01, -1.12159663e+01, 0.0, 2.0000000000, 8.0000000000, 0.1259375970
        2460, -2.49970414e-01, 3.88313959e-03, 1.38661112e-04, 9.40731849e-05, 4.00556410e-03, 0.0, -1.07074312e+01, -1.06687175e+01, -1.08797179e+01, -1.12361726e+01, 0.0, 2.0000000000, 8.0000000000, 0.1264560978
        2461, -2.49970412e-01, 3.88313945e-03, 1.38661130e-04, 9.40731990e-05, 4.00556406e-03, 0.0, -1.07260956e+01, -1.06868033e+01, -1.08935771e+01, -1.12510016e+01, 0.0, 2.0000000000, 8.0000000000, 0.1270324151
        2462, -2.49970410e-01, 3.88313906e-03, 1.38661147e-04, 9.40731942e-05, 4.00556372e-03, 0.0, -1.07454069e+01, -1.07052285e+01, -1.09100166e+01, -1.12713712e+01, 0.0, 2.0000000000, 8.0000000000, 0.1273716331
        2463, -2.49970408e-01, 3.88313888e-03, 1.38661162e-04, 9.40732112e-05, 4.00556364e-03, 0.0, -1.07641059e+01, -1.07232040e+01, -1.09241642e+01, -1.12865754e+01, 0.0, 2.0000000000, 8.0000000000, 0.1277002335
        2464, -2.49970407e-01, 3.88313847e-03, 1.38661176e-04, 9.40731947e-05, 4.00556329e-03, 0.0, -1.07837823e+01, -1.07418458e+01, -1.09409588e+01, -1.13075068e+01, 0.0, 2.0000000000, 8.0000000000, 0.1280274987
        2465, -2.49970405e-01, 3.88313823e-03, 1.38661188e-04, 9.40731755e-05, 4.00556312e-03, 0.0, -1.08026468e+01, -1.07598389e+01, -1.09555201e+01, -1.13233464e+01, 0.0, 2.0000000000, 8.0000000000, 0.1283447981
        2466, -2.49970403e-01, 3.88313771e-03, 1.38661199e-04, 9.40730371e-05, 4.00556263e-03, 0.0, -1.08230685e+01, -1.07790712e+01, -1.09729292e+01, -1.13462752e+01, 0.0, 2.0000000000, 8.0000000000, 0.1286570311
        2467, -2.49970403e-01, 3.88313696e-03, 1.38661206e-04, 9.40726100e-05, 4.00556187e-03, 0.0, -1.08423147e+01, -1.07970717e+01, -1.09873382e+01, -1.13639612e+01, 0.0, 2.0000000000, 8.0000000000, 0.1289828142
        2468, -2.49970403e-01, 3.88313751e-03, 1.38661218e-04, 9.40735195e-05, 4.00556266e-03, 0.0, -1.08527289e+01, -1.08052470e+01, -1.09894441e+01, -1.13577610e+01, 0.0, 2.0000000000, 8.0000000000, 0.1293071667
        2469, -2.49970401e-01, 3.88313704e-03, 1.38661228e-04, 9.40733213e-05, 4.00556222e-03, 0.0, -1.08760447e+01, -1.08269949e+01, -1.10137124e+01, -1.13922445e+01, 0.0, 2.0000000000, 8.0000000000, 0.1296577970
        2470, -2.49970398e-01, 3.88313644e-03, 1.38661235e-04, 9.40730133e-05, 4.00556163e-03, 0.0, -1.08937898e+01, -1.08459990e+01, -1.10299294e+01, -1.14082020e+01, 0.0, 2.0000000000, 8.0000000000, 0.1300428470
        2471, -2.49970397e-01, 3.88313634e-03, 1.38661239e-04, 9.40731961e-05, 4.00556164e-03, 0.0, -1.09132497e+01, -1.08638423e+01, -1.10430253e+01, -1.14239865e+01, 0.0, 2.0000000000, 8.0000000000, 0.1303930481
        2472, -2.49970397e-01, 3.88313562e-03, 1.38661243e-04, 9.40729088e-05, 4.00556090e-03, 0.0, -1.09388788e+01, -1.08873960e+01, -1.10691938e+01, -1.14580275e+01, 0.0, 2.0000000000, 8.0000000000, 0.1307146311
        2473, -2.49970397e-01, 3.88313622e-03, 1.38661249e-04, 9.40737722e-05, 4.00556175e-03, 0.0, -1.09461244e+01, -1.08930311e+01, -1.10694502e+01, -1.14440586e+01, 0.0, 2.0000000000, 8.0000000000, 0.1310367982
        2474, -2.49970396e-01, 3.88313544e-03, 1.38661255e-04, 9.40732955e-05, 4.00556094e-03, 0.0, -1.09697740e+01, -1.09162845e+01, -1.10959077e+01, -1.14845411e+01, 0.0, 2.0000000000, 8.0000000000, 0.1313546817
        2475, -2.49970394e-01, 3.88313504e-03, 1.38661257e-04, 9.40731110e-05, 4.00556058e-03, 0.0, -1.09834703e+01, -1.09309374e+01, -1.11056817e+01, -1.14855059e+01, 0.0, 2.0000000000, 8.0000000000, 0.1316905141
        2476, -2.49970394e-01, 3.88313467e-03, 1.38661259e-04, 9.40731001e-05, 4.00556025e-03, 0.0, -1.10118373e+01, -1.09556301e+01, -1.11321451e+01, -1.15248041e+01, 0.0, 2.0000000000, 8.0000000000, 0.1320073803
        2477, -2.49970394e-01, 3.88313457e-03, 1.38661261e-04, 9.40733041e-05, 4.00556024e-03, 0.0, -1.10298154e+01, -1.09718715e+01, -1.11464304e+01, -1.15332695e+01, 0.0, 2.0000000000, 8.0000000000, 0.1323342323
        2478, -2.49970393e-01, 3.88313429e-03, 1.38661264e-04, 9.40733155e-05, 4.00556001e-03, 0.0, -1.10483361e+01, -1.09909308e+01, -1.11667083e+01, -1.15546788e+01, 0.0, 2.0000000000, 8.0000000000, 0.1326655149
        2479, -2.49970392e-01, 3.88313392e-03, 1.38661265e-04, 9.40731514e-05, 4.00555966e-03, 0.0, -1.10655136e+01, -1.10087688e+01, -1.11889693e+01, -1.15729541e+01, 0.0, 2.0000000000, 8.0000000000, 0.1329820474
        2480, -2.49970391e-01, 3.88313363e-03, 1.38661265e-04, 9.40731656e-05, 4.00555941e-03, 0.0, -1.10852322e+01, -1.10271052e+01, -1.12049751e+01, -1.15910420e+01, 0.0, 2.0000000000, 8.0000000000, 0.1333112319
        2481, -2.49970391e-01, 3.88313371e-03, 1.38661266e-04, 9.40735255e-05, 4.00555961e-03, 0.0, -1.11037274e+01, -1.10443677e+01, -1.12208173e+01, -1.16048992e+01, 0.0, 2.0000000000, 8.0000000000, 0.1336365660
        2482, -2.49970391e-01, 3.88313325e-03, 1.38661267e-04, 9.40733046e-05, 4.00555915e-03, 0.0, -1.11237136e+01, -1.10647777e+01, -1.12440111e+01, -1.16314114e+01, 0.0, 2.0000000000, 8.0000000000, 0.1339699308
        2483, -2.49970390e-01, 3.88313255e-03, 1.38661265e-04, 9.40728039e-05, 4.00555839e-03, 0.0, -1.11372416e+01, -1.10779396e+01, -1.12590896e+01, -1.16379632e+01, 0.0, 2.0000000000, 8.0000000000, 0.1343095978
        2484, -2.49970389e-01, 3.88313275e-03, 1.38661264e-04, 9.40732264e-05, 4.00555871e-03, 0.0, -1.11462271e+01, -1.10854478e+01, -1.12570230e+01, -1.16344789e+01, 0.0, 2.0000000000, 8.0000000000, 0.1346418659
        2485, -2.49970390e-01, 3.88313286e-03, 1.38661264e-04, 9.40736081e-05, 4.00555892e-03, 0.0, -1.11803631e+01, -1.11171238e+01, -1.12947005e+01, -1.16900595e+01, 0.0, 2.0000000000, 8.0000000000, 0.1349678993
        2486, -2.49970390e-01, 3.88313226e-03, 1.38661263e-04, 9.40732106e-05, 4.00555827e-03, 0.0, -1.12040485e+01, -1.11411952e+01, -1.13223637e+01, -1.17168389e+01, 0.0, 2.0000000000, 8.0000000000, 0.1352835655
        2487, -2.49970389e-01, 3.88313182e-03, 1.38661261e-04, 9.40729009e-05, 4.00555782e-03, 0.0, -1.12111660e+01, -1.11496364e+01, -1.13349439e+01, -1.17099774e+01, 0.0, 2.0000000000, 8.0000000000, 0.1356068492
        2488, -2.49970388e-01, 3.88313204e-03, 1.38661259e-04, 9.40733009e-05, 4.00555814e-03, 0.0, -1.12153945e+01, -1.11532579e+01, -1.13273197e+01, -1.16982955e+01, 0.0, 2.0000000000, 8.0000000000, 0.1359272162
        2489, -2.49970388e-01, 3.88313215e-03, 1.38661258e-04, 9.40736383e-05, 4.00555833e-03, 0.0, -1.12532800e+01, -1.11897531e+01, -1.13731288e+01, -1.17656112e+01, 0.0, 2.0000000000, 8.0000000000, 0.1362707496
        2490, -2.49970388e-01, 3.88313171e-03, 1.38661256e-04, 9.40733950e-05, 4.00555787e-03, 0.0, -1.12798265e+01, -1.12154840e+01, -1.14045623e+01, -1.17947479e+01, 0.0, 2.0000000000, 8.0000000000, 0.1366179148
        2491, -2.49970388e-01, 3.88313177e-03, 1.38661256e-04, 9.40735489e-05, 4.00555799e-03, 0.0, -1.12818776e+01, -1.12228689e+01, -1.14139155e+01, -1.17814267e+01, 0.0, 2.0000000000, 8.0000000000, 0.1369390488
        2492, -2.49970387e-01, 3.88313156e-03, 1.38661255e-04, 9.40734407e-05, 4.00555779e-03, 0.0, -1.13182002e+01, -1.12545248e+01, -1.14519980e+01, -1.18363464e+01, 0.0, 2.0000000000, 8.0000000000, 0.1372704148
        2493, -2.49970387e-01, 3.88313136e-03, 1.38661252e-04, 9.40733563e-05, 4.00555759e-03, 0.0, -1.13358387e+01, -1.12731508e+01, -1.14681148e+01, -1.18446790e+01, 0.0, 2.0000000000, 8.0000000000, 0.1375973304
        2494, -2.49970387e-01, 3.88313132e-03, 1.38661248e-04, 9.40734748e-05, 4.00555760e-03, 0.0, -1.13634746e+01, -1.12978948e+01, -1.14973583e+01, -1.18783351e+01, 0.0, 2.0000000000, 8.0000000000, 0.1379151305
        2495, -2.49970388e-01, 3.88313132e-03, 1.38661245e-04, 9.40736237e-05, 4.00555765e-03, 0.0, -1.13855516e+01, -1.13206009e+01, -1.15231089e+01, -1.19025797e+01, 0.0, 2.0000000000, 8.0000000000, 0.1382328471
        2496, -2.49970388e-01, 3.88313115e-03, 1.38661243e-04, 9.40735884e-05, 4.00555749e-03, 0.0, -1.14063720e+01, -1.13424887e+01, -1.15462452e+01, -1.19243265e+01, 0.0, 2.0000000000, 8.0000000000, 0.1385535320
        2497, -2.49970387e-01, 3.88313111e-03, 1.38661241e-04, 9.40736377e-05, 4.00555749e-03, 0.0, -1.14211745e+01, -1.13593078e+01, -1.15682030e+01, -1.19345011e+01, 0.0, 2.0000000000, 8.0000000000, 0.1389773647
        2498, -2.49970387e-01, 3.88313090e-03, 1.38661240e-04, 9.40735102e-05, 4.00555727e-03, 0.0, -1.14460779e+01, -1.13836862e+01, -1.15993854e+01, -1.19670267e+01, 0.0, 2.0000000000, 8.0000000000, 0.1394200643
        2499, -2.49970387e-01, 3.88313059e-03, 1.38661236e-04, 9.40733129e-05, 4.00555694e-03, 0.0, -1.14630617e+01, -1.14003007e+01, -1.16167224e+01, -1.19753905e+01, 0.0, 2.0000000000, 8.0000000000, 0.1397340337
        2500, -2.49970387e-01, 3.88313073e-03, 1.38661234e-04, 9.40735608e-05, 4.00555714e-03, 0.0, -1.14690814e+01, -1.14092045e+01, -1.16207198e+01, -1.19683070e+01, 0.0, 2.0000000000, 8.0000000000, 0.1400620818
        2501, -2.49970387e-01, 3.88313069e-03, 1.38661231e-04, 9.40736234e-05, 4.00555711e-03, 0.0, -1.15009245e+01, -1.14387916e+01, -1.16604567e+01, -1.20206676e+01, 0.0, 2.0000000000, 8.0000000000, 0.1403867801
        2502, -2.49970387e-01, 3.88313063e-03, 1.38661229e-04, 9.40736601e-05, 4.00555708e-03, 0.0, -1.15228007e+01, -1.14609215e+01, -1.16931166e+01, -1.20409804e+01, 0.0, 2.0000000000, 8.0000000000, 0.1407092651
        2503, -2.49970387e-01, 3.88313043e-03, 1.38661226e-04, 9.40735302e-05, 4.00555686e-03, 0.0, -1.15484003e+01, -1.14874633e+01, -1.17273843e+01, -1.20776730e+01, 0.0, 2.0000000000, 8.0000000000, 0.1410284162
        2504, -2.49970387e-01, 3.88313060e-03, 1.38661225e-04, 9.40737668e-05, 4.00555709e-03, 0.0, -1.15486917e+01, -1.14907377e+01, -1.17314579e+01, -1.20590541e+01, 0.0, 2.0000000000, 8.0000000000, 0.1413963834
        2505, -2.49970387e-01, 3.88313027e-03, 1.38661222e-04, 9.40734808e-05, 4.00555672e-03, 0.0, -1.15691521e+01, -1.15121105e+01, -1.17554409e+01, -1.20877024e+01, 0.0, 2.0000000000, 8.0000000000, 0.1417102138
        2506, -2.49970387e-01, 3.88313030e-03, 1.38661219e-04, 9.40735722e-05, 4.00555677e-03, 0.0, -1.15812974e+01, -1.15205500e+01, -1.17599932e+01, -1.20886710e+01, 0.0, 2.0000000000, 8.0000000000, 0.1420311809
        2507, -2.49970387e-01, 3.88313034e-03, 1.38661217e-04, 9.40736845e-05, 4.00555683e-03, 0.0, -1.16159749e+01, -1.15565249e+01, -1.18083889e+01, -1.21429847e+01, 0.0, 2.0000000000, 8.0000000000, 0.1423442483
        2508, -2.49970387e-01, 3.88313029e-03, 1.38661215e-04, 9.40736956e-05, 4.00555679e-03, 0.0, -1.16427529e+01, -1.15819851e+01, -1.18350129e+01, -1.21694735e+01, 0.0, 2.0000000000, 8.0000000000, 0.1427696665
