-2.295572375509619990e-03
1.867616382143152953e-04
-3.989581721377608546e-03
1.144336835628263771e-03
5.553794528855120205e-04
6.419351611073731770e-03
4.600010138107422930e-03
-8.695190595205222125e-03
3.139987905640913290e-03
7.815847474575017204e-03
1.606295725925943260e-03
7.561517490138882844e-03
-6.005521189774838849e-03
-7.417717296968951053e-03
-8.746402157767965702e-03
6.404674326754289382e-05
-8.230719566363980944e-03
-7.466964389892740903e-03
5.299009058603969258e-05
-1.030548899354444270e-03
8.146835466878421181e-03
5.570164345032550118e-04
-5.338469651362484983e-03
1.607290264294687632e-03
9.043471544619300154e-03
9.111412328369322342e-03
-4.040183461801238884e-03
1.062774395446622333e-03
-5.605913856004500484e-03
-7.732345251336556445e-03
