2.253525778900000373e-02
1.335162909339999981e-02
1.205939122564999959e-02
7.999066422299997911e-03
3.154166994000000496e-04
-1.699773227599999954e-03
-2.165821336300000500e-03
-2.677672518999999959e-03
-2.342408414999999893e-03
-1.083583808630000141e-03
-2.562039427500000140e-03
-8.169644202000001139e-04
-2.027830307600000156e-03
-1.921655936460000234e-03
-1.353210999199999957e-03
-4.175904045000000827e-04
-3.846089891000019497e-05
8.141890580000013609e-05
-1.270665476700000253e-03
-1.172015387769999913e-03
