1.911062620000000172e-03
-4.812127559999999200e-04
-4.461494919999999995e-04
-9.514641349999999583e-04
-3.174222539999999992e-03
-5.584701559999999572e-03
-4.143339289999999932e-03
-4.865270369999999921e-03
-4.843285249999999993e-03
-7.610920820000000378e-03
-7.610920820000000378e-03
-4.072261090000000271e-03
-4.187542439999999803e-03
-4.249957090000000028e-03
-4.159894929999999671e-03
-4.271941169999999774e-03
-3.880266659999999802e-03
-5.120629209999999834e-03
-3.690253619999999801e-03
-3.690253619999999801e-03
