3.790134825939414642e-04
-3.699696885180001928e-03
-1.282322029123839861e-03
-4.012703907465952485e-04
-1.124036050976141843e-03
2.500078002908059406e-03
-1.788753905837862316e-03
1.262818957656964766e-03
-2.967101602120212830e-03
-1.118742054881309393e-03
7.048319779494769885e-04
2.381026393906680340e-03
1.524158962591239640e-03
2.946771515902412743e-03
-5.784789572856404057e-04
1.951609471334278881e-04
-2.983319123576068550e-03
-3.337019990258461698e-03
-3.827485870515596935e-03
-3.224593875571440862e-03
3.275427195532787036e-03
-1.208105480821199378e-03
1.696190021046331542e-03
-2.979977568972388274e-05
6.650555733410017448e-04
-1.996523914872297759e-03
-2.500672262840187773e-03
-2.276306482639702151e-04
3.192327844311972779e-03
2.866111887459934712e-03
2.138726471943254090e-04
2.563839950016803121e-03
3.571980995493090512e-03
-6.900731352547672705e-04
2.468565694761394938e-03
2.596329534420844035e-03
3.194779186608671245e-03
-3.199688627885555192e-03
