VARIABLES="EVALUATION"    , "LIFT"          , "DRAG"          , "SIDEFORCE"     , "MOMENT_X"      , "MOMENT_Y"      , "MOMENT_Z"      , "FORCE_X"       , "FORCE_Y"       , "FORCE_Z"       , "EFFICIENCY"    , "ITERATION"     , "Res_Flow[0]"   , "Res_Flow[1]"   , "Res_Flow[2]"   , "Res_Flow[3]"   , "Res_Flow[4]"   , "Linear_Solver_Iterations", "CFL_Number"    , "TIME"          
          1               , 0.326933435     , 0.0213497372    , 0.0             , 0.0             , 0.0             , 0.0336976178    , 0.0142126412    , 0.327321375     , 0.0             , 15.31323        , 461.0           , -9.53724039     , -9.48518882     , -9.79562983     , -8.98706865     , 0.0             , 2.0                     , 10.0            , 0.155332617     
          2               , 0.24328119      , 0.00813781695   , 0.0             , 0.0             , 0.0             , 0.00261930297   , 0.00282872919   , 0.243400821     , 0.0             , 29.8951416      , 883.0           , -10.2394828     , -10.3342219     , -10.5466062     , -9.7202247      , 0.0             , 2.0                     , 10.0            , 0.1344811996    
          3               , 0.00816130331   , 0.00294093906   , 0.0             , 0.0             , 0.0             , -0.0306034285   , 0.0027622013    , 0.00822351739   , 0.0             , 2.77506713      , 1236.0          , -9.86257666     , -10.3377054     , -10.3415453     , -9.3650311      , 0.0             , 2.0                     , 10.0            , 0.0953087012    
          4               , 0.0264030647    , 0.00190425197   , 0.0             , 0.0             , 0.0             , -0.0313907113   , 0.00132781899   , 0.0264383226    , 0.0             , 13.8653209      , 1660.0          , -10.8662716     , -10.9033268     , -11.1685156     , -10.3193406     , 0.0             , 2.0                     , 10.0            , 0.1131627639    
          5               , 0.0746820712    , 0.000514269732  , 0.0             , 0.0             , 0.0             , -0.0344443698   , -0.00111503345  , 0.0746755176    , 0.0             , 145.219652      , 2090.0          , -10.3904735     , -10.8394875     , -10.7939288     , -9.87729793     , 0.0             , 2.0                     , 10.0            , 0.1243386348    
          6               , 0.0794216919    , 0.000507286135  , 0.0             , 0.0             , 0.0             , -0.0350285481   , -0.00122540966  , 0.0794138581    , 0.0             , 156.561921      , 2494.0          , -11.3444723     , -11.6821731     , -11.7305787     , -10.8196838     , 0.0             , 2.0                     , 10.0            , 0.1150659164    
          7               , 0.0713748306    , 0.000465217796  , 0.0             , 0.0             , 0.0             , -0.0354886186   , -0.00109192664  , 0.071367994     , 0.0             , 153.4224        , 2482.0          , -11.5812987     , -11.8693527     , -11.9417944     , -11.0625014     , 0.0             , 2.0                     , 10.0            , 0.1157830358    
          8               , 0.0679336388    , 0.000453788915  , 0.0             , 0.0             , 0.0             , -0.0361754604   , -0.0010282836   , 0.0679273718    , 0.0             , 149.703169      , 2880.0          , -11.8092496     , -12.2201086     , -12.248391      , -11.2986952     , 0.0             , 2.0                     , 10.0            , 0.1108950496    
          9               , 0.066901998     , 0.000451713808  , 0.0             , 0.0             , 0.0             , -0.0367120729   , -0.00100785308  , 0.0668959312    , 0.0             , 148.107046      , 3272.0          , -12.1037396     , -12.5497169     , -12.5430381     , -11.5970003     , 0.0             , 2.0                     , 10.0            , 0.1452317834    
          10              , 0.0529286449    , 0.000465026767  , 0.0             , 0.0             , 0.0             , -0.041430738    , -0.0006897162   , 0.0529261938    , 0.0             , 113.818491      , 3638.0          , -11.247228      , -11.5646153     , -11.6084035     , -10.7288488     , 0.0             , 2.0                     , 10.0            , 0.120688049     
          11              , 0.0609616042    , 0.000453943468  , 0.0             , 0.0             , 0.0             , -0.0387255596   , -0.000876034944 , 0.0609569997    , 0.0             , 134.293383      , 3658.0          , -11.6244412     , -11.8691974     , -11.9711093     , -11.1085821     , 0.0             , 2.0                     , 10.0            , 0.1109168808    
          12              , 0.0641297933    , 0.00045203757   , 0.0             , 0.0             , 0.0             , -0.0376541203   , -0.000947054071 , 0.0641243933    , 0.0             , 141.868282      , 3644.0          , -11.9538444     , -12.2600987     , -12.3398117     , -11.4403211     , 0.0             , 2.0                     , 10.0            , 0.1085320512    
          13              , 0.0655470607    , 0.000451708029  , 0.0             , 0.0             , 0.0             , -0.0371732137   , -0.000978301058 , 0.0655413162    , 0.0             , 145.109355      , 3652.0          , -12.2678259     , -12.611993      , -12.6543392     , -11.756392      , 0.0             , 2.0                     , 10.0            , 0.1016518037    
          14              , 0.066224133     , 0.000451671583  , 0.0             , 0.0             , 0.0             , -0.036942924    , -0.000993107751 , 0.0662182266    , 0.0             , 146.620101      , 4032.0          , -12.559819      , -12.8986586     , -12.9487253     , -12.0496549     , 0.0             , 2.0                     , 10.0            , 0.1059126337    
          15              , 0.0665590505    , 0.000451682259  , 0.0             , 0.0             , 0.0             , -0.0368289056   , -0.00100040326  , 0.0665530646    , 0.0             , 147.358124      , 4418.0          , -12.8619235     , -13.2047469     , -13.2359806     , -12.3444432     , 0.0             , 2.0                     , 10.0            , 0.1211345315    
          16              , 0.066727488     , 0.00045169428   , 0.0             , 0.0             , 0.0             , -0.0367715369   , -0.00100406569  , 0.0667214623    , 0.0             , 147.727104      , 4797.0          , -13.0060755     , -13.3741604     , -13.4065657     , -12.4927133     , 0.0             , 2.0                     , 10.0            , 0.1144630671    
          17              , 0.0668128449    , 0.00045170328   , 0.0             , 0.0             , 0.0             , -0.0367424526   , -0.00100591874  , 0.0668067991    , 0.0             , 147.913128      , 5164.0          , -13.0055945     , -13.3035471     , -13.3844018     , -12.4848441     , 0.0             , 2.0                     , 10.0            , 0.1144420981    
          18              , 0.0668563982    , 0.000451708285  , 0.0             , 0.0             , 0.0             , -0.0367276116   , -0.00100686385  , 0.0668503422    , 0.0             , 148.007908      , 5515.0          , -13.0042197     , -13.3304475     , -13.3910291     , -12.4943237     , 0.0             , 2.0                     , 10.0            , 0.0998025695    
          19              , 0.0668786614    , 0.000451710945  , 0.0             , 0.0             , 0.0             , -0.0367200252   , -0.00100734686  , 0.0668726001    , 0.0             , 148.056323      , 5848.0          , -13.0041112     , -13.3526963     , -13.4077559     , -12.4943193     , 0.0             , 2.0                     , 10.0            , 0.1042749166    
          20              , 0.0668900515    , 0.000451712331  , 0.0             , 0.0             , 0.0             , -0.0367161439   , -0.00100759395  , 0.0668839875    , 0.0             , 148.081084      , 6162.0          , -13.019155      , -13.4034929     , -13.450197      , -12.5094804     , 0.0             , 2.0                     , 10.0            , 0.092912217     
