"EVALUATION"    , "LIFT"          , "DRAG"          , "SIDEFORCE"     , "MOMENT_X"      , "MOMENT_Y"      , "MOMENT_Z"      , "FORCE_X"       , "FORCE_Y"       , "FORCE_Z"       , "EFFICIENCY"    , "ITERATION"     , "Res_Flow[0]"   , "Res_Flow[1]"   , "Res_Flow[2]"   , "Res_Flow[3]"   , "Res_Flow[4]"   , "Linear_Solver_Iterations", "CFL_Number"    , "Time(min)"
"   
1               , 0.326933955     , 0.0213497664    , 0.0             , 0.0             , 0.0             , 0.0336977414    , 0.0142126591    , 0.327321896     , 0.0             , 15.3132333      , 351.0           , -9.5344671      , -9.63466228     , -9.98116263     , -9.02375017     , 0.0             , 2.0                     , 10.0            , 0.3002313654    
2               , 0.243281278     , 0.00813781873   , 0.0             , 0.0             , 0.0             , 0.00261932459   , 0.00282872905   , 0.243400909     , 0.0             , 29.8951458      , 793.0           , -10.0052172     , -9.94666465     , -10.3134252     , -9.43683206     , 0.0             , 2.0                     , 10.0            , 0.3766843359    
3               , 0.00816117305   , 0.00294093616   , 0.0             , 0.0             , 0.0             , -0.0306034739   , 0.00276220124   , 0.00822338709   , 0.0             , 2.77502557      , 1150.0          , -10.0004572     , -10.2375483     , -10.4526052     , -9.47382079     , 0.0             , 2.0                     , 10.0            , 0.3085872372    
4               , 0.0264029343    , 0.00190425325   , 0.0             , 0.0             , 0.0             , -0.0313907184   , 0.00132782311   , 0.0264381922    , 0.0             , 13.8652432      , 1464.0          , -10.0064115     , -10.135318      , -10.2674613     , -9.45839103     , 0.0             , 2.0                     , 10.0            , 0.2668067694    
5               , 0.0746821869    , 0.000514269154  , 0.0             , 0.0             , 0.0             , -0.0344444571   , -0.00111503655  , 0.0746756332    , 0.0             , 145.220039      , 1906.0          , -10.002582      , -10.4326809     , -10.430454      , -9.49824119     , 0.0             , 2.0                     , 10.0            , 0.381898133     
6               , 0.0794203132    , 0.000507272515  , 0.0             , 0.0             , 0.0             , -0.0350286641   , -0.0012253932   , 0.0794124794    , 0.0             , 156.563407      , 2204.0          , -10.0055373     , -10.1628177     , -10.3212698     , -9.47516855     , 0.0             , 2.0                     , 10.0            , 0.2545055668    
7               , 0.0713740943    , 0.000465207731  , 0.0             , 0.0             , 0.0             , -0.0354888717   , -0.00109192064  , 0.0713672577    , 0.0             , 153.424136      , 2218.0          , -10.0204518     , -10.4739526     , -10.3789036     , -9.52593207     , 0.0             , 2.0                     , 10.0            , 0.2785634995    
8               , 0.0679314424    , 0.000453793935  , 0.0             , 0.0             , 0.0             , -0.0361758479   , -0.00102823066  , 0.0679251761    , 0.0             , 149.696673      , 2543.0          , -10.0047696     , -10.2530657     , -10.3296224     , -9.49488705     , 0.0             , 2.0                     , 10.0            , 0.287202398     
9               , 0.066901111     , 0.0004517132    , 0.0             , 0.0             , 0.0             , -0.0367122139   , -0.00100783434  , 0.0668950444    , 0.0             , 148.105282      , 2824.0          , -10.0009842     , -10.1586183     , -10.3246387     , -9.4688948      , 0.0             , 2.0                     , 10.0            , 0.2392067154    
10              , 0.0529646655    , 0.000464986942  , 0.0             , 0.0             , 0.0             , -0.0414186705   , -0.000690541801 , 0.052962205     , 0.0             , 113.905705      , 3124.0          , -10.0105809     , -10.36456       , -10.3731537     , -9.50782412     , 0.0             , 2.0                     , 10.0            , 0.2561165531    
11              , 0.060975923     , 0.000453936374  , 0.0             , 0.0             , 0.0             , -0.0387206262   , -0.000876354401 , 0.060971315     , 0.0             , 134.327026      , 3098.0          , -10.0047732     , -10.2470707     , -10.3600523     , -9.48742494     , 0.0             , 2.0                     , 10.0            , 0.2358417352    
12              , 0.0641358466    , 0.000452036268  , 0.0             , 0.0             , 0.0             , -0.0376519211   , -0.000947187424 , 0.0641304451    , 0.0             , 141.882081      , 3073.0          , -10.0036374     , -10.411071      , -10.4268907     , -9.50498667     , 0.0             , 2.0                     , 10.0            , 0.212002182     
13              , 0.0655495158    , 0.000451707995  , 0.0             , 0.0             , 0.0             , -0.0371722098   , -0.00097835465  , 0.0655437707    , 0.0             , 145.114801      , 3062.0          , -10.0134681     , -10.2027242     , -10.3433853     , -9.49352246     , 0.0             , 2.0                     , 10.0            , 0.1998795311    
14              , 0.0662251       , 0.000451670148  , 0.0             , 0.0             , 0.0             , -0.0369424681   , -0.000993130281 , 0.0662191934    , 0.0             , 146.622708      , 3280.0          , -10.0046095     , -10.1324294     , -10.319218      , -9.47455324     , 0.0             , 2.0                     , 10.0            , 0.1854602695    
15              , 0.0665590629    , 0.000451680827  , 0.0             , 0.0             , 0.0             , -0.0368287719   , -0.00100040497  , 0.066553077     , 0.0             , 147.358619      , 3482.0          , -10.0030062     , -10.0178062     , -10.2816557     , -9.44976074     , 0.0             , 2.0                     , 10.0            , 0.1735563835    
16              , 0.0667270136    , 0.000451693026  , 0.0             , 0.0             , 0.0             , -0.0367715638   , -0.00100405659  , 0.066720988     , 0.0             , 147.726464      , 3665.0          , -10.0053304     , -9.97124941     , -10.2546314     , -9.43927281     , 0.0             , 2.0                     , 10.0            , 0.1545371016    
17              , 0.0668121321    , 0.00045170266   , 0.0             , 0.0             , 0.0             , -0.0367425507   , -0.00100590381  , 0.0668060865    , 0.0             , 147.911753      , 3824.0          , -10.0067968     , -10.074942      , -10.2779673     , -9.46494593     , 0.0             , 2.0                     , 10.0            , 0.1343755007    
18              , 0.0668555866    , 0.000451707417  , 0.0             , 0.0             , 0.0             , -0.0367277328   , -0.00100684701  , 0.0668495307    , 0.0             , 148.006395      , 3966.0          , -10.0115957     , -10.2592304     , -10.3343551     , -9.50347785     , 0.0             , 2.0                     , 10.0            , 0.1191605488    
19              , 0.0668777779    , 0.00045170998   , 0.0             , 0.0             , 0.0             , -0.036720169    , -0.00100732855  , 0.0668717168    , 0.0             , 148.054683      , 4096.0          , -10.0140731     , -10.3654816     , -10.4013736     , -9.52026585     , 0.0             , 2.0                     , 10.0            , 0.1149447362    
20              , 0.0668891252    , 0.000451711485  , 0.0             , 0.0             , 0.0             , -0.0367163      , -0.00100757459  , 0.0668830614    , 0.0             , 148.07931       , 4216.0          , -10.0198785     , -10.2167009     , -10.3407282     , -9.50522059     , 0.0             , 2.0                     , 10.0            , 0.10432175      
