-4.088769747753142302e-03
5.984162593253225526e-04
3.395272270377532389e-03
-9.442302630763945923e-03
6.750519088590490810e-03
-4.689007770108775605e-03
2.065210740669502776e-03
-6.381284593211964881e-03
8.782501883938946194e-03
-9.330765877507194925e-03
-6.041441756951415436e-03
-6.790461551175974893e-03
4.568034965538356196e-03
3.314857939799615780e-03
1.749739331466257375e-03
-6.470513224644698462e-03
-5.755089116912637248e-03
1.622376358392305443e-03
8.519296972524239078e-03
-2.666267611899529252e-03
-3.321449665904059080e-03
6.292704400606476470e-03
3.811946244258717503e-03
-7.275090711413063557e-03
1.362933009876330856e-03
6.386861582751110142e-03
8.116620470295475911e-03
4.488275950456095675e-03
3.734926769154382070e-04
-4.240226030009670681e-03
