3.029171263900000063e-02
1.532004557899999987e-02
1.065209796099999759e-02
4.834817848000000015e-03
5.143538628999999238e-03
5.368655861999999113e-03
4.787501938000000151e-03
5.070993427999999359e-03
3.887551371999999755e-03
4.373588215999999439e-03
4.038313768999999068e-03
4.297568442000000710e-03
6.163822247000001406e-03
5.523926050999999546e-03
2.746197061999999887e-03
4.121329444000000793e-03
3.923059320000000030e-03
3.777379617000000550e-03
4.156345737000000616e-03
4.718298824999999849e-03
