4.901813290000000232e-03
4.819357570000000132e-03
4.526990019999999754e-03
2.285919930000000159e-03
2.338857550000000146e-03
3.445874279999999994e-03
2.578532509999999830e-03
1.490344329999999983e-03
1.490344329999999983e-03
1.486474719999999940e-03
1.716481749999999992e-03
1.232385259999999949e-03
1.232385259999999949e-03
1.620660390000000072e-03
1.117335539999999910e-03
1.607024459999999979e-03
1.382938970000000033e-03
1.464852239999999903e-03
2.143090179999999987e-03
1.841917269999999995e-03
