-3.815065227023441575e-03
2.314605618948974500e-03
-1.040553490467836101e-03
-1.424181377475553043e-03
-3.253028255177232032e-03
-2.829722250473804684e-03
1.294545253314239620e-03
8.393809343187515204e-04
9.089180434941708173e-04
-3.493235914376966421e-03
2.822551222774897887e-03
2.479998492713411488e-03
-9.757051523802198756e-04
1.598242706910439626e-03
-6.543686324185058086e-04
-3.961986266156464730e-04
-5.779114891905218210e-05
-3.291774352004028705e-03
-1.698601599038124764e-03
-3.019399325880064121e-03
-1.698044656118131730e-03
-2.215172756793759232e-03
9.041092219773472563e-04
1.221911390775483157e-03
-7.323625763636246525e-04
-3.974088639149830904e-05
-2.879297814953663860e-03
-1.380275214093026111e-03
1.880544933804432703e-03
-2.221682309510362649e-03
-8.876772862307291331e-04
6.423359477950758845e-04
-1.866394577478130805e-03
-1.152295636312316435e-04
2.311560725358225571e-05
1.596200646856674871e-03
2.990211550553469565e-03
-1.785660497982615325e-03
