TITLE = "SU2 Simulation"
VARIABLES = "Iteration","Sens_Geo","Sens_Mach","Sens_AoA","Sens_Press","Sens_Temp","Sens_AoS","Res_AdjFlow[0]","Res_AdjFlow[1]","Res_AdjFlow[2]","Res_AdjFlow[3]","Res_AdjFlow[4]","Linear_Solver_Iterations","CFL_Number","Time(min)"
ZONE T= "Convergence history"
         244, 6.51482748e-01, 5.26476938e-01, 1.75396718e-02, 2.20490821e-02, 4.32527682e-01, 0.0, -4.37650860e+00, -4.06664004e+00, -3.70285404e+00, -4.65422684e+00, 0.0, 2.0000000000, 8.0000000000, 0.0011869311
         245, 9.19718899e-01, 5.05880118e-01, 1.75611779e-02, -9.00336988e-04, 4.09670693e-01, 0.0, -4.01649263e+00, -4.04672286e+00, -4.00468047e+00, -4.19487320e+00, 0.0, 2.0000000000, 8.0000000000, 0.0016859174
         246, 1.10714569e+00, 5.06167433e-01, 1.76363248e-02, -4.53785736e-03, 4.13832413e-01, 0.0, -3.87480863e+00, -3.92368558e+00, -3.93842331e+00, -4.32986372e+00, 0.0, 2.0000000000, 8.0000000000, 0.0022422473
         247, 1.15564350e+00, 5.05347732e-01, 1.76416635e-02, -2.00274385e-03, 4.17984954e-01, 0.0, -3.93381818e+00, -3.92628415e+00, -4.20667451e+00, -4.45009903e+00, 0.0, 2.0000000000, 8.0000000000, 0.0027434826
         248, 1.08285478e+00, 4.97270620e-01, 1.75023667e-02, -3.63059601e-03, 4.13475516e-01, 0.0, -4.09120077e+00, -4.00296242e+00, -4.17462008e+00, -4.53906311e+00, 0.0, 2.0000000000, 8.0000000000, 0.0032343666
         249, 9.89941007e-01, 4.83788062e-01, 1.72164285e-02, -8.72928515e-03, 4.02115110e-01, 0.0, -4.12545845e+00, -3.99000604e+00, -4.14737778e+00, -4.55784433e+00, 0.0, 2.0000000000, 8.0000000000, 0.0037198663
         250, 9.26218725e-01, 4.70636125e-01, 1.68590828e-02, -1.18456462e-02, 3.91035666e-01, 0.0, -4.08877578e+00, -3.95009123e+00, -4.15396397e+00, -4.51782627e+00, 0.0, 2.0000000000, 8.0000000000, 0.0042087475
         251, 9.04213543e-01, 4.54985430e-01, 1.64791763e-02, -1.54985782e-02, 3.77135542e-01, 0.0, -4.05976945e+00, -3.91276058e+00, -4.18122888e+00, -4.51421171e+00, 0.0, 2.0000000000, 8.0000000000, 0.0047175169
         252, 8.87505161e-01, 4.39553177e-01, 1.61095411e-02, -1.75296836e-02, 3.64215717e-01, 0.0, -4.00718209e+00, -3.84422855e+00, -4.13943520e+00, -4.42229940e+00, 0.0, 2.0000000000, 8.0000000000, 0.0052122315
         253, 8.60853772e-01, 4.25357314e-01, 1.57609877e-02, -1.71804801e-02, 3.53466477e-01, 0.0, -3.98154874e+00, -3.80153880e+00, -4.11886232e+00, -4.36577746e+00, 0.0, 2.0000000000, 8.0000000000, 0.0056995988
         254, 8.29562960e-01, 4.06816875e-01, 1.54193054e-02, -1.99002453e-02, 3.38230882e-01, 0.0, -3.94599401e+00, -3.75078378e+00, -4.06695284e+00, -4.29818692e+00, 0.0, 2.0000000000, 8.0000000000, 0.0061935147
         255, 8.02766829e-01, 3.89038640e-01, 1.50927104e-02, -2.06710618e-02, 3.24489846e-01, 0.0, -3.91956245e+00, -3.71440807e+00, -4.03625066e+00, -4.25286956e+00, 0.0, 2.0000000000, 8.0000000000, 0.0066822171
         256, 7.80992251e-01, 3.74206609e-01, 1.47778269e-02, -1.70364332e-02, 3.14488256e-01, 0.0, -3.91552676e+00, -3.69510183e+00, -4.02425554e+00, -4.23360037e+00, 0.0, 2.0000000000, 8.0000000000, 0.0071941177
         257, 7.63538336e-01, 3.60393016e-01, 1.44790825e-02, -1.13744577e-02, 3.05606899e-01, 0.0, -3.91637131e+00, -3.67728490e+00, -4.01173906e+00, -4.21881475e+00, 0.0, 2.0000000000, 8.0000000000, 0.0077798168
         258, 7.55788055e-01, 3.43693103e-01, 1.42014813e-02, -8.14434624e-03, 2.92921129e-01, 0.0, -3.92774794e+00, -3.66759971e+00, -4.00499407e+00, -4.21496475e+00, 0.0, 2.0000000000, 8.0000000000, 0.0083344976
         259, 7.58135681e-01, 3.29772412e-01, 1.39605273e-02, -2.15349135e-03, 2.83020746e-01, 0.0, -3.94875986e+00, -3.67230685e+00, -4.00937349e+00, -4.22777236e+00, 0.0, 2.0000000000, 8.0000000000, 0.0088306506
         260, 7.63789751e-01, 3.16667847e-01, 1.37503238e-02, 4.59112302e-03, 2.73316522e-01, 0.0, -3.99204200e+00, -3.69372812e+00, -4.04632647e+00, -4.27520681e+00, 0.0, 2.0000000000, 8.0000000000, 0.0093129158
         261, 7.68687460e-01, 3.03460485e-01, 1.35665560e-02, 1.04811728e-02, 2.62558996e-01, 0.0, -4.03819527e+00, -3.72226316e+00, -4.10231019e+00, -4.33126851e+00, 0.0, 2.0000000000, 8.0000000000, 0.0098160823
         262, 7.72730608e-01, 2.91040660e-01, 1.34123434e-02, 1.56217178e-02, 2.51727600e-01, 0.0, -4.08557295e+00, -3.75738732e+00, -4.16824634e+00, -4.39019100e+00, 0.0, 2.0000000000, 8.0000000000, 0.0103295485
         263, 7.76615825e-01, 2.80257316e-01, 1.32913590e-02, 2.01959014e-02, 2.41805402e-01, 0.0, -4.13720828e+00, -3.80033714e+00, -4.24153645e+00, -4.45501883e+00, 0.0, 2.0000000000, 8.0000000000, 0.0108296156
         264, 7.81128659e-01, 2.71610261e-01, 1.32026363e-02, 2.40577930e-02, 2.33393879e-01, 0.0, -4.19290679e+00, -3.85147965e+00, -4.31787283e+00, -4.52503173e+00, 0.0, 2.0000000000, 8.0000000000, 0.0115070502
         265, 7.86485822e-01, 2.65453327e-01, 1.31425857e-02, 2.69316738e-02, 2.26946054e-01, 0.0, -4.24752672e+00, -3.90962687e+00, -4.39066795e+00, -4.59651102e+00, 0.0, 2.0000000000, 8.0000000000, 0.0119936824
         266, 7.92367331e-01, 2.61992183e-01, 1.31079648e-02, 2.85153045e-02, 2.22776326e-01, 0.0, -4.29179327e+00, -3.97067471e+00, -4.45145670e+00, -4.66139805e+00, 0.0, 2.0000000000, 8.0000000000, 0.0124641816
         267, 7.98052940e-01, 2.61197596e-01, 1.30960342e-02, 2.85727952e-02, 2.20970059e-01, 0.0, -4.31830157e+00, -4.02786172e+00, -4.49167664e+00, -4.71033852e+00, 0.0, 2.0000000000, 8.0000000000, 0.0129352172
         268, 8.03125638e-01, 2.62812623e-01, 1.31035540e-02, 2.70758486e-02, 2.21375668e-01, 0.0, -4.32692430e+00, -4.07399093e+00, -4.50873300e+00, -4.73868958e+00, 0.0, 2.0000000000, 8.0000000000, 0.0134295662
         269, 8.07661140e-01, 2.66550882e-01, 1.31266541e-02, 2.43479641e-02, 2.23807983e-01, 0.0, -4.32352604e+00, -4.10511103e+00, -4.50836946e+00, -4.74863678e+00, 0.0, 2.0000000000, 8.0000000000, 0.0139132341
         270, 8.11942566e-01, 2.72159488e-01, 1.31613134e-02, 2.09658864e-02, 2.28107439e-01, 0.0, -4.31439217e+00, -4.12175028e+00, -4.49868938e+00, -4.74544380e+00, 0.0, 2.0000000000, 8.0000000000, 0.0144071976
         271, 8.16003010e-01, 2.79326325e-01, 1.32035809e-02, 1.75137395e-02, 2.34028451e-01, 0.0, -4.30478356e+00, -4.12757189e+00, -4.48641626e+00, -4.73531903e+00, 0.0, 2.0000000000, 8.0000000000, 0.0148967822
         272, 8.19291551e-01, 2.87619241e-01, 1.32496944e-02, 1.44075730e-02, 2.41168771e-01, 0.0, -4.29941971e+00, -4.12782451e+00, -4.47678894e+00, -4.72491899e+00, 0.0, 2.0000000000, 8.0000000000, 0.0153888504
         273, 8.20812852e-01, 2.96514079e-01, 1.32963496e-02, 1.18492343e-02, 2.49004927e-01, 0.0, -4.30237198e+00, -4.12797641e+00, -4.47369391e+00, -4.72020803e+00, 0.0, 2.0000000000, 8.0000000000, 0.0158736984
         274, 8.19566837e-01, 3.05468031e-01, 1.33410003e-02, 9.86636845e-03, 2.56981805e-01, 0.0, -4.31664688e+00, -4.13259121e+00, -4.47950900e+00, -4.72552763e+00, 0.0, 2.0000000000, 8.0000000000, 0.0163644989
         275, 8.14859541e-01, 3.13991581e-01, 1.33819730e-02, 8.38750102e-03, 2.64599529e-01, 0.0, -4.34389306e+00, -4.14473653e+00, -4.49505886e+00, -4.74337748e+00, 0.0, 2.0000000000, 8.0000000000, 0.0168537656
         276, 8.06319111e-01, 3.21688175e-01, 1.34183115e-02, 7.30913208e-03, 2.71460002e-01, 0.0, -4.38433678e+00, -4.16600030e+00, -4.52003004e+00, -4.77468951e+00, 0.0, 2.0000000000, 8.0000000000, 0.0173325976
         277, 7.93764077e-01, 3.28256767e-01, 1.34494486e-02, 6.53351873e-03, 2.77268077e-01, 0.0, -4.43694004e+00, -4.19695724e+00, -4.55376650e+00, -4.81940109e+00, 0.0, 2.0000000000, 8.0000000000, 0.0178241491
         278, 7.76564829e-01, 3.33784233e-01, 1.34756673e-02, 6.27410346e-03, 2.82184079e-01, 0.0, -4.49957937e+00, -4.23787081e+00, -4.59582914e+00, -4.87743497e+00, 0.0, 2.0000000000, 8.0000000000, 0.0183130503
         279, 7.63656757e-01, 3.38324609e-01, 1.34975120e-02, 6.81536128e-03, 2.86328388e-01, 0.0, -4.56856749e+00, -4.28909583e+00, -4.64425633e+00, -4.94832019e+00, 0.0, 2.0000000000, 8.0000000000, 0.0188089808
         280, 7.48527688e-01, 3.40003126e-01, 1.35068554e-02, 6.28925292e-03, 2.87439082e-01, 0.0, -4.60970424e+00, -4.32572979e+00, -4.64774663e+00, -4.95290752e+00, 0.0, 2.0000000000, 8.0000000000, 0.0193108678
         281, 7.29264534e-01, 3.40692083e-01, 1.35051785e-02, 6.55807855e-03, 2.87781893e-01, 0.0, -4.64896932e+00, -4.38032210e+00, -4.67510934e+00, -5.01504041e+00, 0.0, 2.0000000000, 8.0000000000, 0.0197685838
         282, 7.11846325e-01, 3.39843363e-01, 1.34949850e-02, 6.85496318e-03, 2.86669816e-01, 0.0, -4.67269620e+00, -4.43482584e+00, -4.70796456e+00, -5.06954367e+00, 0.0, 2.0000000000, 8.0000000000, 0.0202503483
         283, 6.98436608e-01, 3.38232293e-01, 1.34791411e-02, 7.57606478e-03, 2.84975607e-01, 0.0, -4.66825545e+00, -4.47075617e+00, -4.72100331e+00, -5.08242339e+00, 0.0, 2.0000000000, 8.0000000000, 0.0207079331
         284, 6.88518995e-01, 3.35974830e-01, 1.34595165e-02, 8.42651240e-03, 2.82777767e-01, 0.0, -4.66716124e+00, -4.49869296e+00, -4.72741118e+00, -5.08805567e+00, 0.0, 2.0000000000, 8.0000000000, 0.0211653153
         285, 6.80233248e-01, 3.33316287e-01, 1.34356575e-02, 9.28892375e-03, 2.80306800e-01, 0.0, -4.66285158e+00, -4.51566814e+00, -4.72709046e+00, -5.08640316e+00, 0.0, 2.0000000000, 8.0000000000, 0.0216074983
         286, 6.73353893e-01, 3.30390188e-01, 1.34074992e-02, 9.99839369e-03, 2.77661123e-01, 0.0, -4.66552659e+00, -4.52821853e+00, -4.72954222e+00, -5.08561574e+00, 0.0, 2.0000000000, 8.0000000000, 0.0220584154
         287, 6.68204017e-01, 3.27365286e-01, 1.33761807e-02, 1.04971467e-02, 2.74984527e-01, 0.0, -4.67601141e+00, -4.53922995e+00, -4.73502954e+00, -5.08823104e+00, 0.0, 2.0000000000, 8.0000000000, 0.0225245992
         288, 6.65177551e-01, 3.24432483e-01, 1.33437337e-02, 1.08134163e-02, 2.72448620e-01, 0.0, -4.69755264e+00, -4.55296377e+00, -4.74571604e+00, -5.09871191e+00, 0.0, 2.0000000000, 8.0000000000, 0.0229822477
         289, 6.64278776e-01, 3.21779634e-01, 1.33120802e-02, 1.10322760e-02, 2.70223362e-01, 0.0, -4.73054492e+00, -4.57161646e+00, -4.76179666e+00, -5.11869974e+00, 0.0, 2.0000000000, 8.0000000000, 0.0234515985
         290, 6.65254219e-01, 3.19552351e-01, 1.32825357e-02, 1.12331716e-02, 2.68431880e-01, 0.0, -4.77476739e+00, -4.59687912e+00, -4.78314336e+00, -5.14850697e+00, 0.0, 2.0000000000, 8.0000000000, 0.0239292979
         291, 6.67727221e-01, 3.17868556e-01, 1.32559421e-02, 1.14876631e-02, 2.67171568e-01, 0.0, -4.82749809e+00, -4.62935807e+00, -4.80847976e+00, -5.18683912e+00, 0.0, 2.0000000000, 8.0000000000, 0.0244513671
         292, 6.71376344e-01, 3.16761860e-01, 1.32328425e-02, 1.18141229e-02, 2.66449479e-01, 0.0, -4.88311030e+00, -4.66854577e+00, -4.83616806e+00, -5.23131169e+00, 0.0, 2.0000000000, 8.0000000000, 0.0249227166
         293, 6.75465876e-01, 3.16208675e-01, 1.32139180e-02, 1.21776521e-02, 2.66211343e-01, 0.0, -4.93420931e+00, -4.71500428e+00, -4.86730186e+00, -5.28532480e+00, 0.0, 2.0000000000, 8.0000000000, 0.0253952344
         294, 6.79236024e-01, 3.15785581e-01, 1.31996280e-02, 1.20749806e-02, 2.65948955e-01, 0.0, -4.95951942e+00, -4.75126696e+00, -4.88417406e+00, -5.30460819e+00, 0.0, 2.0000000000, 8.0000000000, 0.0258781830
         295, 6.83045883e-01, 3.15725211e-01, 1.31887974e-02, 1.17897802e-02, 2.65949496e-01, 0.0, -4.98617469e+00, -4.78705306e+00, -4.90328865e+00, -5.32309113e+00, 0.0, 2.0000000000, 8.0000000000, 0.0263375322
         296, 6.86755213e-01, 3.16233763e-01, 1.31822208e-02, 1.16737765e-02, 2.66482942e-01, 0.0, -4.99892744e+00, -4.81955734e+00, -4.91944516e+00, -5.34551883e+00, 0.0, 2.0000000000, 8.0000000000, 0.0268013676
         297, 6.89599138e-01, 3.17081127e-01, 1.31796015e-02, 1.16315872e-02, 2.67302593e-01, 0.0, -4.99577805e+00, -4.83696800e+00, -4.92751770e+00, -5.34940461e+00, 0.0, 2.0000000000, 8.0000000000, 0.0272674640
         298, 6.91415850e-01, 3.18035619e-01, 1.31799405e-02, 1.15105028e-02, 2.68154983e-01, 0.0, -4.99205652e+00, -4.84582758e+00, -4.93265858e+00, -5.34810109e+00, 0.0, 2.0000000000, 8.0000000000, 0.0277257999
         299, 6.92501042e-01, 3.19046316e-01, 1.31825624e-02, 1.13238408e-02, 2.69002948e-01, 0.0, -4.99694004e+00, -4.85428725e+00, -4.94279756e+00, -5.35345124e+00, 0.0, 2.0000000000, 8.0000000000, 0.0281945984
         300, 6.92967100e-01, 3.20105948e-01, 1.31869191e-02, 1.11348311e-02, 2.69865152e-01, 0.0, -5.01026573e+00, -4.86365628e+00, -4.95697402e+00, -5.36318343e+00, 0.0, 2.0000000000, 8.0000000000, 0.0286674341
         301, 6.92782787e-01, 3.21174127e-01, 1.31922213e-02, 1.09704368e-02, 2.70722225e-01, 0.0, -5.03245959e+00, -4.87546248e+00, -4.97334860e+00, -5.37649748e+00, 0.0, 2.0000000000, 8.0000000000, 0.0291498502
         302, 6.91941143e-01, 3.22188643e-01, 1.31976235e-02, 1.08216364e-02, 2.71526790e-01, 0.0, -5.06325492e+00, -4.89131905e+00, -4.99149933e+00, -5.39488237e+00, 0.0, 2.0000000000, 8.0000000000, 0.0295806011
         303, 6.90518962e-01, 3.23096463e-01, 1.32025310e-02, 1.06755333e-02, 2.72238046e-01, 0.0, -5.10145891e+00, -4.91213834e+00, -5.01200957e+00, -5.41898362e+00, 0.0, 2.0000000000, 8.0000000000, 0.0300236344
         304, 6.88632189e-01, 3.23867144e-01, 1.32066746e-02, 1.05345831e-02, 2.72836778e-01, 0.0, -5.14502674e+00, -4.93828131e+00, -5.03503967e+00, -5.44816723e+00, 0.0, 2.0000000000, 8.0000000000, 0.0304738323
         305, 6.86388302e-01, 3.24499016e-01, 1.32099911e-02, 1.04241493e-02, 2.73332694e-01, 0.0, -5.19103999e+00, -4.96961062e+00, -5.06002574e+00, -5.48120309e+00, 0.0, 2.0000000000, 8.0000000000, 0.0309771339
         306, 6.84164185e-01, 3.25347934e-01, 1.32133606e-02, 1.07029019e-02, 2.74160545e-01, 0.0, -5.23597950e+00, -5.00522178e+00, -5.08624748e+00, -5.51675554e+00, 0.0, 2.0000000000, 8.0000000000, 0.0314322829
         307, 6.81886382e-01, 3.25285110e-01, 1.32138643e-02, 1.02932396e-02, 2.73963386e-01, 0.0, -5.26229606e+00, -5.03276153e+00, -5.10071373e+00, -5.52524999e+00, 0.0, 2.0000000000, 8.0000000000, 0.0318946004
         308, 6.79735165e-01, 3.25312645e-01, 1.32126712e-02, 1.01546773e-02, 2.73945387e-01, 0.0, -5.29522044e+00, -5.07170919e+00, -5.12790931e+00, -5.56970255e+00, 0.0, 2.0000000000, 8.0000000000, 0.0323412816
         309, 6.77640191e-01, 3.25203085e-01, 1.32102769e-02, 1.00881988e-02, 2.73827511e-01, 0.0, -5.32002503e+00, -5.10643918e+00, -5.15432680e+00, -5.59887464e+00, 0.0, 2.0000000000, 8.0000000000, 0.0327696840
         310, 6.75665783e-01, 3.25080837e-01, 1.32067166e-02, 1.02021538e-02, 2.73749434e-01, 0.0, -5.33403099e+00, -5.13466476e+00, -5.17670097e+00, -5.62159997e+00, 0.0, 2.0000000000, 8.0000000000, 0.0332178315
         311, 6.74195576e-01, 3.24713012e-01, 1.32022984e-02, 1.01896792e-02, 2.73418854e-01, 0.0, -5.35717699e+00, -5.16149508e+00, -5.20035426e+00, -5.64383436e+00, 0.0, 2.0000000000, 8.0000000000, 0.0336754004
         312, 6.72985734e-01, 3.24333002e-01, 1.31970142e-02, 1.02606029e-02, 2.73103745e-01, 0.0, -5.36342018e+00, -5.17596625e+00, -5.21660210e+00, -5.65302765e+00, 0.0, 2.0000000000, 8.0000000000, 0.0341283003
         313, 6.72114745e-01, 3.23880579e-01, 1.31913520e-02, 1.03117256e-02, 2.72720414e-01, 0.0, -5.38688842e+00, -5.19387388e+00, -5.23772849e+00, -5.67199305e+00, 0.0, 2.0000000000, 8.0000000000, 0.0345855316
         314, 6.71360784e-01, 3.23441562e-01, 1.31850996e-02, 1.04093776e-02, 2.72364399e-01, 0.0, -5.39945471e+00, -5.20458866e+00, -5.25545163e+00, -5.68365126e+00, 0.0, 2.0000000000, 8.0000000000, 0.0350550652
         315, 6.70873001e-01, 3.22986373e-01, 1.31786557e-02, 1.04837749e-02, 2.71991875e-01, 0.0, -5.42774389e+00, -5.22119943e+00, -5.27899368e+00, -5.70472899e+00, 0.0, 2.0000000000, 8.0000000000, 0.0355169177
         316, 6.70566871e-01, 3.22567684e-01, 1.31721479e-02, 1.05685309e-02, 2.71659337e-01, 0.0, -5.45283401e+00, -5.23693258e+00, -5.30146988e+00, -5.72423751e+00, 0.0, 2.0000000000, 8.0000000000, 0.0359592994
         317, 6.70471278e-01, 3.22174427e-01, 1.31659985e-02, 1.06286081e-02, 2.71346472e-01, 0.0, -5.48642567e+00, -5.25713826e+00, -5.32643314e+00, -5.74855950e+00, 0.0, 2.0000000000, 8.0000000000, 0.0364118656
         318, 6.70502341e-01, 3.21853443e-01, 1.31603116e-02, 1.07017084e-02, 2.71104344e-01, 0.0, -5.51887894e+00, -5.27910313e+00, -5.35206171e+00, -5.77420858e+00, 0.0, 2.0000000000, 8.0000000000, 0.0368778825
         319, 6.70618498e-01, 3.21580917e-01, 1.31552676e-02, 1.07554817e-02, 2.70900974e-01, 0.0, -5.55357254e+00, -5.30420800e+00, -5.37865759e+00, -5.80179652e+00, 0.0, 2.0000000000, 8.0000000000, 0.0373212337
         320, 6.70773142e-01, 3.21428435e-01, 1.31509541e-02, 1.08595693e-02, 2.70820452e-01, 0.0, -5.58794774e+00, -5.33293272e+00, -5.40750286e+00, -5.83413983e+00, 0.0, 2.0000000000, 8.0000000000, 0.0377659480
         321, 6.70916844e-01, 3.21322732e-01, 1.31474219e-02, 1.09449343e-02, 2.70774628e-01, 0.0, -5.61748398e+00, -5.36357627e+00, -5.43644123e+00, -5.86805883e+00, 0.0, 2.0000000000, 8.0000000000, 0.0382059495
         322, 6.71079280e-01, 3.21307157e-01, 1.31447439e-02, 1.10408627e-02, 2.70816349e-01, 0.0, -5.64136764e+00, -5.39227980e+00, -5.46259397e+00, -5.89517078e+00, 0.0, 2.0000000000, 8.0000000000, 0.0386621833
         323, 6.71130766e-01, 3.21114250e-01, 1.31420127e-02, 1.09131850e-02, 2.70628041e-01, 0.0, -5.65269425e+00, -5.41364934e+00, -5.48009744e+00, -5.90349276e+00, 0.0, 2.0000000000, 8.0000000000, 0.0391464670
         324, 6.71214652e-01, 3.21036299e-01, 1.31397108e-02, 1.08514230e-02, 2.70561970e-01, 0.0, -5.69496009e+00, -5.44847241e+00, -5.51341731e+00, -5.94420905e+00, 0.0, 2.0000000000, 8.0000000000, 0.0396146973
         325, 6.71205125e-01, 3.21035722e-01, 1.31381656e-02, 1.08376569e-02, 2.70576891e-01, 0.0, -5.71672224e+00, -5.47840674e+00, -5.54045207e+00, -5.97250574e+00, 0.0, 2.0000000000, 8.0000000000, 0.0400729338
         326, 6.71079082e-01, 3.21059523e-01, 1.31371314e-02, 1.08257694e-02, 2.70612090e-01, 0.0, -5.74111441e+00, -5.50671073e+00, -5.56353886e+00, -5.99447127e+00, 0.0, 2.0000000000, 8.0000000000, 0.0405428330
         327, 6.71057657e-01, 3.21197279e-01, 1.31367465e-02, 1.09041523e-02, 2.70777353e-01, 0.0, -5.76996159e+00, -5.53730100e+00, -5.58951055e+00, -6.02271637e+00, 0.0, 2.0000000000, 8.0000000000, 0.0410873493
         328, 6.70844719e-01, 3.21146051e-01, 1.31361055e-02, 1.08024017e-02, 2.70711408e-01, 0.0, -5.76361045e+00, -5.54930220e+00, -5.59524471e+00, -6.01303572e+00, 0.0, 2.0000000000, 8.0000000000, 0.0415476998
         329, 6.70583614e-01, 3.21113164e-01, 1.31355100e-02, 1.07189212e-02, 2.70665092e-01, 0.0, -5.81184018e+00, -5.58669270e+00, -5.63130977e+00, -6.06000355e+00, 0.0, 2.0000000000, 8.0000000000, 0.0419923147
         330, 6.70293908e-01, 3.21202774e-01, 1.31354790e-02, 1.07637324e-02, 2.70766027e-01, 0.0, -5.84730014e+00, -5.62109468e+00, -5.66492845e+00, -6.10041459e+00, 0.0, 2.0000000000, 8.0000000000, 0.0425103982
         331, 6.70130477e-01, 3.21143391e-01, 1.31354603e-02, 1.06771690e-02, 2.70689843e-01, 0.0, -5.85961169e+00, -5.64244788e+00, -5.68157455e+00, -6.10799380e+00, 0.0, 2.0000000000, 8.0000000000, 0.0429780483
         332, 6.69772215e-01, 3.21035297e-01, 1.31349525e-02, 1.05468003e-02, 2.70557959e-01, 0.0, -5.89890319e+00, -5.67252038e+00, -5.70973778e+00, -6.13887171e+00, 0.0, 2.0000000000, 8.0000000000, 0.0434546312
         333, 6.69284817e-01, 3.21142048e-01, 1.31346155e-02, 1.06592332e-02, 2.70687665e-01, 0.0, -5.93871305e+00, -5.71010402e+00, -5.74095247e+00, -6.18275390e+00, 0.0, 2.0000000000, 8.0000000000, 0.0439509153
         334, 6.68875393e-01, 3.21133918e-01, 1.31346137e-02, 1.06801099e-02, 2.70683819e-01, 0.0, -5.95486606e+00, -5.73193033e+00, -5.76000956e+00, -6.18872825e+00, 0.0, 2.0000000000, 8.0000000000, 0.0444555004
         335, 6.68539759e-01, 3.20989682e-01, 1.31340295e-02, 1.05661500e-02, 2.70520858e-01, 0.0, -5.98020895e+00, -5.75580351e+00, -5.78396025e+00, -6.21070743e+00, 0.0, 2.0000000000, 8.0000000000, 0.0449621677
         336, 6.68279224e-01, 3.20944584e-01, 1.31332646e-02, 1.05667872e-02, 2.70480448e-01, 0.0, -6.00569700e+00, -5.78422846e+00, -5.81045734e+00, -6.24380499e+00, 0.0, 2.0000000000, 8.0000000000, 0.0454622507
         337, 6.67891272e-01, 3.20885115e-01, 1.31324543e-02, 1.05708307e-02, 2.70425956e-01, 0.0, -6.04522235e+00, -5.81487873e+00, -5.84263259e+00, -6.27884409e+00, 0.0, 2.0000000000, 8.0000000000, 0.0459612489
         338, 6.67539915e-01, 3.20841982e-01, 1.31314790e-02, 1.06062303e-02, 2.70394006e-01, 0.0, -6.06570956e+00, -5.83978473e+00, -5.86926258e+00, -6.30357919e+00, 0.0, 2.0000000000, 8.0000000000, 0.0464606325
         339, 6.67270269e-01, 3.20760776e-01, 1.31305136e-02, 1.06038580e-02, 2.70318414e-01, 0.0, -6.10201984e+00, -5.86793438e+00, -5.89726131e+00, -6.33061149e+00, 0.0, 2.0000000000, 8.0000000000, 0.0469481985
         340, 6.67072599e-01, 3.20694425e-01, 1.31294754e-02, 1.06169535e-02, 2.70261628e-01, 0.0, -6.12161059e+00, -5.89017948e+00, -5.92139845e+00, -6.35104783e+00, 0.0, 2.0000000000, 8.0000000000, 0.0474481980
         341, 6.66916706e-01, 3.20625718e-01, 1.31284358e-02, 1.06255413e-02, 2.70201613e-01, 0.0, -6.15573210e+00, -5.91579291e+00, -5.94875219e+00, -6.37921143e+00, 0.0, 2.0000000000, 8.0000000000, 0.0479432146
         342, 6.66777236e-01, 3.20567261e-01, 1.31272712e-02, 1.06420097e-02, 2.70152781e-01, 0.0, -6.17659514e+00, -5.93724763e+00, -5.97329008e+00, -6.40094130e+00, 0.0, 2.0000000000, 8.0000000000, 0.0484235168
         343, 6.66675695e-01, 3.20511942e-01, 1.31260893e-02, 1.06549524e-02, 2.70105885e-01, 0.0, -6.21165584e+00, -5.96459867e+00, -6.00225016e+00, -6.43088022e+00, 0.0, 2.0000000000, 8.0000000000, 0.0489142815
         344, 6.66616156e-01, 3.20467494e-01, 1.31248887e-02, 1.06690268e-02, 2.70069714e-01, 0.0, -6.24169414e+00, -5.99182538e+00, -6.03019313e+00, -6.45898370e+00, 0.0, 2.0000000000, 8.0000000000, 0.0493939320
         345, 6.66589976e-01, 3.20429521e-01, 1.31237608e-02, 1.06787351e-02, 2.70038409e-01, 0.0, -6.27531353e+00, -6.02117164e+00, -6.05860460e+00, -6.48826475e+00, 0.0, 2.0000000000, 8.0000000000, 0.0498810331
         346, 6.66594896e-01, 3.20414794e-01, 1.31227147e-02, 1.06979055e-02, 2.70031635e-01, 0.0, -6.30676968e+00, -6.05143964e+00, -6.08734696e+00, -6.51840311e+00, 0.0, 2.0000000000, 8.0000000000, 0.0503554662
         347, 6.66577022e-01, 3.20391044e-01, 1.31217340e-02, 1.06985529e-02, 2.70010532e-01, 0.0, -6.33279214e+00, -6.07998687e+00, -6.11402710e+00, -6.54395566e+00, 0.0, 2.0000000000, 8.0000000000, 0.0508265654
         348, 6.66574284e-01, 3.20390456e-01, 1.31208615e-02, 1.07093198e-02, 2.70013774e-01, 0.0, -6.36372166e+00, -6.11226316e+00, -6.14432447e+00, -6.57832675e+00, 0.0, 2.0000000000, 8.0000000000, 0.0512991985
         349, 6.66592838e-01, 3.20392701e-01, 1.31201486e-02, 1.07123426e-02, 2.70017310e-01, 0.0, -6.37910413e+00, -6.13823600e+00, -6.16907422e+00, -6.60081486e+00, 0.0, 2.0000000000, 8.0000000000, 0.0517662485
         350, 6.66620678e-01, 3.20400637e-01, 1.31194997e-02, 1.07094940e-02, 2.70024931e-01, 0.0, -6.40509358e+00, -6.16639730e+00, -6.19670589e+00, -6.62886566e+00, 0.0, 2.0000000000, 8.0000000000, 0.0522688150
         351, 6.66645353e-01, 3.20414356e-01, 1.31189143e-02, 1.07059074e-02, 2.70037258e-01, 0.0, -6.42798949e+00, -6.19329323e+00, -6.22317825e+00, -6.65533422e+00, 0.0, 2.0000000000, 8.0000000000, 0.0527645310
         352, 6.66660027e-01, 3.20429780e-01, 1.31183845e-02, 1.06974882e-02, 2.70049962e-01, 0.0, -6.44322862e+00, -6.21506402e+00, -6.24626380e+00, -6.67516390e+00, 0.0, 2.0000000000, 8.0000000000, 0.0533246676
         353, 6.66665957e-01, 3.20447563e-01, 1.31179270e-02, 1.06884074e-02, 2.70064399e-01, 0.0, -6.46631072e+00, -6.23845282e+00, -6.27153750e+00, -6.69829037e+00, 0.0, 2.0000000000, 8.0000000000, 0.0538046161
         354, 6.66656530e-01, 3.20469337e-01, 1.31175577e-02, 1.06813563e-02, 2.70083058e-01, 0.0, -6.48940841e+00, -6.26138446e+00, -6.29643846e+00, -6.72184304e+00, 0.0, 2.0000000000, 8.0000000000, 0.0542886178
         355, 6.66628729e-01, 3.20492915e-01, 1.31173055e-02, 1.06766036e-02, 2.70103725e-01, 0.0, -6.51046842e+00, -6.28259760e+00, -6.31947555e+00, -6.74263744e+00, 0.0, 2.0000000000, 8.0000000000, 0.0547908982
         356, 6.66587622e-01, 3.20515829e-01, 1.31171509e-02, 1.06718701e-02, 2.70123769e-01, 0.0, -6.53300044e+00, -6.30421246e+00, -6.34315994e+00, -6.76500670e+00, 0.0, 2.0000000000, 8.0000000000, 0.0552805980
         357, 6.66538097e-01, 3.20536110e-01, 1.31170695e-02, 1.06667404e-02, 2.70141114e-01, 0.0, -6.56067972e+00, -6.32868218e+00, -6.36911613e+00, -6.79123304e+00, 0.0, 2.0000000000, 8.0000000000, 0.0557492495
         358, 6.66479997e-01, 3.20553814e-01, 1.31170245e-02, 1.06616568e-02, 2.70156097e-01, 0.0, -6.59298041e+00, -6.35628295e+00, -6.39696325e+00, -6.82082881e+00, 0.0, 2.0000000000, 8.0000000000, 0.0561978658
         359, 6.66410119e-01, 3.20569147e-01, 1.31170002e-02, 1.06582828e-02, 2.70169226e-01, 0.0, -6.62841658e+00, -6.38660333e+00, -6.42552440e+00, -6.85212312e+00, 0.0, 2.0000000000, 8.0000000000, 0.0566484809
         360, 6.66341499e-01, 3.20595811e-01, 1.31170193e-02, 1.06695061e-02, 2.70197191e-01, 0.0, -6.66472189e+00, -6.41857952e+00, -6.45419157e+00, -6.88444691e+00, 0.0, 2.0000000000, 8.0000000000, 0.0571135322
         361, 6.66288044e-01, 3.20593332e-01, 1.31169851e-02, 1.06577897e-02, 2.70191454e-01, 0.0, -6.68383522e+00, -6.44185214e+00, -6.47219059e+00, -6.89728111e+00, 0.0, 2.0000000000, 8.0000000000, 0.0576466997
         362, 6.66216803e-01, 3.20584624e-01, 1.31169059e-02, 1.06422514e-02, 2.70179642e-01, 0.0, -6.71883822e+00, -6.47368772e+00, -6.50248172e+00, -6.93304019e+00, 0.0, 2.0000000000, 8.0000000000, 0.0580793977
         363, 6.66152049e-01, 3.20599922e-01, 1.31168597e-02, 1.06564217e-02, 2.70197997e-01, 0.0, -6.74636675e+00, -6.50640318e+00, -6.53169363e+00, -6.96912560e+00, 0.0, 2.0000000000, 8.0000000000, 0.0585460981
         364, 6.66051065e-01, 3.20585285e-01, 1.31167803e-02, 1.06461930e-02, 2.70181649e-01, 0.0, -6.75712809e+00, -6.52629195e+00, -6.55257979e+00, -6.97808751e+00, 0.0, 2.0000000000, 8.0000000000, 0.0589947343
         365, 6.65989555e-01, 3.20583480e-01, 1.31167319e-02, 1.06513322e-02, 2.70181679e-01, 0.0, -6.79351191e+00, -6.55901168e+00, -6.58363639e+00, -7.01736557e+00, 0.0, 2.0000000000, 8.0000000000, 0.0593782306
         366, 6.65942798e-01, 3.20567820e-01, 1.31166897e-02, 1.06439623e-02, 2.70165729e-01, 0.0, -6.81732569e+00, -6.58269374e+00, -6.60768738e+00, -7.03889351e+00, 0.0, 2.0000000000, 8.0000000000, 0.0597582658
         367, 6.65896798e-01, 3.20559025e-01, 1.31166228e-02, 1.06459488e-02, 2.70158458e-01, 0.0, -6.81841550e+00, -6.59711507e+00, -6.62529755e+00, -7.04947597e+00, 0.0, 2.0000000000, 8.0000000000, 0.0601641655
         368, 6.65852253e-01, 3.20548394e-01, 1.31165525e-02, 1.06472427e-02, 2.70149250e-01, 0.0, -6.85934776e+00, -6.62564368e+00, -6.65547667e+00, -7.08422941e+00, 0.0, 2.0000000000, 8.0000000000, 0.0605818669
         369, 6.65809026e-01, 3.20538222e-01, 1.31164506e-02, 1.06499412e-02, 2.70140800e-01, 0.0, -6.87056052e+00, -6.64280493e+00, -6.67730009e+00, -7.10139844e+00, 0.0, 2.0000000000, 8.0000000000, 0.0609637499
         370, 6.65780363e-01, 3.20527077e-01, 1.31163469e-02, 1.06509226e-02, 2.70131225e-01, 0.0, -6.90486336e+00, -6.66836364e+00, -6.70490145e+00, -7.13040625e+00, 0.0, 2.0000000000, 8.0000000000, 0.0613836328
         371, 6.65757684e-01, 3.20517373e-01, 1.31162381e-02, 1.06525075e-02, 2.70123280e-01, 0.0, -6.92442061e+00, -6.68875575e+00, -6.72801776e+00, -7.15084270e+00, 0.0, 2.0000000000, 8.0000000000, 0.0618113677
         372, 6.65741709e-01, 3.20508446e-01, 1.31161375e-02, 1.06534922e-02, 2.70115992e-01, 0.0, -6.95553009e+00, -6.71341437e+00, -6.75451247e+00, -7.17790413e+00, 0.0, 2.0000000000, 8.0000000000, 0.0622541507
         373, 6.65728426e-01, 3.20501276e-01, 1.31160377e-02, 1.06547540e-02, 2.70110433e-01, 0.0, -6.98093279e+00, -6.73726953e+00, -6.78004061e+00, -7.20268207e+00, 0.0, 2.0000000000, 8.0000000000, 0.0626925151
         374, 6.65719533e-01, 3.20495238e-01, 1.31159462e-02, 1.06554918e-02, 2.70105781e-01, 0.0, -7.01235146e+00, -6.76440767e+00, -6.80763109e+00, -7.23142642e+00, 0.0, 2.0000000000, 8.0000000000, 0.0631308317
         375, 6.65713862e-01, 3.20490951e-01, 1.31158602e-02, 1.06561865e-02, 2.70102753e-01, 0.0, -7.04084639e+00, -6.79210738e+00, -6.83494840e+00, -7.25943621e+00, 0.0, 2.0000000000, 8.0000000000, 0.0635732333
         376, 6.65710752e-01, 3.20487836e-01, 1.31157856e-02, 1.06564829e-02, 2.70100651e-01, 0.0, -7.07008636e+00, -6.82087271e+00, -6.86257681e+00, -7.28794530e+00, 0.0, 2.0000000000, 8.0000000000, 0.0639987826
         377, 6.65709132e-01, 3.20486517e-01, 1.31157198e-02, 1.06569227e-02, 2.70100239e-01, 0.0, -7.09753970e+00, -6.85004700e+00, -6.89031421e+00, -7.31666605e+00, 0.0, 2.0000000000, 8.0000000000, 0.0644891818
         378, 6.65707600e-01, 3.20486049e-01, 1.31156650e-02, 1.06570884e-02, 2.70100430e-01, 0.0, -7.12311684e+00, -6.87836879e+00, -6.91741790e+00, -7.34344478e+00, 0.0, 2.0000000000, 8.0000000000, 0.0650015473
         379, 6.65706341e-01, 3.20488892e-01, 1.31156229e-02, 1.06592121e-02, 2.70104236e-01, 0.0, -7.14851939e+00, -6.90706902e+00, -6.94491510e+00, -7.37161952e+00, 0.0, 2.0000000000, 8.0000000000, 0.0655292312
         380, 6.65700683e-01, 3.20490445e-01, 1.31155876e-02, 1.06596942e-02, 2.70106219e-01, 0.0, -7.16672315e+00, -6.93184640e+00, -6.96885279e+00, -7.39194607e+00, 0.0, 2.0000000000, 8.0000000000, 0.0660239339
         381, 6.65693301e-01, 3.20492998e-01, 1.31155610e-02, 1.06606448e-02, 2.70109192e-01, 0.0, -7.19426839e+00, -6.96109032e+00, -6.99721814e+00, -7.42383598e+00, 0.0, 2.0000000000, 8.0000000000, 0.0665341338
         382, 6.65690638e-01, 3.20493596e-01, 1.31155567e-02, 1.06592116e-02, 2.70109681e-01, 0.0, -7.21183180e+00, -6.98457010e+00, -7.02117370e+00, -7.44728682e+00, 0.0, 2.0000000000, 8.0000000000, 0.0670230508
         383, 6.65689247e-01, 3.20489784e-01, 1.31155316e-02, 1.06528668e-02, 2.70104791e-01, 0.0, -7.23004106e+00, -7.00323134e+00, -7.04136011e+00, -7.45675097e+00, 0.0, 2.0000000000, 8.0000000000, 0.0675779343
         384, 6.65688229e-01, 3.20499198e-01, 1.31155222e-02, 1.06602936e-02, 2.70115764e-01, 0.0, -7.25921111e+00, -7.03411356e+00, -7.07117873e+00, -7.49564703e+00, 0.0, 2.0000000000, 8.0000000000, 0.0680898150
         385, 6.65669729e-01, 3.20496774e-01, 1.31154981e-02, 1.06575816e-02, 2.70112572e-01, 0.0, -7.23840816e+00, -7.02854407e+00, -7.07182962e+00, -7.47312732e+00, 0.0, 2.0000000000, 8.0000000000, 0.0686517994
         386, 6.65662411e-01, 3.20495549e-01, 1.31154810e-02, 1.06554370e-02, 2.70110887e-01, 0.0, -7.30532566e+00, -7.07139544e+00, -7.12053962e+00, -7.53650196e+00, 0.0, 2.0000000000, 8.0000000000, 0.0692044139
         387, 6.65658115e-01, 3.20494228e-01, 1.31154658e-02, 1.06533668e-02, 2.70109152e-01, 0.0, -7.33875317e+00, -7.10563324e+00, -7.15190889e+00, -7.57469878e+00, 0.0, 2.0000000000, 8.0000000000, 0.0697381337
         388, 6.65653259e-01, 3.20494727e-01, 1.31154510e-02, 1.06538676e-02, 2.70109665e-01, 0.0, -7.36492998e+00, -7.13439976e+00, -7.17701090e+00, -7.60122197e+00, 0.0, 2.0000000000, 8.0000000000, 0.0703429659
         389, 6.65643729e-01, 3.20495278e-01, 1.31154358e-02, 1.06550947e-02, 2.70110312e-01, 0.0, -7.39597867e+00, -7.16344415e+00, -7.20478852e+00, -7.62821644e+00, 0.0, 2.0000000000, 8.0000000000, 0.0708010475
         390, 6.65635177e-01, 3.20495448e-01, 1.31154193e-02, 1.06562427e-02, 2.70110574e-01, 0.0, -7.42802364e+00, -7.19442958e+00, -7.23613300e+00, -7.66167187e+00, 0.0, 2.0000000000, 8.0000000000, 0.0712878823
         391, 6.65629255e-01, 3.20494212e-01, 1.31154033e-02, 1.06559757e-02, 2.70109202e-01, 0.0, -7.45696334e+00, -7.22261030e+00, -7.26472099e+00, -7.68853782e+00, 0.0, 2.0000000000, 8.0000000000, 0.0717465162
         392, 6.65625653e-01, 3.20493520e-01, 1.31153885e-02, 1.06562717e-02, 2.70108507e-01, 0.0, -7.48613865e+00, -7.25213487e+00, -7.29443587e+00, -7.71950986e+00, 0.0, 2.0000000000, 8.0000000000, 0.0721324642
         393, 6.65622784e-01, 3.20492588e-01, 1.31153732e-02, 1.06563528e-02, 2.70107534e-01, 0.0, -7.51470694e+00, -7.28020728e+00, -7.32379304e+00, -7.74719725e+00, 0.0, 2.0000000000, 8.0000000000, 0.0725274007
         394, 6.65620043e-01, 3.20491896e-01, 1.31153513e-02, 1.06566749e-02, 2.70106853e-01, 0.0, -7.54031676e+00, -7.30824601e+00, -7.35283764e+00, -7.77586587e+00, 0.0, 2.0000000000, 8.0000000000, 0.0729068995
         395, 6.65617894e-01, 3.20491222e-01, 1.31153256e-02, 1.06569084e-02, 2.70106197e-01, 0.0, -7.57101975e+00, -7.33753139e+00, -7.38360507e+00, -7.80545971e+00, 0.0, 2.0000000000, 8.0000000000, 0.0733575980
         396, 6.65616544e-01, 3.20490745e-01, 1.31152961e-02, 1.06571253e-02, 2.70105778e-01, 0.0, -7.59975759e+00, -7.36723116e+00, -7.41430700e+00, -7.83622112e+00, 0.0, 2.0000000000, 8.0000000000, 0.0738294482
         397, 6.65616054e-01, 3.20490417e-01, 1.31152664e-02, 1.06572745e-02, 2.70105521e-01, 0.0, -7.62974562e+00, -7.39686067e+00, -7.44497111e+00, -7.86521644e+00, 0.0, 2.0000000000, 8.0000000000, 0.0743777990
         398, 6.65616183e-01, 3.20490484e-01, 1.31152365e-02, 1.06574962e-02, 2.70105705e-01, 0.0, -7.65913980e+00, -7.42708178e+00, -7.47604615e+00, -7.89605855e+00, 0.0, 2.0000000000, 8.0000000000, 0.0748656154
         399, 6.65616380e-01, 3.20491167e-01, 1.31152086e-02, 1.06581095e-02, 2.70106583e-01, 0.0, -7.68666170e+00, -7.45599352e+00, -7.50625865e+00, -7.92333375e+00, 0.0, 2.0000000000, 8.0000000000, 0.0753165483
         400, 6.65615901e-01, 3.20491066e-01, 1.31151791e-02, 1.06577623e-02, 2.70106477e-01, 0.0, -7.71206002e+00, -7.48488716e+00, -7.53577726e+00, -7.95200885e+00, 0.0, 2.0000000000, 8.0000000000, 0.0757679343
         401, 6.65615770e-01, 3.20491694e-01, 1.31151539e-02, 1.06579410e-02, 2.70107203e-01, 0.0, -7.74161329e+00, -7.51562797e+00, -7.56902906e+00, -7.98633068e+00, 0.0, 2.0000000000, 8.0000000000, 0.0762184819
         402, 6.65617836e-01, 3.20492773e-01, 1.31151335e-02, 1.06581917e-02, 2.70108437e-01, 0.0, -7.76235411e+00, -7.54259512e+00, -7.59732607e+00, -8.01306498e+00, 0.0, 2.0000000000, 8.0000000000, 0.0766667843
         403, 6.65618613e-01, 3.20491247e-01, 1.31151032e-02, 1.06560023e-02, 2.70106519e-01, 0.0, -7.77338469e+00, -7.55908401e+00, -7.61543904e+00, -8.01552548e+00, 0.0, 2.0000000000, 8.0000000000, 0.0771147648
         404, 6.65618134e-01, 3.20492553e-01, 1.31150760e-02, 1.06565768e-02, 2.70107981e-01, 0.0, -7.81637681e+00, -7.59526167e+00, -7.65571926e+00, -8.06565699e+00, 0.0, 2.0000000000, 8.0000000000, 0.0775576671
         405, 6.65616763e-01, 3.20493428e-01, 1.31150553e-02, 1.06568946e-02, 2.70108926e-01, 0.0, -7.82842174e+00, -7.61891042e+00, -7.67921888e+00, -8.08163727e+00, 0.0, 2.0000000000, 8.0000000000, 0.0780095498
         406, 6.65616256e-01, 3.20493761e-01, 1.31150363e-02, 1.06565959e-02, 2.70109223e-01, 0.0, -7.86419023e+00, -7.64920117e+00, -7.71212402e+00, -8.11918245e+00, 0.0, 2.0000000000, 8.0000000000, 0.0784644485
         407, 6.65616114e-01, 3.20494191e-01, 1.31150199e-02, 1.06564809e-02, 2.70109640e-01, 0.0, -7.89952224e+00, -7.68228433e+00, -7.75000695e+00, -8.15877720e+00, 0.0, 2.0000000000, 8.0000000000, 0.0789176822
         408, 6.65615376e-01, 3.20494658e-01, 1.31150060e-02, 1.06564894e-02, 2.70110106e-01, 0.0, -7.92588665e+00, -7.71224255e+00, -7.78275776e+00, -8.19001916e+00, 0.0, 2.0000000000, 8.0000000000, 0.0794131835
         409, 6.65614128e-01, 3.20494947e-01, 1.31149942e-02, 1.06564854e-02, 2.70110368e-01, 0.0, -7.95648835e+00, -7.74330260e+00, -7.81432846e+00, -8.22042851e+00, 0.0, 2.0000000000, 8.0000000000, 0.0799774488
         410, 6.65612697e-01, 3.20495099e-01, 1.31149834e-02, 1.06564195e-02, 2.70110485e-01, 0.0, -7.98896465e+00, -7.77521554e+00, -7.84713253e+00, -8.25386828e+00, 0.0, 2.0000000000, 8.0000000000, 0.0804587324
         411, 6.65611144e-01, 3.20495164e-01, 1.31149745e-02, 1.06564030e-02, 2.70110523e-01, 0.0, -8.02212315e+00, -7.80821268e+00, -7.88088180e+00, -8.28837465e+00, 0.0, 2.0000000000, 8.0000000000, 0.0809498668
         412, 6.65609461e-01, 3.20495166e-01, 1.31149676e-02, 1.06563760e-02, 2.70110511e-01, 0.0, -8.05362618e+00, -7.84110009e+00, -7.91408030e+00, -8.32224666e+00, 0.0, 2.0000000000, 8.0000000000, 0.0814691822
         413, 6.65607697e-01, 3.20495063e-01, 1.31149627e-02, 1.06563514e-02, 2.70110397e-01, 0.0, -8.08580533e+00, -7.87480176e+00, -7.94777717e+00, -8.35701409e+00, 0.0, 2.0000000000, 8.0000000000, 0.0819971999
         414, 6.65605673e-01, 3.20494955e-01, 1.31149589e-02, 1.06563314e-02, 2.70110300e-01, 0.0, -8.11768512e+00, -7.90864858e+00, -7.98162211e+00, -8.39209890e+00, 0.0, 2.0000000000, 8.0000000000, 0.0824394822
         415, 6.65604399e-01, 3.20494984e-01, 1.31149567e-02, 1.06565112e-02, 2.70110389e-01, 0.0, -8.14973867e+00, -7.94329094e+00, -8.01618465e+00, -8.42900818e+00, 0.0, 2.0000000000, 8.0000000000, 0.0828770002
         416, 6.65602379e-01, 3.20494530e-01, 1.31149536e-02, 1.06562129e-02, 2.70109918e-01, 0.0, -8.17504769e+00, -7.97230058e+00, -8.04446482e+00, -8.45340332e+00, 0.0, 2.0000000000, 8.0000000000, 0.0833176176
         417, 6.65601077e-01, 3.20494336e-01, 1.31149513e-02, 1.06562102e-02, 2.70109776e-01, 0.0, -8.20679309e+00, -8.00674322e+00, -8.07909715e+00, -8.49241199e+00, 0.0, 2.0000000000, 8.0000000000, 0.0837586999
         418, 6.65598980e-01, 3.20493989e-01, 1.31149490e-02, 1.06560346e-02, 2.70109465e-01, 0.0, -8.23308041e+00, -8.03562352e+00, -8.10898357e+00, -8.51842320e+00, 0.0, 2.0000000000, 8.0000000000, 0.0842076818
         419, 6.65597586e-01, 3.20493786e-01, 1.31149474e-02, 1.06560447e-02, 2.70109338e-01, 0.0, -8.26214894e+00, -8.06821948e+00, -8.14273249e+00, -8.55428779e+00, 0.0, 2.0000000000, 8.0000000000, 0.0846494834
         420, 6.65595964e-01, 3.20493467e-01, 1.31149457e-02, 1.06559006e-02, 2.70109079e-01, 0.0, -8.28915499e+00, -8.09647567e+00, -8.17179702e+00, -8.57986207e+00, 0.0, 2.0000000000, 8.0000000000, 0.0850962480
         421, 6.65594682e-01, 3.20493218e-01, 1.31149442e-02, 1.06558672e-02, 2.70108907e-01, 0.0, -8.31579341e+00, -8.12637359e+00, -8.20305863e+00, -8.61086187e+00, 0.0, 2.0000000000, 8.0000000000, 0.0855589310
         422, 6.65593350e-01, 3.20492964e-01, 1.31149423e-02, 1.06557980e-02, 2.70108728e-01, 0.0, -8.34329501e+00, -8.15440224e+00, -8.23252384e+00, -8.63885808e+00, 0.0, 2.0000000000, 8.0000000000, 0.0860031009
         423, 6.65592127e-01, 3.20492729e-01, 1.31149405e-02, 1.06557976e-02, 2.70108568e-01, 0.0, -8.36799389e+00, -8.18191032e+00, -8.26175289e+00, -8.66632024e+00, 0.0, 2.0000000000, 8.0000000000, 0.0864488006
         424, 6.65590992e-01, 3.20492499e-01, 1.31149382e-02, 1.06557776e-02, 2.70108411e-01, 0.0, -8.39428479e+00, -8.20930083e+00, -8.29075356e+00, -8.69441770e+00, 0.0, 2.0000000000, 8.0000000000, 0.0869288166
         425, 6.65589968e-01, 3.20492275e-01, 1.31149361e-02, 1.06558053e-02, 2.70108252e-01, 0.0, -8.41872864e+00, -8.23624484e+00, -8.31925752e+00, -8.72118284e+00, 0.0, 2.0000000000, 8.0000000000, 0.0873741150
         426, 6.65589060e-01, 3.20492062e-01, 1.31149337e-02, 1.06558190e-02, 2.70108098e-01, 0.0, -8.44374507e+00, -8.26318876e+00, -8.34735445e+00, -8.74861395e+00, 0.0, 2.0000000000, 8.0000000000, 0.0878096978
         427, 6.65588251e-01, 3.20491854e-01, 1.31149315e-02, 1.06558700e-02, 2.70107939e-01, 0.0, -8.46806626e+00, -8.29012378e+00, -8.37547660e+00, -8.77583283e+00, 0.0, 2.0000000000, 8.0000000000, 0.0882788340
         428, 6.65587549e-01, 3.20491663e-01, 1.31149291e-02, 1.06559059e-02, 2.70107789e-01, 0.0, -8.49281348e+00, -8.31735709e+00, -8.40320950e+00, -8.80340168e+00, 0.0, 2.0000000000, 8.0000000000, 0.0887386998
         429, 6.65586949e-01, 3.20491480e-01, 1.31149270e-02, 1.06559677e-02, 2.70107638e-01, 0.0, -8.51769823e+00, -8.34514289e+00, -8.43153503e+00, -8.83213388e+00, 0.0, 2.0000000000, 8.0000000000, 0.0891887307
         430, 6.65586456e-01, 3.20491320e-01, 1.31149247e-02, 1.06560095e-02, 2.70107503e-01, 0.0, -8.54318619e+00, -8.37353723e+00, -8.45939980e+00, -8.86060634e+00, 0.0, 2.0000000000, 8.0000000000, 0.0896451831
         431, 6.65586064e-01, 3.20491177e-01, 1.31149227e-02, 1.06560694e-02, 2.70107376e-01, 0.0, -8.56893076e+00, -8.40258294e+00, -8.48815053e+00, -8.89100152e+00, 0.0, 2.0000000000, 8.0000000000, 0.0901003639
         432, 6.65585771e-01, 3.20491066e-01, 1.31149207e-02, 1.06561045e-02, 2.70107275e-01, 0.0, -8.59542004e+00, -8.43232397e+00, -8.51635130e+00, -8.92052895e+00, 0.0, 2.0000000000, 8.0000000000, 0.0905639807
         433, 6.65585566e-01, 3.20490978e-01, 1.31149189e-02, 1.06561543e-02, 2.70107192e-01, 0.0, -8.62166439e+00, -8.46221805e+00, -8.54530023e+00, -8.95163413e+00, 0.0, 2.0000000000, 8.0000000000, 0.0910861333
         434, 6.65585445e-01, 3.20490928e-01, 1.31149171e-02, 1.06561761e-02, 2.70107143e-01, 0.0, -8.64807450e+00, -8.49224036e+00, -8.57339604e+00, -8.98105668e+00, 0.0, 2.0000000000, 8.0000000000, 0.0915123661
         435, 6.65585391e-01, 3.20490908e-01, 1.31149157e-02, 1.06562145e-02, 2.70107120e-01, 0.0, -8.67337509e+00, -8.52126448e+00, -8.60146505e+00, -9.01018437e+00, 0.0, 2.0000000000, 8.0000000000, 0.0919490655
         436, 6.65585406e-01, 3.20490938e-01, 1.31149142e-02, 1.06562333e-02, 2.70107149e-01, 0.0, -8.69722285e+00, -8.54889823e+00, -8.62804436e+00, -9.03650494e+00, 0.0, 2.0000000000, 8.0000000000, 0.0923856656
         437, 6.65585420e-01, 3.20491054e-01, 1.31149133e-02, 1.06563250e-02, 2.70107272e-01, 0.0, -8.71905059e+00, -8.57373666e+00, -8.65273404e+00, -9.05863265e+00, 0.0, 2.0000000000, 8.0000000000, 0.0928177993
         438, 6.65585264e-01, 3.20491072e-01, 1.31149120e-02, 1.06562771e-02, 2.70107271e-01, 0.0, -8.73545801e+00, -8.59449748e+00, -8.67306753e+00, -9.07478294e+00, 0.0, 2.0000000000, 8.0000000000, 0.0932472150
         439, 6.65585216e-01, 3.20491206e-01, 1.31149114e-02, 1.06563266e-02, 2.70107404e-01, 0.0, -8.76437750e+00, -8.62189122e+00, -8.70426504e+00, -9.11270068e+00, 0.0, 2.0000000000, 8.0000000000, 0.0936756810
         440, 6.65585488e-01, 3.20491230e-01, 1.31149108e-02, 1.06562230e-02, 2.70107401e-01, 0.0, -8.77783649e+00, -8.63885619e+00, -8.72132599e+00, -9.12839786e+00, 0.0, 2.0000000000, 8.0000000000, 0.0941281835
         441, 6.65585747e-01, 3.20491335e-01, 1.31149100e-02, 1.06561938e-02, 2.70107491e-01, 0.0, -8.80659530e+00, -8.66047164e+00, -8.74622255e+00, -9.14701506e+00, 0.0, 2.0000000000, 8.0000000000, 0.0945710659
         442, 6.65585631e-01, 3.20491446e-01, 1.31149088e-02, 1.06561873e-02, 2.70107587e-01, 0.0, -8.83074891e+00, -8.68509778e+00, -8.77323022e+00, -9.17814853e+00, 0.0, 2.0000000000, 8.0000000000, 0.0950238307
         443, 6.65585443e-01, 3.20491567e-01, 1.31149080e-02, 1.06561924e-02, 2.70107694e-01, 0.0, -8.84873389e+00, -8.70126840e+00, -8.79393407e+00, -9.19287431e+00, 0.0, 2.0000000000, 8.0000000000, 0.0954892675
         444, 6.65585420e-01, 3.20491715e-01, 1.31149076e-02, 1.06562105e-02, 2.70107835e-01, 0.0, -8.87214563e+00, -8.71983118e+00, -8.81627738e+00, -9.21524088e+00, 0.0, 2.0000000000, 8.0000000000, 0.0959410826
         445, 6.65585586e-01, 3.20491826e-01, 1.31149072e-02, 1.06561994e-02, 2.70107933e-01, 0.0, -8.90255726e+00, -8.74640011e+00, -8.84317391e+00, -9.24947565e+00, 0.0, 2.0000000000, 8.0000000000, 0.0963810643
         446, 6.65585539e-01, 3.20491855e-01, 1.31149065e-02, 1.06561207e-02, 2.70107933e-01, 0.0, -8.89971326e+00, -8.74048875e+00, -8.83926591e+00, -9.21869014e+00, 0.0, 2.0000000000, 8.0000000000, 0.0967785994
         447, 6.65585431e-01, 3.20491948e-01, 1.31149057e-02, 1.06561330e-02, 2.70108012e-01, 0.0, -8.95135949e+00, -8.78641222e+00, -8.89358699e+00, -9.30002559e+00, 0.0, 2.0000000000, 8.0000000000, 0.0971764008
         448, 6.65585249e-01, 3.20492028e-01, 1.31149052e-02, 1.06561406e-02, 2.70108078e-01, 0.0, -8.96981003e+00, -8.80496066e+00, -8.91576311e+00, -9.30835233e+00, 0.0, 2.0000000000, 8.0000000000, 0.0975972652
         449, 6.65585233e-01, 3.20492107e-01, 1.31149048e-02, 1.06561496e-02, 2.70108147e-01, 0.0, -9.01058926e+00, -8.83726421e+00, -8.94686599e+00, -9.34849581e+00, 0.0, 2.0000000000, 8.0000000000, 0.0980544488
         450, 6.65585215e-01, 3.20492149e-01, 1.31149043e-02, 1.06561348e-02, 2.70108176e-01, 0.0, -9.03843044e+00, -8.86134858e+00, -8.96945293e+00, -9.36470983e+00, 0.0, 2.0000000000, 8.0000000000, 0.0985212008
         451, 6.65585109e-01, 3.20492180e-01, 1.31149035e-02, 1.06561272e-02, 2.70108194e-01, 0.0, -9.07150252e+00, -8.89575545e+00, -9.00030298e+00, -9.40355056e+00, 0.0, 2.0000000000, 8.0000000000, 0.0989741643
         452, 6.65584974e-01, 3.20492221e-01, 1.31149029e-02, 1.06561428e-02, 2.70108228e-01, 0.0, -9.10524969e+00, -8.93335505e+00, -9.03758929e+00, -9.44670882e+00, 0.0, 2.0000000000, 8.0000000000, 0.0994228482
         453, 6.65584913e-01, 3.20492236e-01, 1.31149024e-02, 1.06561318e-02, 2.70108234e-01, 0.0, -9.13429728e+00, -8.96387420e+00, -9.06406341e+00, -9.46770157e+00, 0.0, 2.0000000000, 8.0000000000, 0.0998632987
         454, 6.65584909e-01, 3.20492235e-01, 1.31149019e-02, 1.06561091e-02, 2.70108225e-01, 0.0, -9.17232739e+00, -9.00098706e+00, -9.09813913e+00, -9.50869038e+00, 0.0, 2.0000000000, 8.0000000000, 0.1003094991
         455, 6.65584878e-01, 3.20492259e-01, 1.31149013e-02, 1.06561181e-02, 2.70108248e-01, 0.0, -9.20441984e+00, -9.03545840e+00, -9.12829939e+00, -9.53938795e+00, 0.0, 2.0000000000, 8.0000000000, 0.1007492820
         456, 6.65584805e-01, 3.20492258e-01, 1.31149006e-02, 1.06561103e-02, 2.70108242e-01, 0.0, -9.23496538e+00, -9.07005941e+00, -9.15805553e+00, -9.56936966e+00, 0.0, 2.0000000000, 8.0000000000, 0.1011945327
         457, 6.65584742e-01, 3.20492268e-01, 1.31149000e-02, 1.06561163e-02, 2.70108253e-01, 0.0, -9.26827782e+00, -9.10612352e+00, -9.19179607e+00, -9.60699326e+00, 0.0, 2.0000000000, 8.0000000000, 0.1016333818
         458, 6.65584706e-01, 3.20492271e-01, 1.31148995e-02, 1.06561136e-02, 2.70108256e-01, 0.0, -9.29848366e+00, -9.13892647e+00, -9.22143974e+00, -9.63543987e+00, 0.0, 2.0000000000, 8.0000000000, 0.1021182974
         459, 6.65584711e-01, 3.20492275e-01, 1.31148991e-02, 1.06561093e-02, 2.70108262e-01, 0.0, -9.33321591e+00, -9.17383913e+00, -9.25504897e+00, -9.67367993e+00, 0.0, 2.0000000000, 8.0000000000, 0.1025808334
         460, 6.65584689e-01, 3.20492262e-01, 1.31148986e-02, 1.06560889e-02, 2.70108248e-01, 0.0, -9.36292515e+00, -9.20331762e+00, -9.28291384e+00, -9.69666582e+00, 0.0, 2.0000000000, 8.0000000000, 0.1030218641
         461, 6.65584658e-01, 3.20492274e-01, 1.31148981e-02, 1.06560961e-02, 2.70108264e-01, 0.0, -9.39593695e+00, -9.23839163e+00, -9.31674862e+00, -9.73769069e+00, 0.0, 2.0000000000, 8.0000000000, 0.1034821669
         462, 6.65584613e-01, 3.20492277e-01, 1.31148977e-02, 1.06560961e-02, 2.70108270e-01, 0.0, -9.42154692e+00, -9.26756267e+00, -9.34500873e+00, -9.76033540e+00, 0.0, 2.0000000000, 8.0000000000, 0.1039493163
         463, 6.65584591e-01, 3.20492276e-01, 1.31148974e-02, 1.06560913e-02, 2.70108273e-01, 0.0, -9.45704211e+00, -9.30024876e+00, -9.37783447e+00, -9.79682778e+00, 0.0, 2.0000000000, 8.0000000000, 0.1044142644
         464, 6.65584580e-01, 3.20492273e-01, 1.31148970e-02, 1.06560852e-02, 2.70108273e-01, 0.0, -9.48978491e+00, -9.33149992e+00, -9.40968383e+00, -9.82773007e+00, 0.0, 2.0000000000, 8.0000000000, 0.1048616648
         465, 6.65584538e-01, 3.20492266e-01, 1.31148967e-02, 1.06560775e-02, 2.70108268e-01, 0.0, -9.52009888e+00, -9.36176248e+00, -9.43951212e+00, -9.85649418e+00, 0.0, 2.0000000000, 8.0000000000, 0.1053153992
         466, 6.65584486e-01, 3.20492266e-01, 1.31148964e-02, 1.06560809e-02, 2.70108271e-01, 0.0, -9.55295380e+00, -9.39444874e+00, -9.47295039e+00, -9.89171001e+00, 0.0, 2.0000000000, 8.0000000000, 0.1057746490
         467, 6.65584433e-01, 3.20492262e-01, 1.31148962e-02, 1.06560816e-02, 2.70108270e-01, 0.0, -9.58171602e+00, -9.42419019e+00, -9.50252542e+00, -9.91998535e+00, 0.0, 2.0000000000, 8.0000000000, 0.1062297662
         468, 6.65584408e-01, 3.20492255e-01, 1.31148960e-02, 1.06560810e-02, 2.70108266e-01, 0.0, -9.61662522e+00, -9.45668468e+00, -9.53676173e+00, -9.95688876e+00, 0.0, 2.0000000000, 8.0000000000, 0.1066833814
         469, 6.65584365e-01, 3.20492243e-01, 1.31148958e-02, 1.06560758e-02, 2.70108255e-01, 0.0, -9.64527451e+00, -9.48369490e+00, -9.56395533e+00, -9.97832609e+00, 0.0, 2.0000000000, 8.0000000000, 0.1071443836
         470, 6.65584328e-01, 3.20492238e-01, 1.31148957e-02, 1.06560816e-02, 2.70108253e-01, 0.0, -9.67518707e+00, -9.51405578e+00, -9.59442199e+00, -1.00121219e+01, 0.0, 2.0000000000, 8.0000000000, 0.1076829473
         471, 6.65584258e-01, 3.20492226e-01, 1.31148955e-02, 1.06560803e-02, 2.70108242e-01, 0.0, -9.70373991e+00, -9.54121859e+00, -9.62264670e+00, -1.00353493e+01, 0.0, 2.0000000000, 8.0000000000, 0.1081212004
         472, 6.65584225e-01, 3.20492219e-01, 1.31148954e-02, 1.06560860e-02, 2.70108238e-01, 0.0, -9.73651766e+00, -9.57424520e+00, -9.65698830e+00, -1.00756599e+01, 0.0, 2.0000000000, 8.0000000000, 0.1085731308
         473, 6.65584183e-01, 3.20492204e-01, 1.31148953e-02, 1.06560816e-02, 2.70108223e-01, 0.0, -9.76289403e+00, -9.59849112e+00, -9.68157379e+00, -1.00913625e+01, 0.0, 2.0000000000, 8.0000000000, 0.1090113481
         474, 6.65584155e-01, 3.20492192e-01, 1.31148952e-02, 1.06560821e-02, 2.70108213e-01, 0.0, -9.78733777e+00, -9.62616780e+00, -9.70940677e+00, -1.01204198e+01, 0.0, 2.0000000000, 8.0000000000, 0.1094463507
         475, 6.65584117e-01, 3.20492183e-01, 1.31148951e-02, 1.06560831e-02, 2.70108205e-01, 0.0, -9.82218932e+00, -9.65645956e+00, -9.74118907e+00, -1.01525540e+01, 0.0, 2.0000000000, 8.0000000000, 0.1098945498
         476, 6.65584087e-01, 3.20492173e-01, 1.31148950e-02, 1.06560839e-02, 2.70108197e-01, 0.0, -9.84909736e+00, -9.68484230e+00, -9.77027891e+00, -1.01813020e+01, 0.0, 2.0000000000, 8.0000000000, 0.1103484829
         477, 6.65584059e-01, 3.20492165e-01, 1.31148949e-02, 1.06560844e-02, 2.70108191e-01, 0.0, -9.88219234e+00, -9.71565883e+00, -9.80054846e+00, -1.02117847e+01, 0.0, 2.0000000000, 8.0000000000, 0.1108033498
         478, 6.65584038e-01, 3.20492157e-01, 1.31148949e-02, 1.06560841e-02, 2.70108184e-01, 0.0, -9.91087880e+00, -9.74537067e+00, -9.82896036e+00, -1.02400714e+01, 0.0, 2.0000000000, 8.0000000000, 0.1112435341
         479, 6.65584019e-01, 3.20492152e-01, 1.31148948e-02, 1.06560847e-02, 2.70108180e-01, 0.0, -9.94185818e+00, -9.77579602e+00, -9.85851007e+00, -1.02697946e+01, 0.0, 2.0000000000, 8.0000000000, 0.1116888841
