TITLE = "Visualization of the surface solution"
VARIABLES = "x""y""Conservative_1""Conservative_2""Conservative_3""Conservative_4""Surface_Sensitivity""Solution_Sensor"
ZONE NODES= 200, ELEMENTS= 200, DATAPACKING=POINT, ZONETYPE=FELINESEG
9.997500e-01	-3.633002e-05	4.927537e+00	-1.024835e+01	-1.139223e+00	2.553328e+00	-2.093214e+04	0.000000e+00	
9.990000e-01	-1.453200e-04	1.740963e+00	-4.295181e+00	-3.814198e-01	6.705229e-01	7.274318e+03	0.000000e+00	
9.977600e-01	-3.258377e-04	1.487851e+00	-3.437529e+00	-6.545097e-01	5.213580e-01	3.838764e+02	0.000000e+00	
9.960200e-01	-5.809184e-04	1.322070e+00	-2.957675e+00	-5.674382e-01	4.521585e-01	2.168840e+02	0.000000e+00	
9.937800e-01	-9.145818e-04	1.098842e+00	-2.465944e+00	-5.209499e-01	3.575774e-01	1.654141e+02	0.000000e+00	
9.910500e-01	-1.332385e-03	9.688761e-01	-2.162643e+00	-4.951002e-01	3.075712e-01	8.001141e+01	0.000000e+00	
9.878400e-01	-1.842073e-03	8.757599e-01	-1.941594e+00	-4.749855e-01	2.728276e-01	5.169760e+01	0.000000e+00	
9.841300e-01	-2.456015e-03	8.105863e-01	-1.780651e+00	-4.638688e-01	2.480366e-01	3.551940e+01	0.000000e+00	
9.799500e-01	-3.174227e-03	7.698872e-01	-1.667349e+00	-4.562921e-01	2.317240e-01	2.525399e+01	0.000000e+00	
9.752800e-01	-3.996972e-03	7.470424e-01	-1.589875e+00	-4.480624e-01	2.214754e-01	1.893774e+01	0.000000e+00	
9.701500e-01	-4.906156e-03	7.358980e-01	-1.536781e+00	-4.353465e-01	2.152658e-01	1.459286e+01	0.000000e+00	
9.645400e-01	-5.884990e-03	7.295630e-01	-1.496560e+00	-4.167807e-01	2.110267e-01	1.150353e+01	0.000000e+00	
9.584700e-01	-6.907634e-03	7.220009e-01	-1.459822e+00	-3.927933e-01	2.070275e-01	9.194320e+00	0.000000e+00	
9.519400e-01	-7.956250e-03	7.100510e-01	-1.421066e+00	-3.663479e-01	2.021542e-01	7.437779e+00	0.000000e+00	
9.449600e-01	-9.020395e-03	6.929457e-01	-1.378414e+00	-3.407942e-01	1.961669e-01	6.107768e+00	0.000000e+00	
9.375400e-01	-1.009948e-02	6.727836e-01	-1.333837e+00	-3.188594e-01	1.895037e-01	5.062573e+00	0.000000e+00	
9.296900e-01	-1.119993e-02	6.526301e-01	-1.290572e+00	-3.019771e-01	1.829055e-01	4.215893e+00	0.000000e+00	
9.214000e-01	-1.233331e-02	6.344234e-01	-1.251229e+00	-2.893295e-01	1.770624e-01	3.557432e+00	0.000000e+00	
9.127000e-01	-1.350419e-02	6.204608e-01	-1.218382e+00	-2.804313e-01	1.723191e-01	2.989805e+00	0.000000e+00	
9.035800e-01	-1.471888e-02	6.099777e-01	-1.191119e+00	-2.734037e-01	1.687506e-01	2.576418e+00	0.000000e+00	
8.940600e-01	-1.597567e-02	6.030722e-01	-1.169453e+00	-2.675010e-01	1.661278e-01	2.225932e+00	0.000000e+00	
8.841500e-01	-1.727125e-02	5.985784e-01	-1.151807e+00	-2.618637e-01	1.642907e-01	1.947145e+00	0.000000e+00	
8.738500e-01	-1.860208e-02	5.957355e-01	-1.137173e+00	-2.561152e-01	1.629448e-01	1.726508e+00	0.000000e+00	
8.631800e-01	-1.996172e-02	5.941209e-01	-1.124877e+00	-2.503322e-01	1.619659e-01	1.529911e+00	0.000000e+00	
8.521600e-01	-2.134424e-02	5.932012e-01	-1.114167e+00	-2.444719e-01	1.612280e-01	1.370342e+00	0.000000e+00	
8.407700e-01	-2.274939e-02	5.927958e-01	-1.104767e+00	-2.385707e-01	1.606776e-01	1.239950e+00	0.000000e+00	
8.290500e-01	-2.417010e-02	5.930938e-01	-1.096718e+00	-2.329875e-01	1.602872e-01	1.115643e+00	0.000000e+00	
8.170100e-01	-2.560356e-02	5.935587e-01	-1.089441e+00	-2.273244e-01	1.600657e-01	1.021890e+00	0.000000e+00	
8.046400e-01	-2.704947e-02	5.948363e-01	-1.083559e+00	-2.219941e-01	1.599964e-01	9.190196e-01	0.000000e+00	
7.919700e-01	-2.850294e-02	5.965597e-01	-1.078551e+00	-2.167648e-01	1.601038e-01	8.340279e-01	0.000000e+00	
7.790100e-01	-2.996145e-02	5.987711e-01	-1.074626e+00	-2.115499e-01	1.603862e-01	7.612159e-01	0.000000e+00	
7.657800e-01	-3.142130e-02	6.019187e-01	-1.071959e+00	-2.067155e-01	1.608195e-01	6.914291e-01	0.000000e+00	
7.522800e-01	-3.288097e-02	6.050361e-01	-1.069731e+00	-2.015784e-01	1.614281e-01	6.654784e-01	0.000000e+00	
7.385200e-01	-3.433775e-02	6.092026e-01	-1.069028e+00	-1.968187e-01	1.621718e-01	6.085567e-01	0.000000e+00	
7.245300e-01	-3.578681e-02	6.134613e-01	-1.068732e+00	-1.917775e-01	1.631119e-01	5.718599e-01	0.000000e+00	
7.103200e-01	-3.722547e-02	6.186782e-01	-1.069741e+00	-1.870447e-01	1.641528e-01	5.185590e-01	0.000000e+00	
6.958900e-01	-3.865200e-02	6.239431e-01	-1.071059e+00	-1.819800e-01	1.653767e-01	4.937365e-01	0.000000e+00	
6.812700e-01	-4.006166e-02	6.301507e-01	-1.073663e+00	-1.771607e-01	1.667001e-01	4.515549e-01	0.000000e+00	
6.664700e-01	-4.145173e-02	6.364479e-01	-1.076600e+00	-1.720047e-01	1.682089e-01	4.333343e-01	0.000000e+00	
6.515000e-01	-4.281945e-02	6.436753e-01	-1.080749e+00	-1.670416e-01	1.698189e-01	3.996378e-01	0.000000e+00	
6.363800e-01	-4.416114e-02	6.510102e-01	-1.085229e+00	-1.617189e-01	1.716125e-01	3.876326e-01	0.000000e+00	
6.211300e-01	-4.547315e-02	6.592796e-01	-1.090907e+00	-1.565304e-01	1.735142e-01	3.576974e-01	0.000000e+00	
6.057600e-01	-4.675273e-02	6.677056e-01	-1.096911e+00	-1.509744e-01	1.755973e-01	3.493842e-01	0.000000e+00	
5.902800e-01	-4.799705e-02	6.770085e-01	-1.104012e+00	-1.454633e-01	1.777886e-01	3.311761e-01	0.000000e+00	
5.747100e-01	-4.920246e-02	6.865648e-01	-1.111523e+00	-1.395918e-01	1.801650e-01	3.291694e-01	0.000000e+00	
5.590600e-01	-5.036610e-02	6.969433e-01	-1.120025e+00	-1.336480e-01	1.826588e-01	3.041955e-01	0.000000e+00	
5.433600e-01	-5.148364e-02	7.076738e-01	-1.129028e+00	-1.273642e-01	1.853329e-01	2.584983e-01	0.000000e+00	
5.276100e-01	-5.255292e-02	7.190949e-01	-1.138899e+00	-1.208685e-01	1.881310e-01	1.883089e-01	0.000000e+00	
5.118400e-01	-5.356971e-02	7.309928e-01	-1.149325e+00	-1.140323e-01	1.910898e-01	1.871351e-01	0.000000e+00	
4.960500e-01	-5.453176e-02	7.435461e-01	-1.160517e+00	-1.069111e-01	1.941808e-01	3.148731e-01	0.000000e+00	
4.802700e-01	-5.543497e-02	7.567313e-01	-1.172490e+00	-9.943466e-02	1.974746e-01	4.778276e-01	0.000000e+00	
4.645100e-01	-5.627648e-02	7.704604e-01	-1.185142e+00	-9.156950e-02	2.009094e-01	3.610000e-01	0.000000e+00	
4.487800e-01	-5.705341e-02	7.839043e-01	-1.197577e+00	-8.323360e-02	2.042807e-01	-3.124743e-01	0.000000e+00	
4.331100e-01	-5.776196e-02	7.955627e-01	-1.208279e+00	-7.416351e-02	2.072477e-01	-1.315557e+00	0.000000e+00	
4.175000e-01	-5.839980e-02	8.050202e-01	-1.216613e+00	-6.451538e-02	2.095888e-01	-1.634578e+00	0.000000e+00	
4.019700e-01	-5.896371e-02	8.135293e-01	-1.223817e+00	-5.433542e-02	2.117069e-01	1.508272e-01	0.000000e+00	
3.865400e-01	-5.945066e-02	8.258660e-01	-1.234898e+00	-4.409910e-02	2.147227e-01	4.404778e+00	0.000000e+00	
3.712300e-01	-5.985778e-02	8.468250e-01	-1.254884e+00	-3.404042e-02	2.199992e-01	8.494827e+00	0.000000e+00	
3.560400e-01	-6.018284e-02	8.770774e-01	-1.284114e+00	-2.374534e-02	2.277486e-01	7.780547e+00	0.000000e+00	
3.409900e-01	-6.042312e-02	9.094462e-01	-1.314965e+00	-1.112114e-02	2.361864e-01	2.739648e+00	0.000000e+00	
3.261100e-01	-6.057610e-02	9.361725e-01	-1.339874e+00	3.297311e-03	2.430235e-01	-1.620929e+00	0.000000e+00	
3.114000e-01	-6.063983e-02	9.561000e-01	-1.358001e+00	1.794520e-02	2.480365e-01	-3.590727e+00	0.000000e+00	
2.968700e-01	-6.061225e-02	9.749814e-01	-1.375147e+00	3.258868e-02	2.528148e-01	-4.408417e+00	0.000000e+00	
2.825500e-01	-6.049159e-02	9.991920e-01	-1.397526e+00	4.813851e-02	2.590435e-01	-5.268853e+00	0.000000e+00	
2.684500e-01	-6.027639e-02	1.032171e+00	-1.428411e+00	6.543250e-02	2.674894e-01	-6.410405e+00	0.000000e+00	
2.545700e-01	-5.996502e-02	1.073194e+00	-1.466976e+00	8.478936e-02	2.778404e-01	-7.307436e+00	0.000000e+00	
2.409400e-01	-5.955673e-02	1.115625e+00	-1.506796e+00	1.063448e-01	2.883571e-01	-6.979520e+00	0.000000e+00	
2.275700e-01	-5.905065e-02	1.146018e+00	-1.534801e+00	1.292787e-01	2.956354e-01	-4.559570e+00	0.000000e+00	
2.144700e-01	-5.844615e-02	1.147344e+00	-1.534374e+00	1.518654e-01	2.955321e-01	-8.799567e-02	0.000000e+00	
2.016600e-01	-5.774330e-02	1.109223e+00	-1.495374e+00	1.719569e-01	2.856561e-01	4.898405e+00	0.000000e+00	
1.891400e-01	-5.694141e-02	1.037950e+00	-1.423740e+00	1.886892e-01	2.677118e-01	7.932134e+00	0.000000e+00	
1.769300e-01	-5.604113e-02	9.564355e-01	-1.341763e+00	2.040051e-01	2.475157e-01	7.323050e+00	0.000000e+00	
1.650400e-01	-5.504285e-02	8.915413e-01	-1.275541e+00	2.212831e-01	2.315075e-01	3.685657e+00	0.000000e+00	
1.534900e-01	-5.394817e-02	8.551017e-01	-1.236756e+00	2.431360e-01	2.225479e-01	-3.434740e-01	0.000000e+00	
1.422900e-01	-5.275824e-02	8.390329e-01	-1.217583e+00	2.689327e-01	2.184746e-01	-2.338858e+00	0.000000e+00	
1.314400e-01	-5.147324e-02	8.254529e-01	-1.200385e+00	2.958355e-01	2.148964e-01	-1.931546e+00	0.000000e+00	
1.209500e-01	-5.009443e-02	8.023910e-01	-1.173195e+00	3.218105e-01	2.089902e-01	-5.807509e-01	0.000000e+00	
1.108500e-01	-4.862635e-02	7.699866e-01	-1.135963e+00	3.469030e-01	2.007759e-01	2.434431e-01	0.000000e+00	
1.011300e-01	-4.706827e-02	7.334409e-01	-1.093645e+00	3.724769e-01	1.916091e-01	2.323101e-01	0.000000e+00	
9.181000e-02	-4.542399e-02	6.966828e-01	-1.050016e+00	3.993811e-01	1.823623e-01	-1.113033e-01	0.000000e+00	
8.290000e-02	-4.369625e-02	6.593556e-01	-1.004564e+00	4.276064e-01	1.730067e-01	-2.839968e-01	0.000000e+00	
7.440000e-02	-4.188588e-02	6.200227e-01	-9.556238e-01	4.566646e-01	1.631209e-01	-2.627085e-01	0.000000e+00	
6.633000e-02	-3.999809e-02	5.779057e-01	-9.021517e-01	4.864424e-01	1.525653e-01	-2.168369e-01	0.000000e+00	
5.869000e-02	-3.803397e-02	5.329581e-01	-8.436629e-01	5.169703e-01	1.413027e-01	-1.981857e-01	0.000000e+00	
5.149000e-02	-3.599698e-02	4.849400e-01	-7.795765e-01	5.481452e-01	1.293095e-01	-1.957982e-01	0.000000e+00	
4.474000e-02	-3.389105e-02	4.334049e-01	-7.088003e-01	5.798229e-01	1.164630e-01	-1.904641e-01	0.000000e+00	
3.844000e-02	-3.171702e-02	3.779265e-01	-6.302911e-01	6.114809e-01	1.026458e-01	-1.488080e-01	0.000000e+00	
3.260000e-02	-2.947898e-02	3.177531e-01	-5.423312e-01	6.425373e-01	8.775857e-02	-5.922227e-02	0.000000e+00	
2.723000e-02	-2.718171e-02	2.524451e-01	-4.434786e-01	6.717961e-01	7.162665e-02	8.228230e-02	0.000000e+00	
2.232000e-02	-2.482094e-02	1.812384e-01	-3.315634e-01	6.976185e-01	5.413254e-02	3.496646e-01	0.000000e+00	
1.790000e-02	-2.241177e-02	1.037971e-01	-2.046752e-01	7.173496e-01	3.525852e-02	7.799215e-01	0.000000e+00	
1.395000e-02	-1.994373e-02	1.972364e-02	-6.079708e-02	7.266152e-01	1.484466e-02	1.459304e+00	0.000000e+00	
1.049000e-02	-1.742873e-02	-7.046869e-02	1.013716e-01	7.197175e-01	-6.786926e-03	2.488670e+00	0.000000e+00	
7.520000e-03	-1.486783e-02	-1.648413e-01	2.802951e-01	6.880273e-01	-2.921756e-02	3.741988e+00	0.000000e+00	
5.040000e-03	-1.226115e-02	-2.594728e-01	4.713028e-01	6.210958e-01	-5.152442e-02	4.406386e+00	0.000000e+00	
3.050000e-03	-9.606704e-03	-3.473928e-01	6.608030e-01	5.119587e-01	-7.161577e-02	5.245496e+00	0.000000e+00	
1.560000e-03	-6.918667e-03	-4.206363e-01	8.263952e-01	3.388190e-01	-8.686134e-02	4.339570e+00	0.000000e+00	
5.600000e-04	-4.173994e-03	-4.569874e-01	9.544035e-01	1.141603e-01	-9.631754e-02	1.026190e+01	0.000000e+00	
6.000000e-05	-1.375585e-03	-4.390410e-01	1.003969e+00	-2.229069e-02	-1.048234e-01	7.053758e+00	0.000000e+00	
0.000000e+00	0.000000e+00	-4.117779e-01	1.008079e+00	-2.146908e-02	-1.093965e-01	-8.330800e+00	0.000000e+00	
6.000000e-05	1.349433e-03	-4.028193e-01	9.876643e-01	-3.774429e-02	-1.089840e-01	1.697909e+01	0.000000e+00	
5.600000e-04	4.036337e-03	-3.892303e-01	9.649594e-01	-8.365636e-02	-1.040010e-01	1.685841e+01	0.000000e+00	
1.560000e-03	6.620779e-03	-3.621001e-01	9.220124e-01	-1.248997e-01	-9.813367e-02	9.281914e+00	0.000000e+00	
3.050000e-03	9.111764e-03	-3.325763e-01	8.756349e-01	-1.483379e-01	-9.117319e-02	1.104303e+01	0.000000e+00	
5.040000e-03	1.153676e-02	-3.007979e-01	8.255045e-01	-1.611088e-01	-8.379725e-02	7.168345e+00	0.000000e+00	
7.520000e-03	1.388692e-02	-2.737510e-01	7.823768e-01	-1.610953e-01	-7.770894e-02	2.825912e+00	0.000000e+00	
1.049000e-02	1.616747e-02	-2.515046e-01	7.459937e-01	-1.532237e-01	-7.264532e-02	4.844020e+00	0.000000e+00	
1.395000e-02	1.838119e-02	-2.136371e-01	6.995260e-01	-1.564079e-01	-6.309255e-02	1.184706e+01	0.000000e+00	
1.790000e-02	2.052969e-02	-1.674353e-01	6.498384e-01	-1.643747e-01	-5.128065e-02	1.653986e+00	0.000000e+00	
2.232000e-02	2.260510e-02	-1.920089e-01	6.646810e-01	-1.328152e-01	-5.711950e-02	-3.001275e+01	0.000000e+00	
2.723000e-02	2.461877e-02	-3.227401e-01	7.739320e-01	-5.547617e-02	-8.906337e-02	-4.199302e+01	0.000000e+00	
3.260000e-02	2.656005e-02	-4.174909e-01	8.527521e-01	-5.359357e-03	-1.128503e-01	-5.206880e-01	0.000000e+00	
3.844000e-02	2.843481e-02	-2.816450e-01	7.268292e-01	-4.743911e-02	-8.076930e-02	6.426263e+01	0.000000e+00	
4.474000e-02	3.024114e-02	8.056175e-02	3.962621e-01	-1.519366e-01	7.552952e-03	9.285474e+01	0.000000e+00	
5.149000e-02	3.197779e-02	4.524932e-01	5.318598e-02	-2.335862e-01	1.006169e-01	6.685668e+01	0.000000e+00	
5.869000e-02	3.364612e-02	6.365672e-01	-1.224162e-01	-2.464931e-01	1.491623e-01	1.781489e+01	0.000000e+00	
6.633000e-02	3.524494e-02	6.113108e-01	-1.071365e-01	-2.085502e-01	1.457551e-01	-1.806470e+01	0.000000e+00	
7.440000e-02	3.677344e-02	4.747829e-01	1.224318e-02	-1.578840e-01	1.133110e-01	-3.079336e+01	0.000000e+00	
8.290000e-02	3.823267e-02	3.192447e-01	1.516987e-01	-1.156370e-01	7.467939e-02	-2.964068e+01	0.000000e+00	
9.181000e-02	3.962033e-02	1.808412e-01	2.768652e-01	-8.422361e-02	3.974482e-02	-2.485987e+01	0.000000e+00	
1.011300e-01	4.093763e-02	6.163387e-02	3.849831e-01	-6.015596e-02	9.451089e-03	-2.060097e+01	0.000000e+00	
1.108500e-01	4.218416e-02	-4.341230e-02	4.803261e-01	-4.110348e-02	-1.717189e-02	-1.723989e+01	0.000000e+00	
1.209500e-01	4.335859e-02	-1.360969e-01	5.645175e-01	-2.587240e-02	-4.070395e-02	-1.444410e+01	0.000000e+00	
1.314400e-01	4.446317e-02	-2.172496e-01	6.383668e-01	-1.394477e-02	-6.130793e-02	-1.197475e+01	0.000000e+00	
1.422900e-01	4.549582e-02	-2.864487e-01	7.014686e-01	-4.878973e-03	-7.893155e-02	-9.770905e+00	0.000000e+00	
1.534900e-01	4.645698e-02	-3.443626e-01	7.544411e-01	1.720484e-03	-9.373705e-02	-7.920044e+00	0.000000e+00	
1.650400e-01	4.734787e-02	-3.936756e-01	7.995464e-01	6.649610e-03	-1.062712e-01	-6.584262e+00	0.000000e+00	
1.769300e-01	4.816878e-02	-4.374471e-01	8.396930e-01	1.064932e-02	-1.173780e-01	-5.708765e+00	0.000000e+00	
1.891400e-01	4.891949e-02	-4.777644e-01	8.767190e-01	1.396243e-02	-1.275908e-01	-5.080913e+00	0.000000e+00	
2.016600e-01	4.960064e-02	-5.150837e-01	9.110718e-01	1.654275e-02	-1.370258e-01	-4.505005e+00	0.000000e+00	
2.144700e-01	5.021241e-02	-5.491955e-01	9.425795e-01	1.848508e-02	-1.456779e-01	-3.967512e+00	0.000000e+00	
2.275700e-01	5.075599e-02	-5.803315e-01	9.714292e-01	1.986420e-02	-1.535459e-01	-3.483571e+00	0.000000e+00	
2.409400e-01	5.123167e-02	-6.086831e-01	9.978145e-01	2.084134e-02	-1.607293e-01	-3.068939e+00	0.000000e+00	
2.545700e-01	5.164020e-02	-6.345777e-01	1.022063e+00	2.151337e-02	-1.672680e-01	-2.697019e+00	0.000000e+00	
2.684500e-01	5.198226e-02	-6.580487e-01	1.044254e+00	2.189992e-02	-1.732457e-01	-2.355302e+00	0.000000e+00	
2.825500e-01	5.225814e-02	-6.791280e-01	1.064360e+00	2.198823e-02	-1.785859e-01	-2.021798e+00	0.000000e+00	
2.968700e-01	5.246878e-02	-6.977228e-01	1.082362e+00	2.179755e-02	-1.833682e-01	-1.729548e+00	0.000000e+00	
3.114000e-01	5.261476e-02	-7.146223e-01	1.098927e+00	2.134142e-02	-1.876365e-01	-1.514147e+00	0.000000e+00	
3.261100e-01	5.269647e-02	-7.303795e-01	1.114573e+00	2.087776e-02	-1.916838e-01	-1.419431e+00	0.000000e+00	
3.409900e-01	5.271453e-02	-7.464977e-01	1.130597e+00	2.034220e-02	-1.957109e-01	-1.390942e+00	0.000000e+00	
3.560400e-01	5.266934e-02	-7.627802e-01	1.146899e+00	1.988234e-02	-1.998786e-01	-1.339573e+00	0.000000e+00	
3.712300e-01	5.256127e-02	-7.786958e-01	1.162997e+00	1.919518e-02	-2.038716e-01	-1.160226e+00	0.000000e+00	
3.865400e-01	5.239076e-02	-7.920677e-01	1.176924e+00	1.845800e-02	-2.073798e-01	-8.971054e-01	0.000000e+00	
4.019700e-01	5.215790e-02	-8.032400e-01	1.188950e+00	1.740047e-02	-2.102373e-01	-6.183930e-01	0.000000e+00	
4.175000e-01	5.186290e-02	-8.121431e-01	1.199164e+00	1.644213e-02	-2.126215e-01	-4.428181e-01	0.000000e+00	
4.331100e-01	5.150601e-02	-8.205884e-01	1.208967e+00	1.509631e-02	-2.148263e-01	-3.564011e-01	0.000000e+00	
4.487800e-01	5.108749e-02	-8.293034e-01	1.219091e+00	1.310522e-02	-2.169804e-01	-2.873457e-01	0.000000e+00	
4.645100e-01	5.060701e-02	-8.380018e-01	1.229097e+00	1.072415e-02	-2.189111e-01	-2.182963e-01	0.000000e+00	
4.802700e-01	5.006508e-02	-8.467345e-01	1.239148e+00	1.000370e-02	-2.204613e-01	-2.550944e-01	0.000000e+00	
4.960500e-01	4.946166e-02	-8.548594e-01	1.249198e+00	1.415849e-02	-2.221765e-01	-1.612842e-01	0.000000e+00	
5.118400e-01	4.879665e-02	-8.590868e-01	1.257090e+00	2.008333e-02	-2.239978e-01	1.605455e+00	0.000000e+00	
5.276100e-01	4.807093e-02	-8.388633e-01	1.244358e+00	1.644776e-02	-2.210833e-01	5.023187e+00	0.000000e+00	
5.433600e-01	4.728415e-02	-7.622081e-01	1.181146e+00	4.597619e-03	-2.020363e-01	9.333008e+00	0.000000e+00	
5.590600e-01	4.643756e-02	-6.362540e-01	1.071557e+00	1.373447e-03	-1.682787e-01	8.737166e+00	0.000000e+00	
5.747100e-01	4.553100e-02	-5.246784e-01	9.665843e-01	2.271938e-02	-1.385327e-01	1.222345e+01	0.000000e+00	
5.902800e-01	4.456625e-02	-4.812523e-01	9.194774e-01	2.684482e-02	-1.292232e-01	4.773308e+00	0.000000e+00	
6.057600e-01	4.354421e-02	-4.879362e-01	9.318312e-01	2.516699e-02	-1.313271e-01	-1.329920e+00	0.000000e+00	
6.211300e-01	4.246675e-02	-5.056745e-01	9.572776e-01	2.322966e-02	-1.356980e-01	-1.540330e+00	0.000000e+00	
6.363800e-01	4.133538e-02	-5.193777e-01	9.772225e-01	2.219606e-02	-1.392282e-01	-8.947834e-01	0.000000e+00	
6.515000e-01	4.015192e-02	-5.305645e-01	9.944140e-01	2.094941e-02	-1.422247e-01	-7.324733e-01	0.000000e+00	
6.664700e-01	3.891935e-02	-5.418845e-01	1.012335e+00	1.927789e-02	-1.451961e-01	-7.345264e-01	0.000000e+00	
6.812700e-01	3.764114e-02	-5.526340e-01	1.029892e+00	1.773107e-02	-1.481830e-01	-7.002017e-01	0.000000e+00	
6.958900e-01	3.632040e-02	-5.635225e-01	1.047868e+00	1.572536e-02	-1.510012e-01	-6.200871e-01	0.000000e+00	
7.103200e-01	3.496057e-02	-5.734775e-01	1.065133e+00	1.400282e-02	-1.538116e-01	-6.025424e-01	0.000000e+00	
7.245300e-01	3.356748e-02	-5.839987e-01	1.083421e+00	1.167178e-02	-1.565609e-01	-5.877563e-01	0.000000e+00	
7.385200e-01	3.214450e-02	-5.939711e-01	1.101505e+00	9.612064e-03	-1.594142e-01	-6.228328e-01	0.000000e+00	
7.522800e-01	3.069627e-02	-6.048202e-01	1.121036e+00	6.882479e-03	-1.622698e-01	-6.273624e-01	0.000000e+00	
7.657800e-01	2.922994e-02	-6.151561e-01	1.140503e+00	4.467283e-03	-1.652509e-01	-6.734871e-01	0.000000e+00	
7.790100e-01	2.775090e-02	-6.263534e-01	1.161438e+00	1.376109e-03	-1.682421e-01	-6.966592e-01	0.000000e+00	
7.919700e-01	2.626366e-02	-6.371677e-01	1.182497e+00	-1.423078e-03	-1.713933e-01	-7.670756e-01	0.000000e+00	
8.046400e-01	2.477512e-02	-6.489979e-01	1.205321e+00	-4.935673e-03	-1.746000e-01	-8.115797e-01	0.000000e+00	
8.170100e-01	2.329119e-02	-6.605781e-01	1.228531e+00	-8.156753e-03	-1.780018e-01	-9.064091e-01	0.000000e+00	
8.290500e-01	2.182024e-02	-6.733555e-01	1.253823e+00	-1.210494e-02	-1.815160e-01	-9.702359e-01	0.000000e+00	
8.407700e-01	2.036562e-02	-6.859471e-01	1.279801e+00	-1.575291e-02	-1.852536e-01	-1.089710e+00	0.000000e+00	
8.521600e-01	1.893272e-02	-6.997287e-01	1.307782e+00	-2.010319e-02	-1.891508e-01	-1.201135e+00	0.000000e+00	
8.631800e-01	1.753016e-02	-7.140766e-01	1.337503e+00	-2.454089e-02	-1.933172e-01	-1.341690e+00	0.000000e+00	
8.738500e-01	1.615817e-02	-7.292138e-01	1.369212e+00	-2.930504e-02	-1.977561e-01	-1.514892e+00	0.000000e+00	
8.841500e-01	1.482111e-02	-7.454655e-01	1.403406e+00	-3.458736e-02	-2.025167e-01	-1.707023e+00	0.000000e+00	
8.940600e-01	1.352272e-02	-7.626932e-01	1.440078e+00	-4.021570e-02	-2.075717e-01	-1.944976e+00	0.000000e+00	
9.035800e-01	1.226394e-02	-7.809021e-01	1.479342e+00	-4.626727e-02	-2.130055e-01	-2.236445e+00	0.000000e+00	
9.127000e-01	1.104788e-02	-8.004608e-01	1.521904e+00	-5.282727e-02	-2.187530e-01	-2.567159e+00	0.000000e+00	
9.214000e-01	9.881018e-03	-8.208746e-01	1.567399e+00	-5.939109e-02	-2.249441e-01	-2.987683e+00	0.000000e+00	
9.296900e-01	8.768671e-03	-8.430459e-01	1.617234e+00	-6.620087e-02	-2.315625e-01	-3.448057e+00	0.000000e+00	
9.375400e-01	7.724208e-03	-8.665387e-01	1.671351e+00	-7.249863e-02	-2.388600e-01	-4.045890e+00	0.000000e+00	
9.449600e-01	6.756617e-03	-8.930106e-01	1.732219e+00	-7.887519e-02	-2.470400e-01	-4.767750e+00	0.000000e+00	
9.519400e-01	5.875409e-03	-9.230154e-01	1.801496e+00	-8.511287e-02	-2.565938e-01	-5.751914e+00	0.000000e+00	
9.584700e-01	5.084335e-03	-9.586366e-01	1.882573e+00	-9.247003e-02	-2.679363e-01	-7.095254e+00	0.000000e+00	
9.645400e-01	4.379104e-03	-1.000981e+00	1.977849e+00	-1.017292e-01	-2.815987e-01	-9.030182e+00	0.000000e+00	
9.701500e-01	3.746911e-03	-1.051580e+00	2.090294e+00	-1.148490e-01	-2.979447e-01	-1.181650e+01	0.000000e+00	
9.752800e-01	3.173517e-03	-1.110980e+00	2.221781e+00	-1.333026e-01	-3.173364e-01	-1.605428e+01	0.000000e+00	
9.799500e-01	2.641773e-03	-1.180341e+00	2.375755e+00	-1.581944e-01	-3.401821e-01	-2.220076e+01	0.000000e+00	
9.841300e-01	2.146233e-03	-1.259370e+00	2.554759e+00	-1.901974e-01	-3.669050e-01	-3.206577e+01	0.000000e+00	
9.878400e-01	1.683394e-03	-1.350743e+00	2.764966e+00	-2.286996e-01	-3.990270e-01	-4.755975e+01	0.000000e+00	
9.910500e-01	1.262353e-03	-1.456852e+00	3.018069e+00	-2.740076e-01	-4.379442e-01	-7.206496e+01	0.000000e+00	
9.937800e-01	8.891852e-04	-1.580927e+00	3.327515e+00	-3.173868e-01	-4.872718e-01	-1.473040e+02	0.000000e+00	
9.960200e-01	5.738785e-04	-1.778340e+00	3.799990e+00	-3.627187e-01	-5.771431e-01	-2.084321e+02	0.000000e+00	
9.977600e-01	3.245327e-04	-1.923265e+00	4.264883e+00	-4.246686e-01	-6.508806e-01	-2.668981e+02	0.000000e+00	
9.990000e-01	1.452010e-04	-2.003199e+00	4.834074e+00	-1.089660e-01	-7.479697e-01	-6.535557e+03	0.000000e+00	
9.997500e-01	3.632813e-05	-4.769864e+00	1.028631e+01	-5.310858e-01	-2.570534e+00	1.764883e+04	0.000000e+00	
1.000000e+00	0.000000e+00	-2.582781e-02	-2.654321e-01	-1.353889e+01	-4.213220e-02	-1.891500e+02	0.000000e+00	
150	151
151	152
152	153
153	154
154	155
155	156
156	157
157	158
158	159
159	160
160	161
161	162
162	163
163	164
164	165
165	166
166	167
167	168
168	169
169	170
170	171
171	172
172	173
173	174
174	175
175	176
176	177
177	178
178	179
179	180
180	181
181	182
182	183
32	33
33	34
34	35
35	36
36	37
37	38
38	39
39	40
40	41
41	42
42	43
43	44
44	45
45	46
46	47
47	48
48	49
49	50
50	51
51	52
52	53
53	54
54	55
55	56
56	57
57	58
58	59
59	60
60	61
61	62
62	63
63	64
64	65
65	66
66	67
67	68
68	69
69	70
70	71
71	72
72	73
73	74
74	75
75	76
76	77
77	78
78	79
79	80
80	81
81	82
82	83
83	84
84	85
114	115
115	116
116	117
117	118
118	119
119	120
120	121
121	122
122	123
123	124
124	125
125	126
126	127
127	128
128	129
129	130
130	131
131	132
132	133
133	134
134	135
135	136
136	137
137	138
138	139
139	140
140	141
141	142
142	143
143	144
144	145
145	146
146	147
147	148
148	149
149	150
85	86
86	87
87	88
88	89
89	90
90	91
91	92
92	93
93	94
94	95
95	96
96	97
97	98
98	99
99	100
100	101
101	102
102	103
103	104
104	105
105	106
106	107
107	108
108	109
109	110
110	111
111	112
112	113
113	114
200	1
1	2
2	3
3	4
4	5
5	6
6	7
7	8
183	184
184	185
185	186
186	187
187	188
188	189
189	190
190	191
191	192
192	193
193	194
194	195
195	196
196	197
197	198
198	199
199	200
8	9
9	10
10	11
11	12
12	13
13	14
14	15
15	16
16	17
17	18
18	19
19	20
20	21
21	22
22	23
23	24
24	25
25	26
26	27
27	28
28	29
29	30
30	31
31	32
