-1.135173623177613417e-04
-8.994942395988898484e-03
-3.846696157966549706e-03
4.522724783892706490e-03
-4.041138697258334946e-03
8.087936776487321053e-03
-4.490701915600454550e-03
-9.351941316621693173e-03
-9.650885990740600343e-03
-2.125279268081941078e-03
-2.398668031427568514e-03
2.284907086773715901e-06
6.032349962790147305e-03
8.725184481670556283e-03
-4.026712464033421930e-03
-7.974859121209921381e-03
-7.691695853192557532e-03
-8.786562718240860381e-04
4.553688361088676501e-03
2.988816771748288581e-03
5.396765088206348024e-03
5.825785015307753320e-03
8.063260642138471782e-03
-6.931735756512838117e-03
-4.182756003422600892e-03
4.644912682459407735e-03
-3.541318601810763446e-03
9.731455768141413290e-03
-3.476299009976899917e-04
6.795618169028424735e-03
