3.432326689999999625e-02
2.212174871599999898e-02
4.361655955999999522e-03
4.564558978000000239e-03
4.405058465999999763e-03
4.346946073999999674e-03
5.227110038000000805e-03
3.326938210000000232e-03
3.630200288000000244e-03
2.637228067999999870e-03
2.706914353999999821e-03
3.790658077999999823e-03
3.386048771999999960e-03
2.716716886000000025e-03
2.774240193999999958e-03
3.881653886000000029e-03
6.615066672000000092e-03
9.364709889999999620e-03
1.296242312800000018e-02
1.129575175600000016e-02
