7.492176970000000158e-03
5.917470939999999908e-03
2.664207129999999948e-03
2.651511699999999864e-03
1.847401430000000051e-03
2.249777770000000073e-03
1.952329420000000100e-03
2.206325830000000019e-03
2.206325830000000019e-03
1.643563949999999902e-03
1.989285380000000141e-03
1.477253370000000026e-03
1.974961779999999823e-03
2.176946710000000115e-03
2.068209520000000197e-03
1.939367019999999921e-03
2.497482369999999910e-03
2.497482369999999910e-03
3.215989759999999826e-03
8.767956279999999242e-03
