-9.284458893029476530e-04
-1.903354429900564262e-03
-2.455273145797765358e-03
-3.259337213806965360e-03
-1.409039046820992347e-03
-4.225019503189290579e-04
2.866996651934960137e-03
-2.345809510680721584e-03
-3.839229932439584738e-03
-1.730129986582938130e-04
-3.692784714018476893e-03
9.616198868156707394e-04
-1.815364698806488236e-03
-8.335198825775540221e-04
1.750558767984126095e-03
-3.422778926221313207e-03
-1.559265267953650370e-03
2.960581371557532461e-03
-2.789127806952730951e-03
1.669204503038124697e-03
3.166111778148010536e-03
-2.426394805463951733e-03
-2.337209756638539832e-03
7.837618477168836750e-04
3.337867668749558772e-04
1.157090234330806003e-03
-3.081677062385662288e-03
1.536769726594647625e-03
1.846628775383858147e-03
-2.698368650053844121e-03
-8.638436187667977717e-04
1.874910686400239196e-03
5.383797105816190073e-04
3.230100922785889006e-03
2.286747543437202788e-03
-4.355471522024673137e-04
2.198394620467562094e-03
-1.981630221434214131e-03
