3.069056795749999789e-02
2.255000593099999728e-02
2.327648517700000100e-02
1.646902666500000070e-02
1.150726090349999883e-02
1.028774327750000064e-02
9.270586583499999117e-03
6.309143796500001067e-03
4.391512580500000693e-03
4.983468656999999122e-03
3.727403201999999419e-03
4.185525036500001642e-03
2.802737629000000112e-03
3.921294370499999252e-03
3.843276366150000147e-03
4.656192938150000363e-03
4.541289677850000525e-03
3.732702761499999411e-03
6.094464451000000324e-03
3.391585257999999749e-03
