4.523012849999999939e-03
4.436506409999999880e-03
9.980449540000000189e-03
5.015572719999999984e-03
4.944946639999999588e-03
3.646704949999999851e-03
3.588374210000000106e-03
1.455166080000000039e-03
1.452016730000000103e-03
2.102045739999999947e-03
1.601183109999999941e-03
1.275608570000000015e-03
1.357105340000000103e-03
1.162523410000000038e-03
8.600468929999999538e-04
9.872656330000000469e-04
9.879166070000001010e-04
1.740446859999999910e-03
1.602027260000000054e-03
1.096501410000000039e-03
