2.114535670655811120e-03
-3.555303155335547485e-03
-3.766058250583535338e-03
-2.497402425536752665e-03
2.931359682262215174e-03
2.072570729639965775e-04
-1.945582012666885290e-03
-3.050494673069168057e-03
1.784930448804318906e-03
-7.952310382008578177e-04
2.428530608778048730e-03
-9.951188005700240327e-04
1.787675071032765461e-03
-5.592501006688619866e-04
-1.638489352573098672e-03
-3.953633226948576052e-03
3.102968760429671707e-03
3.390588631314881383e-03
-2.752975319213646788e-03
9.593325719089084921e-04
-2.029117969316774836e-03
-2.165451804643771412e-03
1.926824212158170964e-03
1.766101556433122624e-04
-3.491686879791656983e-03
2.483142632832787723e-03
-2.241141423729223897e-03
2.054900299552635430e-03
-1.199842651139739792e-03
2.007505469246696761e-03
-1.298277938788346998e-03
2.505878674359853994e-03
2.267199028220426120e-03
-2.955088035645420021e-03
5.560203465972109529e-04
3.784779133301618276e-05
3.553941146305096208e-03
2.777037605546438075e-03
