TITLE = "SU2 Simulation"
VARIABLES = "Iteration","Sens_Geo","Sens_Mach","Sens_AoA","Sens_Press","Sens_Temp","Sens_AoS","Res_AdjFlow[0]","Res_AdjFlow[1]","Res_AdjFlow[2]","Res_AdjFlow[3]","Res_AdjFlow[4]","Linear_Solver_Iterations","CFL_Number","Time(min)"
ZONE T= "Convergence history"
        2509, -2.44187209e-01, 3.89907318e-03, 1.20618168e-04, 1.05681859e-04, 4.01901651e-03, 0.0, -6.40961354e+00, -6.15781186e+00, -6.38216250e+00, -6.47545898e+00, 0.0, 2.0000000000, 8.0000000000, 0.0007728179
        2510, -2.48321471e-01, 3.77534947e-03, 1.20070305e-04, -2.85741987e-05, 3.88148596e-03, 0.0, -6.21073215e+00, -6.12896729e+00, -6.13191249e+00, -6.58877224e+00, 0.0, 2.0000000000, 8.0000000000, 0.0011981845
        2511, -2.47613684e-01, 3.69891817e-03, 1.19428646e-04, -1.04523619e-04, 3.82825290e-03, 0.0, -6.05713305e+00, -5.96880813e+00, -6.12206618e+00, -6.54556779e+00, 0.0, 2.0000000000, 8.0000000000, 0.0015163183
        2512, -2.47147377e-01, 3.66798209e-03, 1.19687089e-04, -1.12309872e-04, 3.85984602e-03, 0.0, -6.01741834e+00, -5.88138843e+00, -6.15256500e+00, -6.48385230e+00, 0.0, 2.0000000000, 8.0000000000, 0.0018378178
        2513, -2.47758936e-01, 3.59985120e-03, 1.20792128e-04, -1.26003055e-04, 3.85860528e-03, 0.0, -5.96879080e+00, -5.81221418e+00, -6.11666629e+00, -6.42466546e+00, 0.0, 2.0000000000, 8.0000000000, 0.0021779855
        2514, -2.48269004e-01, 3.48003931e-03, 1.21966042e-04, -1.62544028e-04, 3.78196091e-03, 0.0, -5.95781819e+00, -5.77553748e+00, -6.11932037e+00, -6.39641619e+00, 0.0, 2.0000000000, 8.0000000000, 0.0025050680
        2515, -2.48371392e-01, 3.39149587e-03, 1.22975569e-04, -1.48736547e-04, 3.71899346e-03, 0.0, -5.95739768e+00, -5.76010112e+00, -6.10944223e+00, -6.35873283e+00, 0.0, 2.0000000000, 8.0000000000, 0.0028326193
        2516, -2.48365922e-01, 3.36604648e-03, 1.23851550e-04, -5.36477606e-05, 3.71246982e-03, 0.0, -5.99223491e+00, -5.77802085e+00, -6.13646116e+00, -6.38189246e+00, 0.0, 2.0000000000, 8.0000000000, 0.0031527003
        2517, -2.48395302e-01, 3.31038480e-03, 1.24684464e-04, 2.40490532e-05, 3.66208867e-03, 0.0, -6.03452704e+00, -5.80729759e+00, -6.16950906e+00, -6.43131552e+00, 0.0, 2.0000000000, 8.0000000000, 0.0034965356
        2518, -2.48445230e-01, 3.22859559e-03, 1.25731015e-04, 7.34305784e-05, 3.58098799e-03, 0.0, -6.06617041e+00, -5.83334227e+00, -6.20731198e+00, -6.46720613e+00, 0.0, 2.0000000000, 8.0000000000, 0.0038367828
        2519, -2.48513439e-01, 3.12842326e-03, 1.27064756e-04, 9.79919670e-05, 3.48071133e-03, 0.0, -6.09576487e+00, -5.85865215e+00, -6.25211141e+00, -6.50249291e+00, 0.0, 2.0000000000, 8.0000000000, 0.0043492834
        2520, -2.48586617e-01, 3.00602957e-03, 1.28514434e-04, 9.53544558e-05, 3.35523524e-03, 0.0, -6.12283204e+00, -5.88391583e+00, -6.29022167e+00, -6.53047368e+00, 0.0, 2.0000000000, 8.0000000000, 0.0049040000
        2521, -2.48795467e-01, 2.86157768e-03, 1.29924439e-04, 6.10430992e-05, 3.20262484e-03, 0.0, -6.13248686e+00, -5.90125603e+00, -6.28747472e+00, -6.52912730e+00, 0.0, 2.0000000000, 8.0000000000, 0.0053047498
        2522, -2.48790923e-01, 2.86594656e-03, 1.31690148e-04, 1.67395351e-04, 3.22637541e-03, 0.0, -6.14872491e+00, -5.93347507e+00, -6.35224709e+00, -6.56794619e+00, 0.0, 2.0000000000, 8.0000000000, 0.0056501865
        2523, -2.48839932e-01, 2.77442554e-03, 1.33155537e-04, 1.72134159e-04, 3.13093408e-03, 0.0, -6.20454798e+00, -5.98318477e+00, -6.45005658e+00, -6.65265587e+00, 0.0, 2.0000000000, 8.0000000000, 0.0059664170
        2524, -2.48767772e-01, 2.70087195e-03, 1.34494065e-04, 1.71148530e-04, 3.05270824e-03, 0.0, -6.24565063e+00, -6.04335962e+00, -6.49553030e+00, -6.70226630e+00, 0.0, 2.0000000000, 8.0000000000, 0.0062928836
        2525, -2.48688306e-01, 2.66210124e-03, 1.35885165e-04, 1.81052409e-04, 3.01212821e-03, 0.0, -6.29265230e+00, -6.10505172e+00, -6.54411756e+00, -6.77288127e+00, 0.0, 2.0000000000, 8.0000000000, 0.0066103856
        2526, -2.48629311e-01, 2.65302206e-03, 1.37260906e-04, 1.95350832e-04, 3.00345946e-03, 0.0, -6.32636195e+00, -6.16310683e+00, -6.59828359e+00, -6.82989535e+00, 0.0, 2.0000000000, 8.0000000000, 0.0069322666
        2527, -2.48662218e-01, 2.65492180e-03, 1.38529857e-04, 1.97209765e-04, 3.00443803e-03, 0.0, -6.34140568e+00, -6.20831420e+00, -6.61750915e+00, -6.85089929e+00, 0.0, 2.0000000000, 8.0000000000, 0.0072691679
        2528, -2.48680480e-01, 2.68543467e-03, 1.39809862e-04, 1.99041995e-04, 3.03640287e-03, 0.0, -6.35390955e+00, -6.24924376e+00, -6.63912897e+00, -6.88468677e+00, 0.0, 2.0000000000, 8.0000000000, 0.0075940530
        2529, -2.48579039e-01, 2.71439841e-03, 1.41003584e-04, 1.80534463e-04, 3.06355344e-03, 0.0, -6.33981267e+00, -6.26202902e+00, -6.61220493e+00, -6.85035677e+00, 0.0, 2.0000000000, 8.0000000000, 0.0079869191
        2530, -2.48469773e-01, 2.74888434e-03, 1.42103291e-04, 1.56760463e-04, 3.09495041e-03, 0.0, -6.31525113e+00, -6.25654012e+00, -6.56777278e+00, -6.80953078e+00, 0.0, 2.0000000000, 8.0000000000, 0.0083637834
        2531, -2.48431077e-01, 2.78000890e-03, 1.43092298e-04, 1.24133969e-04, 3.12025845e-03, 0.0, -6.28775703e+00, -6.23918818e+00, -6.53052550e+00, -6.77397252e+00, 0.0, 2.0000000000, 8.0000000000, 0.0087158839
        2532, -2.48376171e-01, 2.83076097e-03, 1.44067681e-04, 1.08917134e-04, 3.16815308e-03, 0.0, -6.30120582e+00, -6.24979618e+00, -6.57326532e+00, -6.80903888e+00, 0.0, 2.0000000000, 8.0000000000, 0.0090456843
        2533, -2.48288318e-01, 2.88684717e-03, 1.45025456e-04, 1.02953995e-04, 3.22213614e-03, 0.0, -6.29777526e+00, -6.24556958e+00, -6.57340510e+00, -6.79671384e+00, 0.0, 2.0000000000, 8.0000000000, 0.0093697031
        2534, -2.48248742e-01, 2.93114148e-03, 1.45935978e-04, 9.35014729e-05, 3.26185180e-03, 0.0, -6.28653246e+00, -6.23288587e+00, -6.54779652e+00, -6.76739535e+00, 0.0, 2.0000000000, 8.0000000000, 0.0096883853
        2535, -2.48259356e-01, 2.98061513e-03, 1.46904648e-04, 9.50254708e-05, 3.30810427e-03, 0.0, -6.30071975e+00, -6.23779242e+00, -6.56579431e+00, -6.78664007e+00, 0.0, 2.0000000000, 8.0000000000, 0.0100319664
        2536, -2.48267689e-01, 3.01983952e-03, 1.47895973e-04, 9.57641946e-05, 3.34269616e-03, 0.0, -6.31924980e+00, -6.24799847e+00, -6.58733193e+00, -6.80348535e+00, 0.0, 2.0000000000, 8.0000000000, 0.0103789012
        2537, -2.48288587e-01, 3.05058494e-03, 1.48938625e-04, 9.68455522e-05, 3.36804205e-03, 0.0, -6.34495690e+00, -6.26461620e+00, -6.62810707e+00, -6.83770589e+00, 0.0, 2.0000000000, 8.0000000000, 0.0106981834
        2538, -2.48315413e-01, 3.07560078e-03, 1.50004417e-04, 1.01440396e-04, 3.38773577e-03, 0.0, -6.36940914e+00, -6.28161842e+00, -6.66404663e+00, -6.86987068e+00, 0.0, 2.0000000000, 8.0000000000, 0.0110620499
        2539, -2.48381857e-01, 3.07870342e-03, 1.51086931e-04, 9.30969366e-05, 3.38245004e-03, 0.0, -6.39251078e+00, -6.29994364e+00, -6.70399502e+00, -6.90106090e+00, 0.0, 2.0000000000, 8.0000000000, 0.0114777009
        2540, -2.48428990e-01, 3.07825083e-03, 1.52212785e-04, 8.70476291e-05, 3.37438659e-03, 0.0, -6.42307519e+00, -6.32771625e+00, -6.74968986e+00, -6.95571856e+00, 0.0, 2.0000000000, 8.0000000000, 0.0118972500
        2541, -2.48444781e-01, 3.07821842e-03, 1.53398919e-04, 8.74852937e-05, 3.36823772e-03, 0.0, -6.44406114e+00, -6.35124617e+00, -6.77880737e+00, -6.98405072e+00, 0.0, 2.0000000000, 8.0000000000, 0.0124016166
        2542, -2.48433585e-01, 3.07743066e-03, 1.54631084e-04, 9.20557989e-05, 3.36236287e-03, 0.0, -6.45851214e+00, -6.37114824e+00, -6.79438870e+00, -6.99894049e+00, 0.0, 2.0000000000, 8.0000000000, 0.0128262838
        2543, -2.48416998e-01, 3.07555694e-03, 1.55900532e-04, 9.82388250e-05, 3.35605407e-03, 0.0, -6.47105647e+00, -6.39004565e+00, -6.80873257e+00, -7.01419039e+00, 0.0, 2.0000000000, 8.0000000000, 0.0132832527
        2544, -2.48401095e-01, 3.07367667e-03, 1.57202545e-04, 1.04449155e-04, 3.35026519e-03, 0.0, -6.48239843e+00, -6.40733741e+00, -6.82085238e+00, -7.02648870e+00, 0.0, 2.0000000000, 8.0000000000, 0.0137299498
        2545, -2.48377366e-01, 3.07270916e-03, 1.58547417e-04, 1.09402234e-04, 3.34576361e-03, 0.0, -6.49360620e+00, -6.42344237e+00, -6.83215370e+00, -7.04031106e+00, 0.0, 2.0000000000, 8.0000000000, 0.0141438007
        2546, -2.48341597e-01, 3.07471428e-03, 1.59938955e-04, 1.13026556e-04, 3.34467336e-03, 0.0, -6.50390172e+00, -6.43713288e+00, -6.84168692e+00, -7.05171010e+00, 0.0, 2.0000000000, 8.0000000000, 0.0145218690
        2547, -2.48292108e-01, 3.08110528e-03, 1.61376657e-04, 1.16251244e-04, 3.34833667e-03, 0.0, -6.51254395e+00, -6.44748355e+00, -6.84882339e+00, -7.06199602e+00, 0.0, 2.0000000000, 8.0000000000, 0.0149501522
        2548, -2.48231919e-01, 3.09310544e-03, 1.62845174e-04, 1.19326335e-04, 3.35790477e-03, 0.0, -6.51928091e+00, -6.45384149e+00, -6.85265903e+00, -7.06784282e+00, 0.0, 2.0000000000, 8.0000000000, 0.0153427998
        2549, -2.48164569e-01, 3.11262474e-03, 1.64335666e-04, 1.24877288e-04, 3.37545303e-03, 0.0, -6.52135666e+00, -6.45371791e+00, -6.84844232e+00, -7.06739829e+00, 0.0, 2.0000000000, 8.0000000000, 0.0157566667
        2550, -2.48087936e-01, 3.14374750e-03, 1.65828476e-04, 1.36852175e-04, 3.40582450e-03, 0.0, -6.51414195e+00, -6.44314941e+00, -6.82667614e+00, -7.04934104e+00, 0.0, 2.0000000000, 8.0000000000, 0.0161443512
        2551, -2.48001505e-01, 3.18096588e-03, 1.67322020e-04, 1.51391129e-04, 3.44236780e-03, 0.0, -6.48820447e+00, -6.41523469e+00, -6.77665967e+00, -7.00252152e+00, 0.0, 2.0000000000, 8.0000000000, 0.0164667686
        2552, -2.47947956e-01, 3.20152049e-03, 1.68864006e-04, 1.44529932e-04, 3.45755544e-03, 0.0, -6.45998504e+00, -6.38497365e+00, -6.72949114e+00, -6.95326810e+00, 0.0, 2.0000000000, 8.0000000000, 0.0168872674
        2553, -2.47861172e-01, 3.23426123e-03, 1.70405506e-04, 1.46433389e-04, 3.48633403e-03, 0.0, -6.45421478e+00, -6.37171817e+00, -6.70585784e+00, -6.93926535e+00, 0.0, 2.0000000000, 8.0000000000, 0.0172131022
        2554, -2.47794151e-01, 3.25275415e-03, 1.71940851e-04, 1.32876760e-04, 3.49670056e-03, 0.0, -6.43791750e+00, -6.34877706e+00, -6.68683978e+00, -6.90944779e+00, 0.0, 2.0000000000, 8.0000000000, 0.0175323526
        2555, -2.47745111e-01, 3.28707343e-03, 1.73481093e-04, 1.33212573e-04, 3.52528898e-03, 0.0, -6.46365589e+00, -6.35619271e+00, -6.72210172e+00, -6.95009183e+00, 0.0, 2.0000000000, 8.0000000000, 0.0178504030
        2556, -2.47695844e-01, 3.31812596e-03, 1.74995145e-04, 1.30536896e-04, 3.54915056e-03, 0.0, -6.45898965e+00, -6.34341674e+00, -6.71005472e+00, -6.93153660e+00, 0.0, 2.0000000000, 8.0000000000, 0.0181779504
        2557, -2.47653367e-01, 3.34893472e-03, 1.76494003e-04, 1.26836510e-04, 3.57215888e-03, 0.0, -6.46815166e+00, -6.33998593e+00, -6.71405707e+00, -6.93641645e+00, 0.0, 2.0000000000, 8.0000000000, 0.0185151498
        2558, -2.47608548e-01, 3.38113520e-03, 1.77991571e-04, 1.23753599e-04, 3.59643897e-03, 0.0, -6.47991601e+00, -6.33922230e+00, -6.72181431e+00, -6.94536925e+00, 0.0, 2.0000000000, 8.0000000000, 0.0188337843
        2559, -2.47559674e-01, 3.41372972e-03, 1.79484757e-04, 1.20649892e-04, 3.62093446e-03, 0.0, -6.49177908e+00, -6.33924708e+00, -6.73192548e+00, -6.95316910e+00, 0.0, 2.0000000000, 8.0000000000, 0.0191422661
        2560, -2.47511305e-01, 3.44731864e-03, 1.80965389e-04, 1.18343321e-04, 3.64654010e-03, 0.0, -6.50437578e+00, -6.34043739e+00, -6.74230783e+00, -6.96139110e+00, 0.0, 2.0000000000, 8.0000000000, 0.0194659511
        2561, -2.47463980e-01, 3.48073240e-03, 1.82422060e-04, 1.15909822e-04, 3.67202250e-03, 0.0, -6.51656649e+00, -6.34216550e+00, -6.75111192e+00, -6.96821130e+00, 0.0, 2.0000000000, 8.0000000000, 0.0197871010
        2562, -2.47418582e-01, 3.51394749e-03, 1.83846936e-04, 1.13537247e-04, 3.69751184e-03, 0.0, -6.52886930e+00, -6.34485445e+00, -6.75989105e+00, -6.97560302e+00, 0.0, 2.0000000000, 8.0000000000, 0.0201216181
        2563, -2.47375025e-01, 3.54665646e-03, 1.85235481e-04, 1.11150803e-04, 3.72274967e-03, 0.0, -6.54092996e+00, -6.34823540e+00, -6.76800818e+00, -6.98291398e+00, 0.0, 2.0000000000, 8.0000000000, 0.0204818328
        2564, -2.47332659e-01, 3.57870787e-03, 1.86584159e-04, 1.08817711e-04, 3.74761932e-03, 0.0, -6.55270403e+00, -6.35229326e+00, -6.77584509e+00, -6.99064626e+00, 0.0, 2.0000000000, 8.0000000000, 0.0209886511
        2565, -2.47291059e-01, 3.60998172e-03, 1.87890748e-04, 1.06596336e-04, 3.77200634e-03, 0.0, -6.56398693e+00, -6.35677280e+00, -6.78337639e+00, -6.99855012e+00, 0.0, 2.0000000000, 8.0000000000, 0.0215469360
        2566, -2.47250073e-01, 3.64039984e-03, 1.89153818e-04, 1.04548989e-04, 3.79583054e-03, 0.0, -6.57478761e+00, -6.36162819e+00, -6.79075772e+00, -7.00678354e+00, 0.0, 2.0000000000, 8.0000000000, 0.0219155351
        2567, -2.47209694e-01, 3.66990201e-03, 1.90372573e-04, 1.02707231e-04, 3.81902786e-03, 0.0, -6.58518983e+00, -6.36684069e+00, -6.79820466e+00, -7.01536123e+00, 0.0, 2.0000000000, 8.0000000000, 0.0222555677
        2568, -2.47169888e-01, 3.69843945e-03, 1.91546660e-04, 1.01074801e-04, 3.84154507e-03, 0.0, -6.59533904e+00, -6.37246016e+00, -6.80581117e+00, -7.02432568e+00, 0.0, 2.0000000000, 8.0000000000, 0.0225974679
        2569, -2.47130503e-01, 3.72598758e-03, 1.92676120e-04, 9.96480215e-05, 3.86335363e-03, 0.0, -6.60541559e+00, -6.37856790e+00, -6.81364335e+00, -7.03372448e+00, 0.0, 2.0000000000, 8.0000000000, 0.0229218006
        2570, -2.47091318e-01, 3.75253841e-03, 1.93761362e-04, 9.84183538e-05, 3.88443908e-03, 0.0, -6.61557911e+00, -6.38524032e+00, -6.82170793e+00, -7.04358355e+00, 0.0, 2.0000000000, 8.0000000000, 0.0232478499
        2571, -2.47052123e-01, 3.77809975e-03, 1.94803070e-04, 9.73753790e-05, 3.90480051e-03, 0.0, -6.62597298e+00, -6.39254821e+00, -6.83001770e+00, -7.05393141e+00, 0.0, 2.0000000000, 8.0000000000, 0.0235666354
        2572, -2.47012763e-01, 3.80268818e-03, 1.95802148e-04, 9.65036072e-05, 3.92444348e-03, 0.0, -6.63670719e+00, -6.40054164e+00, -6.83857157e+00, -7.06477701e+00, 0.0, 2.0000000000, 8.0000000000, 0.0238838673
        2573, -2.46973149e-01, 3.82632957e-03, 1.96759684e-04, 9.57854787e-05, 3.94338193e-03, 0.0, -6.64786497e+00, -6.40925412e+00, -6.84735335e+00, -7.07611939e+00, 0.0, 2.0000000000, 8.0000000000, 0.0242083669
        2574, -2.46933245e-01, 3.84905616e-03, 1.97676941e-04, 9.52021859e-05, 3.96163556e-03, 0.0, -6.65950362e+00, -6.41870136e+00, -6.85632640e+00, -7.08794679e+00, 0.0, 2.0000000000, 8.0000000000, 0.0245799661
        2575, -2.46893055e-01, 3.87090541e-03, 1.98555332e-04, 9.47353524e-05, 3.97922906e-03, 0.0, -6.67165954e+00, -6.42888533e+00, -6.86544259e+00, -7.10024116e+00, 0.0, 2.0000000000, 8.0000000000, 0.0249553005
        2576, -2.46852614e-01, 3.89191723e-03, 1.99396383e-04, 9.43669504e-05, 3.99618937e-03, 0.0, -6.68434995e+00, -6.43979531e+00, -6.87464624e+00, -7.11297660e+00, 0.0, 2.0000000000, 8.0000000000, 0.0252880851
        2577, -2.46811978e-01, 3.91213243e-03, 2.00201694e-04, 9.40796753e-05, 4.01254457e-03, 0.0, -6.69757572e+00, -6.45141098e+00, -6.88387796e+00, -7.12612058e+00, 0.0, 2.0000000000, 8.0000000000, 0.0256348173
        2578, -2.46771220e-01, 3.93159089e-03, 2.00972894e-04, 9.38569280e-05, 4.02832243e-03, 0.0, -6.71132345e+00, -6.46370408e+00, -6.89307666e+00, -7.13963458e+00, 0.0, 2.0000000000, 8.0000000000, 0.0259636362
        2579, -2.46730430e-01, 3.95033048e-03, 2.01711613e-04, 9.36830639e-05, 4.04354967e-03, 0.0, -6.72556818e+00, -6.47664060e+00, -6.90218265e+00, -7.15347573e+00, 0.0, 2.0000000000, 8.0000000000, 0.0262784004
        2580, -2.46689709e-01, 3.96838591e-03, 2.02419454e-04, 9.35434505e-05, 4.05825098e-03, 0.0, -6.74027581e+00, -6.49018216e+00, -6.91114062e+00, -7.16759832e+00, 0.0, 2.0000000000, 8.0000000000, 0.0265960852
        2581, -2.46649173e-01, 3.98578799e-03, 2.03097974e-04, 9.34246159e-05, 4.07244834e-03, 0.0, -6.75540565e+00, -6.50428753e+00, -6.91990263e+00, -7.18195526e+00, 0.0, 2.0000000000, 8.0000000000, 0.0269337694
        2582, -2.46608946e-01, 4.00256304e-03, 2.03748669e-04, 9.33143443e-05, 4.08616040e-03, 0.0, -6.77091290e+00, -6.51891402e+00, -6.92843069e+00, -7.19649991e+00, 0.0, 2.0000000000, 8.0000000000, 0.0272518357
        2583, -2.46569159e-01, 4.01873250e-03, 2.04372952e-04, 9.32018309e-05, 4.09940210e-03, 0.0, -6.78675091e+00, -6.53401889e+00, -6.93669907e+00, -7.21118770e+00, 0.0, 2.0000000000, 8.0000000000, 0.0275746663
        2584, -2.46529949e-01, 4.03431275e-03, 2.04972147e-04, 9.30778271e-05, 4.11218439e-03, 0.0, -6.80287326e+00, -6.54956073e+00, -6.94469569e+00, -7.22597779e+00, 0.0, 2.0000000000, 8.0000000000, 0.0279053847
        2585, -2.46491451e-01, 4.04931513e-03, 2.05547477e-04, 9.29348150e-05, 4.12451426e-03, 0.0, -6.81923553e+00, -6.56550054e+00, -6.95242243e+00, -7.24083417e+00, 0.0, 2.0000000000, 8.0000000000, 0.0282373349
        2586, -2.46453799e-01, 4.06374619e-03, 2.06100051e-04, 9.27671744e-05, 4.13639477e-03, 0.0, -6.83579656e+00, -6.58180268e+00, -6.95989439e+00, -7.25572656e+00, 0.0, 2.0000000000, 8.0000000000, 0.0285718362
        2587, -2.46417116e-01, 4.07760814e-03, 2.06630866e-04, 9.25713374e-05, 4.14782553e-03, 0.0, -6.85251930e+00, -6.59843543e+00, -6.96713807e+00, -7.27063061e+00, 0.0, 2.0000000000, 8.0000000000, 0.0289000193
        2588, -2.46381514e-01, 4.09089959e-03, 2.07140801e-04, 9.23458815e-05, 4.15880316e-03, 0.0, -6.86937111e+00, -6.61537111e+00, -6.97418889e+00, -7.28552761e+00, 0.0, 2.0000000000, 8.0000000000, 0.0292219520
        2589, -2.46347089e-01, 4.10361644e-03, 2.07630616e-04, 9.20915325e-05, 4.16932209e-03, 0.0, -6.88632352e+00, -6.63258583e+00, -6.98108827e+00, -7.30040360e+00, 0.0, 2.0000000000, 8.0000000000, 0.0295388500
        2590, -2.46313917e-01, 4.11575286e-03, 2.08100966e-04, 9.18110455e-05, 4.17937542e-03, 0.0, -6.90335162e+00, -6.65005870e+00, -6.98788062e+00, -7.31524801e+00, 0.0, 2.0000000000, 8.0000000000, 0.0299327016
        2591, -2.46282054e-01, 4.12730244e-03, 2.08552401e-04, 9.15089633e-05, 4.18895578e-03, 0.0, -6.92043325e+00, -6.66777085e+00, -6.99461058e+00, -7.33005204e+00, 0.0, 2.0000000000, 8.0000000000, 0.0303265015
        2592, -2.46251534e-01, 4.13825925e-03, 2.08985385e-04, 9.11912586e-05, 4.19805636e-03, 0.0, -6.93754809e+00, -6.68570419e+00, -7.00132072e+00, -7.34480719e+00, 0.0, 2.0000000000, 8.0000000000, 0.0306803187
        2593, -2.46222368e-01, 4.14861884e-03, 2.09400309e-04, 9.08648946e-05, 4.20667166e-03, 0.0, -6.95467716e+00, -6.70384032e+00, -7.00805005e+00, -7.35950407e+00, 0.0, 2.0000000000, 8.0000000000, 0.0311463515
        2594, -2.46194548e-01, 4.15837919e-03, 2.09797511e-04, 9.05373392e-05, 4.21479836e-03, 0.0, -6.97180257e+00, -6.72215961e+00, -7.01483319e+00, -7.37413190e+00, 0.0, 2.0000000000, 8.0000000000, 0.0315655510
        2595, -2.46168046e-01, 4.16754143e-03, 2.10177291e-04, 9.02160763e-05, 4.22243590e-03, 0.0, -6.98890799e+00, -6.74064074e+00, -7.02170033e+00, -7.38867869e+00, 0.0, 2.0000000000, 8.0000000000, 0.0319635193
        2596, -2.46142818e-01, 4.17611038e-03, 2.10539931e-04, 8.99081547e-05, 4.22958694e-03, 0.0, -7.00597953e+00, -6.75926078e+00, -7.02867771e+00, -7.40313212e+00, 0.0, 2.0000000000, 8.0000000000, 0.0323603670
        2597, -2.46118805e-01, 4.18409495e-03, 2.10885712e-04, 8.96198035e-05, 4.23625770e-03, 0.0, -7.02300702e+00, -6.77799576e+00, -7.03578844e+00, -7.41748100e+00, 0.0, 2.0000000000, 8.0000000000, 0.0328162193
        2598, -2.46095939e-01, 4.19150826e-03, 2.11214929e-04, 8.93561366e-05, 4.24245802e-03, 0.0, -7.03998540e+00, -6.79682168e+00, -7.04305339e+00, -7.43171693e+00, 0.0, 2.0000000000, 8.0000000000, 0.0332505186
        2599, -2.46074142e-01, 4.19836755e-03, 2.11527908e-04, 8.91209561e-05, 4.24820139e-03, 0.0, -7.05691596e+00, -6.81571583e+00, -7.05049208e+00, -7.44583591e+00, 0.0, 2.0000000000, 8.0000000000, 0.0336989005
        2600, -2.46053333e-01, 4.20469401e-03, 2.11825009e-04, 8.89166561e-05, 4.25350466e-03, 0.0, -7.07380709e+00, -6.83465807e+00, -7.05812325e+00, -7.45983957e+00, 0.0, 2.0000000000, 8.0000000000, 0.0341185172
        2601, -2.46033431e-01, 4.21051228e-03, 2.12106639e-04, 8.87442207e-05, 4.25838778e-03, 0.0, -7.09067429e+00, -6.85363194e+00, -7.06596520e+00, -7.47373585e+00, 0.0, 2.0000000000, 8.0000000000, 0.0344966173
        2602, -2.46014355e-01, 4.21584995e-03, 2.12373255e-04, 8.86033064e-05, 4.26287326e-03, 0.0, -7.10753953e+00, -6.87262546e+00, -7.07403593e+00, -7.48753891e+00, 0.0, 2.0000000000, 8.0000000000, 0.0348909855
        2603, -2.45996028e-01, 4.22073691e-03, 2.12625361e-04, 8.84923934e-05, 4.26698567e-03, 0.0, -7.12442968e+00, -6.89163127e+00, -7.08235284e+00, -7.50126835e+00, 0.0, 2.0000000000, 8.0000000000, 0.0352323532
        2604, -2.45978382e-01, 4.22520461e-03, 2.12863511e-04, 8.84089897e-05, 4.27075104e-03, 0.0, -7.14137442e+00, -6.91064625e+00, -7.09093246e+00, -7.51494785e+00, 0.0, 2.0000000000, 8.0000000000, 0.0356029510
        2605, -2.45961355e-01, 4.22928536e-03, 2.13088300e-04, 8.83498686e-05, 4.27419619e-03, 0.0, -7.15840377e+00, -6.92967067e+00, -7.09978995e+00, -7.52860336e+00, 0.0, 2.0000000000, 8.0000000000, 0.0359859347
        2606, -2.45944896e-01, 4.23301154e-03, 2.13300360e-04, 8.83113228e-05, 4.27734812e-03, 0.0, -7.17554550e+00, -6.94870678e+00, -7.10893870e+00, -7.54226120e+00, 0.0, 2.0000000000, 8.0000000000, 0.0363545338
        2607, -2.45928963e-01, 4.23641493e-03, 2.13500350e-04, 8.82894160e-05, 4.28023339e-03, 0.0, -7.19282277e+00, -6.96775728e+00, -7.11838990e+00, -7.55594619e+00, 0.0, 2.0000000000, 8.0000000000, 0.0367471178
        2608, -2.45913525e-01, 4.23952606e-03, 2.13688948e-04, 8.82802169e-05, 4.28287755e-03, 0.0, -7.21025217e+00, -6.98682379e+00, -7.12815238e+00, -7.56968007e+00, 0.0, 2.0000000000, 8.0000000000, 0.0371159832
        2609, -2.45898562e-01, 4.24237363e-03, 2.13866841e-04, 8.82800026e-05, 4.28530462e-03, 0.0, -7.22784250e+00, -7.00590543e+00, -7.13823250e+00, -7.58348042e+00, 0.0, 2.0000000000, 8.0000000000, 0.0376258334
        2610, -2.45884063e-01, 4.24498411e-03, 2.14034715e-04, 8.82854234e-05, 4.28753671e-03, 0.0, -7.24559423e+00, -7.02499787e+00, -7.14863427e+00, -7.59736014e+00, 0.0, 2.0000000000, 8.0000000000, 0.0381751339
        2611, -2.45870023e-01, 4.24738134e-03, 2.14193244e-04, 8.82936213e-05, 4.28959365e-03, 0.0, -7.26349975e+00, -7.04409283e+00, -7.15935962e+00, -7.61132740e+00, 0.0, 2.0000000000, 8.0000000000, 0.0386422833
        2612, -2.45856447e-01, 4.24958635e-03, 2.14343085e-04, 8.83023022e-05, 4.29149281e-03, 0.0, -7.28154433e+00, -7.06317814e+00, -7.17040875e+00, -7.62538619e+00, 0.0, 2.0000000000, 8.0000000000, 0.0390617847
        2613, -2.45843343e-01, 4.25161727e-03, 2.14484869e-04, 8.83097636e-05, 4.29324901e-03, 0.0, -7.29970768e+00, -7.08223838e+00, -7.18178063e+00, -7.63953725e+00, 0.0, 2.0000000000, 8.0000000000, 0.0394437671
        2614, -2.45830721e-01, 4.25348937e-03, 2.14619190e-04, 8.83148812e-05, 4.29487452e-03, 0.0, -7.31796586e+00, -7.10125592e+00, -7.19347346e+00, -7.65377923e+00, 0.0, 2.0000000000, 8.0000000000, 0.0398260196
        2615, -2.45818593e-01, 4.25521528e-03, 2.14746608e-04, 8.83170615e-05, 4.29637920e-03, 0.0, -7.33629341e+00, -7.12021226e+00, -7.20548508e+00, -7.66810992e+00, 0.0, 2.0000000000, 8.0000000000, 0.0401981195
        2616, -2.45806972e-01, 4.25680517e-03, 2.14867638e-04, 8.83161700e-05, 4.29777079e-03, 0.0, -7.35466533e+00, -7.13908954e+00, -7.21781335e+00, -7.68252747e+00, 0.0, 2.0000000000, 8.0000000000, 0.0406427860
        2617, -2.45795865e-01, 4.25826721e-03, 2.14982751e-04, 8.83124415e-05, 4.29905518e-03, 0.0, -7.37305895e+00, -7.15787194e+00, -7.23045638e+00, -7.69703133e+00, 0.0, 2.0000000000, 8.0000000000, 0.0410663684
        2618, -2.45785278e-01, 4.25960792e-03, 2.15092371e-04, 8.83063836e-05, 4.30023687e-03, 0.0, -7.39145529e+00, -7.17654688e+00, -7.24341269e+00, -7.71162292e+00, 0.0, 2.0000000000, 8.0000000000, 0.0415531834
        2619, -2.45775212e-01, 4.26083267e-03, 2.15196877e-04, 8.82986789e-05, 4.30131937e-03, 0.0, -7.40984003e+00, -7.19510589e+00, -7.25668118e+00, -7.72630596e+00, 0.0, 2.0000000000, 8.0000000000, 0.0419523358
        2620, -2.45765662e-01, 4.26194611e-03, 2.15296602e-04, 8.82900944e-05, 4.30230564e-03, 0.0, -7.42820398e+00, -7.21354509e+00, -7.27026106e+00, -7.74108647e+00, 0.0, 2.0000000000, 8.0000000000, 0.0423593680
        2621, -2.45756620e-01, 4.26295261e-03, 2.15391837e-04, 8.82814007e-05, 4.30319851e-03, 0.0, -7.44654313e+00, -7.23186531e+00, -7.28415169e+00, -7.75597252e+00, 0.0, 2.0000000000, 8.0000000000, 0.0427526673
        2622, -2.45748072e-01, 4.26385659e-03, 2.15482833e-04, 8.82733057e-05, 4.30400100e-03, 0.0, -7.46485845e+00, -7.25007192e+00, -7.29835244e+00, -7.77097384e+00, 0.0, 2.0000000000, 8.0000000000, 0.0431361516
        2623, -2.45739999e-01, 4.26466285e-03, 2.15569806e-04, 8.82664035e-05, 4.30471666e-03, 0.0, -7.48315537e+00, -7.26817441e+00, -7.31286244e+00, -7.78610134e+00, 0.0, 2.0000000000, 8.0000000000, 0.0435202996
        2624, -2.45732380e-01, 4.26537672e-03, 2.15652939e-04, 8.82611393e-05, 4.30534967e-03, 0.0, -7.50144329e+00, -7.28618589e+00, -7.32768053e+00, -7.80136667e+00, 0.0, 2.0000000000, 8.0000000000, 0.0439085523
        2625, -2.45725190e-01, 4.26600416e-03, 2.15732388e-04, 8.82577905e-05, 4.30590497e-03, 0.0, -7.51973490e+00, -7.30412246e+00, -7.34280513e+00, -7.81678183e+00, 0.0, 2.0000000000, 8.0000000000, 0.0443088333
        2626, -2.45718402e-01, 4.26655177e-03, 2.15808288e-04, 8.82564618e-05, 4.30638821e-03, 0.0, -7.53804565e+00, -7.32200273e+00, -7.35823422e+00, -7.83235891e+00, 0.0, 2.0000000000, 8.0000000000, 0.0447544694
        2627, -2.45711988e-01, 4.26702671e-03, 2.15880752e-04, 8.82570941e-05, 4.30680568e-03, 0.0, -7.55639312e+00, -7.33984721e+00, -7.37396538e+00, -7.84810990e+00, 0.0, 2.0000000000, 8.0000000000, 0.0451221188
        2628, -2.45705923e-01, 4.26743650e-03, 2.15949881e-04, 8.82594831e-05, 4.30716415e-03, 0.0, -7.57479638e+00, -7.35767780e+00, -7.38999583e+00, -7.86404655e+00, 0.0, 2.0000000000, 8.0000000000, 0.0455253681
        2629, -2.45700177e-01, 4.26778889e-03, 2.16015765e-04, 8.82633064e-05, 4.30747060e-03, 0.0, -7.59327540e+00, -7.37551733e+00, -7.40632249e+00, -7.88018028e+00, 0.0, 2.0000000000, 8.0000000000, 0.0458698352
        2630, -2.45694727e-01, 4.26809160e-03, 2.16078487e-04, 8.82681552e-05, 4.30773209e-03, 0.0, -7.61185040e+00, -7.39338903e+00, -7.42294206e+00, -7.89652205e+00, 0.0, 2.0000000000, 8.0000000000, 0.0462326328
        2631, -2.45689548e-01, 4.26835212e-03, 2.16138125e-04, 8.82735679e-05, 4.30795546e-03, 0.0, -7.63054121e+00, -7.41131607e+00, -7.43985102e+00, -7.91308225e+00, 0.0, 2.0000000000, 8.0000000000, 0.0466286500
        2632, -2.45684619e-01, 4.26857748e-03, 2.16194755e-04, 8.82790619e-05, 4.30814714e-03, 0.0, -7.64936673e+00, -7.42932106e+00, -7.45704571e+00, -7.92987064e+00, 0.0, 2.0000000000, 8.0000000000, 0.0470297496
        2633, -2.45679920e-01, 4.26877412e-03, 2.16248453e-04, 8.82841604e-05, 4.30831300e-03, 0.0, -7.66834446e+00, -7.44742571e+00, -7.47452233e+00, -7.94689619e+00, 0.0, 2.0000000000, 8.0000000000, 0.0473960360
        2634, -2.45675434e-01, 4.26894768e-03, 2.16299295e-04, 8.82884117e-05, 4.30845819e-03, 0.0, -7.68749011e+00, -7.46565042e+00, -7.49227696e+00, -7.96416706e+00, 0.0, 2.0000000000, 8.0000000000, 0.0478326519
        2635, -2.45671148e-01, 4.26910298e-03, 2.16347362e-04, 8.82913950e-05, 4.30858704e-03, 0.0, -7.70681747e+00, -7.48401402e+00, -7.51030559e+00, -7.98169061e+00, 0.0, 2.0000000000, 8.0000000000, 0.0482457360
        2636, -2.45667047e-01, 4.26924391e-03, 2.16392733e-04, 8.82927087e-05, 4.30870300e-03, 0.0, -7.72633835e+00, -7.50253370e+00, -7.52860423e+00, -7.99947347e+00, 0.0, 2.0000000000, 8.0000000000, 0.0485834161
        2637, -2.45663121e-01, 4.26937337e-03, 2.16435493e-04, 8.82919324e-05, 4.30880861e-03, 0.0, -7.74606279e+00, -7.52122491e+00, -7.54716898e+00, -8.01752184e+00, 0.0, 2.0000000000, 8.0000000000, 0.0489996831
        2638, -2.45659359e-01, 4.26949330e-03, 2.16475728e-04, 8.82885420e-05, 4.30890542e-03, 0.0, -7.76599933e+00, -7.54010151e+00, -7.56599626e+00, -8.03584193e+00, 0.0, 2.0000000000, 8.0000000000, 0.0494041006
        2639, -2.45655752e-01, 4.26960449e-03, 2.16513525e-04, 8.82817345e-05, 4.30899388e-03, 0.0, -7.78615550e+00, -7.55917600e+00, -7.58508313e+00, -8.05444076e+00, 0.0, 2.0000000000, 8.0000000000, 0.0497654001
        2640, -2.45652288e-01, 4.26970637e-03, 2.16548972e-04, 8.82700416e-05, 4.30907299e-03, 0.0, -7.80653837e+00, -7.57845996e+00, -7.60442778e+00, -8.07332752e+00, 0.0, 2.0000000000, 8.0000000000, 0.0501649022
        2641, -2.45648952e-01, 4.26979617e-03, 2.16582152e-04, 8.82503702e-05, 4.30913927e-03, 0.0, -7.82715494e+00, -7.59796444e+00, -7.62403028e+00, -8.09251587e+00, 0.0, 2.0000000000, 8.0000000000, 0.0506052176
        2642, -2.45645722e-01, 4.26986615e-03, 2.16613133e-04, 8.82151625e-05, 4.30918344e-03, 0.0, -7.84801096e+00, -7.61769997e+00, -7.64389325e+00, -8.11202766e+00, 0.0, 2.0000000000, 8.0000000000, 0.0510555347
        2643, -2.45642551e-01, 4.26989271e-03, 2.16641938e-04, 8.81416313e-05, 4.30917737e-03, 0.0, -7.86910072e+00, -7.63767264e+00, -7.66401991e+00, -8.13189667e+00, 0.0, 2.0000000000, 8.0000000000, 0.0514761170
        2644, -2.45639348e-01, 4.26977474e-03, 2.16668356e-04, 8.79327691e-05, 4.30900004e-03, 0.0, -7.89033591e+00, -7.65785018e+00, -7.68438396e+00, -8.15214337e+00, 0.0, 2.0000000000, 8.0000000000, 0.0518784841
        2645, -2.45636759e-01, 4.26897347e-03, 2.16690802e-04, 8.70963084e-05, 4.30800566e-03, 0.0, -7.91084408e+00, -7.67779676e+00, -7.70453864e+00, -8.17220643e+00, 0.0, 2.0000000000, 8.0000000000, 0.0522891164
        2646, -2.45635161e-01, 4.26926756e-03, 2.16714040e-04, 8.73317251e-05, 4.30832867e-03, 0.0, -7.91696171e+00, -7.69029324e+00, -7.71595689e+00, -8.17602035e+00, 0.0, 2.0000000000, 8.0000000000, 0.0526797334
        2647, -2.45634343e-01, 4.27118048e-03, 2.16741103e-04, 8.92140728e-05, 4.31059429e-03, 0.0, -7.93519888e+00, -7.70683976e+00, -7.73315358e+00, -8.19046192e+00, 0.0, 2.0000000000, 8.0000000000, 0.0531208197
        2648, -2.45631324e-01, 4.27064289e-03, 2.16763039e-04, 8.86787771e-05, 4.30991541e-03, 0.0, -7.95778650e+00, -7.72607925e+00, -7.75495842e+00, -8.21251581e+00, 0.0, 2.0000000000, 8.0000000000, 0.0535438855
        2649, -2.45628052e-01, 4.27020032e-03, 2.16780510e-04, 8.80621999e-05, 4.30934742e-03, 0.0, -7.97540733e+00, -7.74686517e+00, -7.77418980e+00, -8.22968604e+00, 0.0, 2.0000000000, 8.0000000000, 0.0539937337
        2650, -2.45625763e-01, 4.27040443e-03, 2.16796732e-04, 8.81780360e-05, 4.30956192e-03, 0.0, -7.99778026e+00, -7.76749599e+00, -7.79416437e+00, -8.25275415e+00, 0.0, 2.0000000000, 8.0000000000, 0.0545234839
        2651, -2.45624181e-01, 4.27040936e-03, 2.16811652e-04, 8.82171632e-05, 4.30955354e-03, 0.0, -8.02776512e+00, -7.79126886e+00, -7.82099093e+00, -8.28113900e+00, 0.0, 2.0000000000, 8.0000000000, 0.0550380508
        2652, -2.45622215e-01, 4.26999192e-03, 2.16824991e-04, 8.77835357e-05, 4.30905404e-03, 0.0, -8.05328343e+00, -7.81504022e+00, -7.84490474e+00, -8.30817365e+00, 0.0, 2.0000000000, 8.0000000000, 0.0554381529
        2653, -2.45621423e-01, 4.26964532e-03, 2.16836031e-04, 8.74637163e-05, 4.30864734e-03, 0.0, -8.06179914e+00, -7.83084412e+00, -7.86127034e+00, -8.31797505e+00, 0.0, 2.0000000000, 8.0000000000, 0.0558391174
        2654, -2.45620581e-01, 4.27169801e-03, 2.16853522e-04, 8.94975159e-05, 4.31111819e-03, 0.0, -8.06074838e+00, -7.83668790e+00, -7.86425219e+00, -8.30787755e+00, 0.0, 2.0000000000, 8.0000000000, 0.0562525193
        2655, -2.45617579e-01, 4.27055941e-03, 2.16866784e-04, 8.83680124e-05, 4.30975433e-03, 0.0, -8.07735264e+00, -7.84609906e+00, -7.87890164e+00, -8.32162938e+00, 0.0, 2.0000000000, 8.0000000000, 0.0566501021
        2656, -2.45615364e-01, 4.27006245e-03, 2.16875315e-04, 8.78189662e-05, 4.30915520e-03, 0.0, -8.08647522e+00, -7.86612448e+00, -7.90081363e+00, -8.33536401e+00, 0.0, 2.0000000000, 8.0000000000, 0.0570536693
        2657, -2.45614987e-01, 4.27039323e-03, 2.16885643e-04, 8.81843406e-05, 4.30955140e-03, 0.0, -8.14117995e+00, -7.90164228e+00, -7.93570986e+00, -8.39199914e+00, 0.0, 2.0000000000, 8.0000000000, 0.0574773669
        2658, -2.45614388e-01, 4.27087837e-03, 2.16896336e-04, 8.87882717e-05, 4.31013904e-03, 0.0, -8.16357250e+00, -7.92338503e+00, -7.95528584e+00, -8.40781246e+00, 0.0, 2.0000000000, 8.0000000000, 0.0579012354
        2659, -2.45612730e-01, 4.27037676e-03, 2.16905449e-04, 8.82840881e-05, 4.30954483e-03, 0.0, -8.19287778e+00, -7.95081766e+00, -7.98011545e+00, -8.43980663e+00, 0.0, 2.0000000000, 8.0000000000, 0.0582995176
        2660, -2.45610360e-01, 4.27013292e-03, 2.16911611e-04, 8.80154291e-05, 4.30925840e-03, 0.0, -8.19063009e+00, -7.96351563e+00, -7.99482213e+00, -8.43879308e+00, 0.0, 2.0000000000, 8.0000000000, 0.0587015351
        2661, -2.45609563e-01, 4.27024300e-03, 2.16918051e-04, 8.81871131e-05, 4.30939684e-03, 0.0, -8.23008312e+00, -7.99045566e+00, -8.02242457e+00, -8.47523072e+00, 0.0, 2.0000000000, 8.0000000000, 0.0590948025
        2662, -2.45609065e-01, 4.27059135e-03, 2.16925223e-04, 8.86504681e-05, 4.30982475e-03, 0.0, -8.25370469e+00, -8.01239563e+00, -8.04404911e+00, -8.49640858e+00, 0.0, 2.0000000000, 8.0000000000, 0.0594880859
        2663, -2.45607838e-01, 4.27027376e-03, 2.16931469e-04, 8.83688039e-05, 4.30945597e-03, 0.0, -8.28151407e+00, -8.03814424e+00, -8.06946280e+00, -8.52625308e+00, 0.0, 2.0000000000, 8.0000000000, 0.0598560532
        2664, -2.45606056e-01, 4.27002094e-03, 2.16935623e-04, 8.81145399e-05, 4.30916509e-03, 0.0, -8.28608221e+00, -8.05368014e+00, -8.08613815e+00, -8.53140209e+00, 0.0, 2.0000000000, 8.0000000000, 0.0602576494
        2665, -2.45605429e-01, 4.27010419e-03, 2.16939775e-04, 8.82545336e-05, 4.30927809e-03, 0.0, -8.31582310e+00, -8.07677229e+00, -8.11015408e+00, -8.55933768e+00, 0.0, 2.0000000000, 8.0000000000, 0.0606872837
        2666, -2.45605160e-01, 4.27039467e-03, 2.16944781e-04, 8.86486415e-05, 4.30964175e-03, 0.0, -8.34155252e+00, -8.09918680e+00, -8.13303762e+00, -8.58285338e+00, 0.0, 2.0000000000, 8.0000000000, 0.0610946019
        2667, -2.45604180e-01, 4.27012014e-03, 2.16949077e-04, 8.84104024e-05, 4.30932772e-03, 0.0, -8.36768477e+00, -8.12419126e+00, -8.15786088e+00, -8.61151098e+00, 0.0, 2.0000000000, 8.0000000000, 0.0615148862
        2668, -2.45602671e-01, 4.26980659e-03, 2.16951598e-04, 8.80908181e-05, 4.30896563e-03, 0.0, -8.37650036e+00, -8.14087835e+00, -8.17627722e+00, -8.61994060e+00, 0.0, 2.0000000000, 8.0000000000, 0.0619009495
        2669, -2.45602026e-01, 4.26995016e-03, 2.16954089e-04, 8.82743087e-05, 4.30915225e-03, 0.0, -8.39652180e+00, -8.15958812e+00, -8.19526789e+00, -8.63886330e+00, 0.0, 2.0000000000, 8.0000000000, 0.0623452862
        2670, -2.45601991e-01, 4.27024887e-03, 2.16957514e-04, 8.86751786e-05, 4.30952705e-03, 0.0, -8.42570400e+00, -8.18322252e+00, -8.22072597e+00, -8.66572989e+00, 0.0, 2.0000000000, 8.0000000000, 0.0627669533
        2671, -2.45601304e-01, 4.26990394e-03, 2.16960158e-04, 8.83717027e-05, 4.30912994e-03, 0.0, -8.44762248e+00, -8.20707566e+00, -8.24387781e+00, -8.69283322e+00, 0.0, 2.0000000000, 8.0000000000, 0.0631698012
        2672, -2.45600120e-01, 4.26952563e-03, 2.16961299e-04, 8.79871480e-05, 4.30869144e-03, 0.0, -8.45773342e+00, -8.22205877e+00, -8.26165208e+00, -8.69948972e+00, 0.0, 2.0000000000, 8.0000000000, 0.0635950009
        2673, -2.45599419e-01, 4.26976699e-03, 2.16962666e-04, 8.82681766e-05, 4.30899690e-03, 0.0, -8.46133881e+00, -8.23123344e+00, -8.26925285e+00, -8.70046799e+00, 0.0, 2.0000000000, 8.0000000000, 0.0639735182
        2674, -2.45599623e-01, 4.27006487e-03, 2.16965131e-04, 8.86770555e-05, 4.30937203e-03, 0.0, -8.49956066e+00, -8.25973582e+00, -8.30314281e+00, -8.74002484e+00, 0.0, 2.0000000000, 8.0000000000, 0.0643296361
        2675, -2.45599283e-01, 4.26964732e-03, 2.16966491e-04, 8.83248738e-05, 4.30888901e-03, 0.0, -8.51990763e+00, -8.28419418e+00, -8.32640008e+00, -8.76967024e+00, 0.0, 2.0000000000, 8.0000000000, 0.0647371848
        2676, -2.45598214e-01, 4.26943177e-03, 2.16967399e-04, 8.80985584e-05, 4.30864717e-03, 0.0, -8.52975108e+00, -8.29637850e+00, -8.34227919e+00, -8.77128039e+00, 0.0, 2.0000000000, 8.0000000000, 0.0651207685
        2677, -2.45597634e-01, 4.26961012e-03, 2.16968064e-04, 8.83319379e-05, 4.30887801e-03, 0.0, -8.53974008e+00, -8.30874607e+00, -8.35374362e+00, -8.77830789e+00, 0.0, 2.0000000000, 8.0000000000, 0.0654792865
        2678, -2.45597831e-01, 4.26983079e-03, 2.16969719e-04, 8.86592710e-05, 4.30916151e-03, 0.0, -8.57893287e+00, -8.33988883e+00, -8.38948422e+00, -8.82182388e+00, 0.0, 2.0000000000, 8.0000000000, 0.0658980687
        2679, -2.45597766e-01, 4.26941690e-03, 2.16970148e-04, 8.83267906e-05, 4.30868470e-03, 0.0, -8.60176164e+00, -8.36526640e+00, -8.41338524e+00, -8.85121884e+00, 0.0, 2.0000000000, 8.0000000000, 0.0663063844
        2680, -2.45596864e-01, 4.26936971e-03, 2.16970898e-04, 8.82802403e-05, 4.30864817e-03, 0.0, -8.60114604e+00, -8.37252419e+00, -8.42399082e+00, -8.84330645e+00, 0.0, 2.0000000000, 8.0000000000, 0.0666619857
        2681, -2.45596412e-01, 4.26942863e-03, 2.16971242e-04, 8.83994529e-05, 4.30873904e-03, 0.0, -8.63392360e+00, -8.39598513e+00, -8.45116099e+00, -8.87428384e+00, 0.0, 2.0000000000, 8.0000000000, 0.0669871330
        2682, -2.45596480e-01, 4.26954979e-03, 2.16972092e-04, 8.86141832e-05, 4.30890604e-03, 0.0, -8.67017202e+00, -8.42740655e+00, -8.48307142e+00, -8.91490385e+00, 0.0, 2.0000000000, 8.0000000000, 0.0673724532
        2683, -2.45596553e-01, 4.26921395e-03, 2.16972044e-04, 8.83628774e-05, 4.30852567e-03, 0.0, -8.69324504e+00, -8.45236079e+00, -8.50683414e+00, -8.94051519e+00, 0.0, 2.0000000000, 8.0000000000, 0.0677437862
        2684, -2.45595904e-01, 4.26926231e-03, 2.16972612e-04, 8.84348332e-05, 4.30860736e-03, 0.0, -8.68043897e+00, -8.45511796e+00, -8.51194490e+00, -8.92439081e+00, 0.0, 2.0000000000, 8.0000000000, 0.0681711833
        2685, -2.45595608e-01, 4.26914129e-03, 2.16972688e-04, 8.83808001e-05, 4.30848540e-03, 0.0, -8.72829087e+00, -8.48575259e+00, -8.55025509e+00, -8.97234910e+00, 0.0, 2.0000000000, 8.0000000000, 0.0685783029
        2686, -2.45595447e-01, 4.26920860e-03, 2.16973110e-04, 8.85173816e-05, 4.30858990e-03, 0.0, -8.74814099e+00, -8.50985234e+00, -8.57303856e+00, -8.99692276e+00, 0.0, 2.0000000000, 8.0000000000, 0.0689984679
        2687, -2.45595448e-01, 4.26908399e-03, 2.16973129e-04, 8.84711447e-05, 4.30846435e-03, 0.0, -8.78072002e+00, -8.53734426e+00, -8.60246589e+00, -9.03018568e+00, 0.0, 2.0000000000, 8.0000000000, 0.0694057504
        2688, -2.45595202e-01, 4.26918025e-03, 2.16973648e-04, 8.86205218e-05, 4.30860415e-03, 0.0, -8.78227559e+00, -8.55068407e+00, -8.61687382e+00, -9.03340721e+00, 0.0, 2.0000000000, 8.0000000000, 0.0698563695
        2689, -2.45594894e-01, 4.26903349e-03, 2.16973912e-04, 8.85237401e-05, 4.30845142e-03, 0.0, -8.81920368e+00, -8.57860220e+00, -8.64836589e+00, -9.07202652e+00, 0.0, 2.0000000000, 8.0000000000, 0.0702708522
        2690, -2.45594664e-01, 4.26880483e-03, 2.16973340e-04, 8.83471762e-05, 4.30819954e-03, 0.0, -8.83610305e+00, -8.59946990e+00, -8.67026279e+00, -9.08930626e+00, 0.0, 2.0000000000, 8.0000000000, 0.0711642504
        2691, -2.45594459e-01, 4.26887956e-03, 2.16973240e-04, 8.84770102e-05, 4.30831251e-03, 0.0, -8.84467177e+00, -8.61153063e+00, -8.68325261e+00, -9.09480818e+00, 0.0, 2.0000000000, 8.0000000000, 0.0717307846
        2692, -2.45594529e-01, 4.26892341e-03, 2.16973371e-04, 8.86020512e-05, 4.30838863e-03, 0.0, -8.87722722e+00, -8.63791477e+00, -8.71585362e+00, -9.13215128e+00, 0.0, 2.0000000000, 8.0000000000, 0.0722119530
        2693, -2.45594496e-01, 4.26878168e-03, 2.16973451e-04, 8.85265867e-05, 4.30824050e-03, 0.0, -8.89857016e+00, -8.66350727e+00, -8.74197596e+00, -9.16280286e+00, 0.0, 2.0000000000, 8.0000000000, 0.0728385011
        2694, -2.45594233e-01, 4.26881453e-03, 2.16974020e-04, 8.85987929e-05, 4.30829946e-03, 0.0, -8.90005551e+00, -8.67578402e+00, -8.76008342e+00, -9.16222898e+00, 0.0, 2.0000000000, 8.0000000000, 0.0732834180
        2695, -2.45594004e-01, 4.26871656e-03, 2.16974473e-04, 8.85400332e-05, 4.30819878e-03, 0.0, -8.93968210e+00, -8.70629691e+00, -8.79521388e+00, -9.20768454e+00, 0.0, 2.0000000000, 8.0000000000, 0.0737084031
        2696, -2.45593839e-01, 4.26856434e-03, 2.16974213e-04, 8.84292138e-05, 4.30803257e-03, 0.0, -8.95943211e+00, -8.72921016e+00, -8.81909983e+00, -9.22745180e+00, 0.0, 2.0000000000, 8.0000000000, 0.0741399527
        2697, -2.45593724e-01, 4.26857588e-03, 2.16973893e-04, 8.84872579e-05, 4.30806493e-03, 0.0, -8.97675105e+00, -8.74635498e+00, -8.83768925e+00, -9.24396046e+00, 0.0, 2.0000000000, 8.0000000000, 0.0745582024
        2698, -2.45593835e-01, 4.26861743e-03, 2.16973774e-04, 8.85969536e-05, 4.30813526e-03, 0.0, -8.99886402e+00, -8.76808332e+00, -8.86533245e+00, -9.26843957e+00, 0.0, 2.0000000000, 8.0000000000, 0.0749579668
        2699, -2.45593819e-01, 4.26854027e-03, 2.16973973e-04, 8.85748617e-05, 4.30806305e-03, 0.0, -9.00806860e+00, -8.78872668e+00, -8.88516180e+00, -9.29117988e+00, 0.0, 2.0000000000, 8.0000000000, 0.0753518502
        2700, -2.45593674e-01, 4.26852999e-03, 2.16974420e-04, 8.86021775e-05, 4.30806916e-03, 0.0, -9.02378375e+00, -8.80526529e+00, -8.90981688e+00, -9.30158253e+00, 0.0, 2.0000000000, 8.0000000000, 0.0757640839
        2701, -2.45593536e-01, 4.26844122e-03, 2.16974904e-04, 8.85484144e-05, 4.30797863e-03, 0.0, -9.05451762e+00, -8.83493715e+00, -8.94563821e+00, -9.34647424e+00, 0.0, 2.0000000000, 8.0000000000, 0.0761723836
        2702, -2.45593423e-01, 4.26834384e-03, 2.16974956e-04, 8.84843508e-05, 4.30787722e-03, 0.0, -9.07338889e+00, -8.85678635e+00, -8.97266371e+00, -9.36745570e+00, 0.0, 2.0000000000, 8.0000000000, 0.0766295513
        2703, -2.45593390e-01, 4.26831972e-03, 2.16974752e-04, 8.85073785e-05, 4.30786534e-03, 0.0, -9.09226836e+00, -8.87733250e+00, -8.99758107e+00, -9.39319953e+00, 0.0, 2.0000000000, 8.0000000000, 0.0770755331
        2704, -2.45593480e-01, 4.26833095e-03, 2.16974719e-04, 8.85796163e-05, 4.30789776e-03, 0.0, -9.10922956e+00, -8.89524270e+00, -9.02030078e+00, -9.40730078e+00, 0.0, 2.0000000000, 8.0000000000, 0.0775144498
        2705, -2.45593491e-01, 4.26826441e-03, 2.16974975e-04, 8.85668612e-05, 4.30783715e-03, 0.0, -9.11867112e+00, -8.91485964e+00, -9.04096614e+00, -9.43008638e+00, 0.0, 2.0000000000, 8.0000000000, 0.0778584003
        2706, -2.45593387e-01, 4.26823008e-03, 2.16975417e-04, 8.85735726e-05, 4.30781398e-03, 0.0, -9.13165353e+00, -8.93000639e+00, -9.06441175e+00, -9.43940694e+00, 0.0, 2.0000000000, 8.0000000000, 0.0782471697
        2707, -2.45593308e-01, 4.26816035e-03, 2.16975919e-04, 8.85425179e-05, 4.30774654e-03, 0.0, -9.16101438e+00, -8.96022763e+00, -9.10748918e+00, -9.49023086e+00, 0.0, 2.0000000000, 8.0000000000, 0.0786393682
        2708, -2.45593280e-01, 4.26805353e-03, 2.16975980e-04, 8.84805981e-05, 4.30763385e-03, 0.0, -9.17606440e+00, -8.98001623e+00, -9.13593060e+00, -9.51101569e+00, 0.0, 2.0000000000, 8.0000000000, 0.0790704687
        2709, -2.45593249e-01, 4.26806889e-03, 2.16976225e-04, 8.85455507e-05, 4.30766886e-03, 0.0, -9.16846697e+00, -8.98156030e+00, -9.13720285e+00, -9.49606065e+00, 0.0, 2.0000000000, 8.0000000000, 0.0794974168
        2710, -2.45593309e-01, 4.26802527e-03, 2.16976491e-04, 8.85545474e-05, 4.30763362e-03, 0.0, -9.20003240e+00, -9.01109444e+00, -9.17976963e+00, -9.54577698e+00, 0.0, 2.0000000000, 8.0000000000, 0.0799056848
        2711, -2.45593251e-01, 4.26799116e-03, 2.16976834e-04, 8.85670797e-05, 4.30760987e-03, 0.0, -9.20835411e+00, -9.02485980e+00, -9.19927203e+00, -9.55368791e+00, 0.0, 2.0000000000, 8.0000000000, 0.0802819331
        2712, -2.45593218e-01, 4.26791050e-03, 2.16977214e-04, 8.85256761e-05, 4.30752908e-03, 0.0, -9.23629962e+00, -9.05645468e+00, -9.24643074e+00, -9.60723513e+00, 0.0, 2.0000000000, 8.0000000000, 0.0806554834
        2713, -2.45593155e-01, 4.26787339e-03, 2.16977520e-04, 8.85282279e-05, 4.30749956e-03, 0.0, -9.24361083e+00, -9.06991505e+00, -9.26529134e+00, -9.62073525e+00, 0.0, 2.0000000000, 8.0000000000, 0.0810284853
        2714, -2.45593159e-01, 4.26787414e-03, 2.16977905e-04, 8.85772080e-05, 4.30751494e-03, 0.0, -9.24877149e+00, -9.07599673e+00, -9.27968465e+00, -9.61777886e+00, 0.0, 2.0000000000, 8.0000000000, 0.0814384500
        2715, -2.45593173e-01, 4.26781742e-03, 2.16978360e-04, 8.85635940e-05, 4.30746065e-03, 0.0, -9.26565320e+00, -9.10165580e+00, -9.31561966e+00, -9.65949450e+00, 0.0, 2.0000000000, 8.0000000000, 0.0818601688
        2716, -2.45593109e-01, 4.26780129e-03, 2.16978888e-04, 8.85808770e-05, 4.30745461e-03, 0.0, -9.26695144e+00, -9.10773427e+00, -9.32305799e+00, -9.65173655e+00, 0.0, 2.0000000000, 8.0000000000, 0.0822804848
        2717, -2.45593082e-01, 4.26774510e-03, 2.16979404e-04, 8.85574081e-05, 4.30739962e-03, 0.0, -9.29308587e+00, -9.13843887e+00, -9.36939480e+00, -9.70692300e+00, 0.0, 2.0000000000, 8.0000000000, 0.0826697508
        2718, -2.45593050e-01, 4.26767853e-03, 2.16979752e-04, 8.85206720e-05, 4.30733137e-03, 0.0, -9.31107699e+00, -9.16220945e+00, -9.41016382e+00, -9.73704007e+00, 0.0, 2.0000000000, 8.0000000000, 0.0830537001
        2719, -2.45593022e-01, 4.26768142e-03, 2.16980155e-04, 8.85560838e-05, 4.30734632e-03, 0.0, -9.30687190e+00, -9.16513719e+00, -9.40692171e+00, -9.72383958e+00, 0.0, 2.0000000000, 8.0000000000, 0.0834869345
        2720, -2.45593035e-01, 4.26766063e-03, 2.16980614e-04, 8.85697854e-05, 4.30733249e-03, 0.0, -9.32875873e+00, -9.18711532e+00, -9.44374412e+00, -9.75926998e+00, 0.0, 2.0000000000, 8.0000000000, 0.0839065671
        2721, -2.45593003e-01, 4.26762618e-03, 2.16981125e-04, 8.85646451e-05, 4.30730182e-03, 0.0, -9.34018394e+00, -9.20463612e+00, -9.46935725e+00, -9.77996659e+00, 0.0, 2.0000000000, 8.0000000000, 0.0843286355
        2722, -2.45592966e-01, 4.26760669e-03, 2.16981724e-04, 8.85676030e-05, 4.30728831e-03, 0.0, -9.35771145e+00, -9.22968984e+00, -9.51239550e+00, -9.81608366e+00, 0.0, 2.0000000000, 8.0000000000, 0.0847251018
        2723, -2.45592937e-01, 4.26757028e-03, 2.16982242e-04, 8.85549136e-05, 4.30725376e-03, 0.0, -9.37559608e+00, -9.25154545e+00, -9.55080933e+00, -9.84825465e+00, 0.0, 2.0000000000, 8.0000000000, 0.0851402005
        2724, -2.45592925e-01, 4.26755420e-03, 2.16982740e-04, 8.85619815e-05, 4.30724314e-03, 0.0, -9.38636397e+00, -9.26651641e+00, -9.57098135e+00, -9.85978614e+00, 0.0, 2.0000000000, 8.0000000000, 0.0855730851
        2725, -2.45592917e-01, 4.26753377e-03, 2.16983244e-04, 8.85652886e-05, 4.30722707e-03, 0.0, -9.39666759e+00, -9.28083078e+00, -9.59059289e+00, -9.87494523e+00, 0.0, 2.0000000000, 8.0000000000, 0.0859738866
        2726, -2.45592899e-01, 4.26751249e-03, 2.16983775e-04, 8.85649331e-05, 4.30720980e-03, 0.0, -9.40727086e+00, -9.29695368e+00, -9.61282345e+00, -9.89415705e+00, 0.0, 2.0000000000, 8.0000000000, 0.0863338510
        2727, -2.45592878e-01, 4.26749854e-03, 2.16984341e-04, 8.85696169e-05, 4.30720102e-03, 0.0, -9.42211085e+00, -9.31747159e+00, -9.64995945e+00, -9.92371040e+00, 0.0, 2.0000000000, 8.0000000000, 0.0867375533
        2728, -2.45592861e-01, 4.26747859e-03, 2.16984864e-04, 8.85686798e-05, 4.30718472e-03, 0.0, -9.43623796e+00, -9.33493504e+00, -9.68103498e+00, -9.94668954e+00, 0.0, 2.0000000000, 8.0000000000, 0.0871943355
        2729, -2.45592851e-01, 4.26745731e-03, 2.16985365e-04, 8.85668800e-05, 4.30716655e-03, 0.0, -9.44841269e+00, -9.35023524e+00, -9.70472844e+00, -9.96522217e+00, 0.0, 2.0000000000, 8.0000000000, 0.0877288500
        2730, -2.45592841e-01, 4.26744344e-03, 2.16985882e-04, 8.85713840e-05, 4.30715711e-03, 0.0, -9.45816503e+00, -9.36253334e+00, -9.72450619e+00, -9.97972916e+00, 0.0, 2.0000000000, 8.0000000000, 0.0882332007
        2731, -2.45592829e-01, 4.26743247e-03, 2.16986420e-04, 8.85783148e-05, 4.30715099e-03, 0.0, -9.46954147e+00, -9.37672279e+00, -9.74951932e+00, -1.00001698e+01, 0.0, 2.0000000000, 8.0000000000, 0.0887004852
        2732, -2.45592814e-01, 4.26741723e-03, 2.16986939e-04, 8.85803750e-05, 4.30713958e-03, 0.0, -9.47797193e+00, -9.38725788e+00, -9.76648534e+00, -1.00098667e+01, 0.0, 2.0000000000, 8.0000000000, 0.0891472499
        2733, -2.45592801e-01, 4.26739983e-03, 2.16987451e-04, 8.85800681e-05, 4.30712541e-03, 0.0, -9.48675523e+00, -9.39797637e+00, -9.77931217e+00, -1.00215556e+01, 0.0, 2.0000000000, 8.0000000000, 0.0895835678
        2734, -2.45592788e-01, 4.26738222e-03, 2.16987949e-04, 8.85786867e-05, 4.30711082e-03, 0.0, -9.49682308e+00, -9.40968828e+00, -9.79620001e+00, -1.00359132e+01, 0.0, 2.0000000000, 8.0000000000, 0.0900358001
        2735, -2.45592776e-01, 4.26736520e-03, 2.16988437e-04, 8.85781183e-05, 4.30709681e-03, 0.0, -9.50753069e+00, -9.42205811e+00, -9.81478756e+00, -1.00506707e+01, 0.0, 2.0000000000, 8.0000000000, 0.0904568513
        2736, -2.45592764e-01, 4.26734844e-03, 2.16988907e-04, 8.85773530e-05, 4.30708299e-03, 0.0, -9.51818285e+00, -9.43404777e+00, -9.83055871e+00, -1.00619958e+01, 0.0, 2.0000000000, 8.0000000000, 0.0908568343
        2737, -2.45592752e-01, 4.26733192e-03, 2.16989370e-04, 8.85770545e-05, 4.30706930e-03, 0.0, -9.52965477e+00, -9.44694201e+00, -9.84736474e+00, -1.00761341e+01, 0.0, 2.0000000000, 8.0000000000, 0.0912820021
        2738, -2.45592740e-01, 4.26731597e-03, 2.16989820e-04, 8.85765858e-05, 4.30705613e-03, 0.0, -9.54102225e+00, -9.45928948e+00, -9.86224405e+00, -1.00877905e+01, 0.0, 2.0000000000, 8.0000000000, 0.0916865190
        2739, -2.45592727e-01, 4.26730036e-03, 2.16990265e-04, 8.85765744e-05, 4.30704319e-03, 0.0, -9.55259430e+00, -9.47184313e+00, -9.87756443e+00, -1.01013951e+01, 0.0, 2.0000000000, 8.0000000000, 0.0921058496
        2740, -2.45592715e-01, 4.26728543e-03, 2.16990697e-04, 8.85762590e-05, 4.30703087e-03, 0.0, -9.56428258e+00, -9.48412004e+00, -9.89180661e+00, -1.01132372e+01, 0.0, 2.0000000000, 8.0000000000, 0.0925277511
        2741, -2.45592702e-01, 4.26727095e-03, 2.16991124e-04, 8.85763857e-05, 4.30701891e-03, 0.0, -9.57616454e+00, -9.49666559e+00, -9.90675147e+00, -1.01270965e+01, 0.0, 2.0000000000, 8.0000000000, 0.0929723183
        2742, -2.45592688e-01, 4.26725723e-03, 2.16991537e-04, 8.85761429e-05, 4.30700768e-03, 0.0, -9.58829988e+00, -9.50911574e+00, -9.92088437e+00, -1.01392441e+01, 0.0, 2.0000000000, 8.0000000000, 0.0934228341
        2743, -2.45592675e-01, 4.26724396e-03, 2.16991944e-04, 8.85763081e-05, 4.30699678e-03, 0.0, -9.60054869e+00, -9.52180264e+00, -9.93561406e+00, -1.01534041e+01, 0.0, 2.0000000000, 8.0000000000, 0.0938636661
        2744, -2.45592662e-01, 4.26723143e-03, 2.16992336e-04, 8.85760150e-05, 4.30698658e-03, 0.0, -9.61307607e+00, -9.53441892e+00, -9.94942923e+00, -1.01656816e+01, 0.0, 2.0000000000, 8.0000000000, 0.0942437172
        2745, -2.45592649e-01, 4.26721930e-03, 2.16992724e-04, 8.85761369e-05, 4.30697666e-03, 0.0, -9.62564907e+00, -9.54725248e+00, -9.96382700e+00, -1.01801337e+01, 0.0, 2.0000000000, 8.0000000000, 0.0946769198
        2746, -2.45592635e-01, 4.26720786e-03, 2.16993096e-04, 8.85757449e-05, 4.30696738e-03, 0.0, -9.63850513e+00, -9.56001401e+00, -9.97729361e+00, -1.01924487e+01, 0.0, 2.0000000000, 8.0000000000, 0.0950254003
        2747, -2.45592622e-01, 4.26719674e-03, 2.16993464e-04, 8.85758103e-05, 4.30695831e-03, 0.0, -9.65141035e+00, -9.57305607e+00, -9.99150878e+00, -1.02072549e+01, 0.0, 2.0000000000, 8.0000000000, 0.0954255501
        2748, -2.45592610e-01, 4.26718624e-03, 2.16993816e-04, 8.85753092e-05, 4.30694980e-03, 0.0, -9.66458620e+00, -9.58600004e+00, -1.00046974e+01, -1.02195305e+01, 0.0, 2.0000000000, 8.0000000000, 0.0958309849
        2749, -2.45592598e-01, 4.26717601e-03, 2.16994165e-04, 8.85753228e-05, 4.30694143e-03, 0.0, -9.67785791e+00, -9.59933439e+00, -1.00189086e+01, -1.02347941e+01, 0.0, 2.0000000000, 8.0000000000, 0.0962598840
        2750, -2.45592586e-01, 4.26716629e-03, 2.16994497e-04, 8.85747085e-05, 4.30693351e-03, 0.0, -9.69134786e+00, -9.61248190e+00, -1.00318200e+01, -1.02469250e+01, 0.0, 2.0000000000, 8.0000000000, 0.0966986696
        2751, -2.45592575e-01, 4.26715679e-03, 2.16994825e-04, 8.85746801e-05, 4.30692571e-03, 0.0, -9.70500622e+00, -9.62616447e+00, -1.00461488e+01, -1.02627594e+01, 0.0, 2.0000000000, 8.0000000000, 0.0971283674
        2752, -2.45592565e-01, 4.26714771e-03, 2.16995136e-04, 8.85739611e-05, 4.30691828e-03, 0.0, -9.71879316e+00, -9.63951295e+00, -1.00587623e+01, -1.02746309e+01, 0.0, 2.0000000000, 8.0000000000, 0.0975864172
        2753, -2.45592555e-01, 4.26713883e-03, 2.16995444e-04, 8.85739137e-05, 4.30691096e-03, 0.0, -9.73285410e+00, -9.65359197e+00, -1.00733335e+01, -1.02911559e+01, 0.0, 2.0000000000, 8.0000000000, 0.0979771018
        2754, -2.45592546e-01, 4.26713030e-03, 2.16995734e-04, 8.85731167e-05, 4.30690394e-03, 0.0, -9.74692175e+00, -9.66714045e+00, -1.00856522e+01, -1.03026776e+01, 0.0, 2.0000000000, 8.0000000000, 0.0983711998
        2755, -2.45592537e-01, 4.26712195e-03, 2.16996021e-04, 8.85730810e-05, 4.30689704e-03, 0.0, -9.76139353e+00, -9.68165618e+00, -1.01005766e+01, -1.03199802e+01, 0.0, 2.0000000000, 8.0000000000, 0.0987894694
        2756, -2.45592529e-01, 4.26711390e-03, 2.16996291e-04, 8.85722411e-05, 4.30689039e-03, 0.0, -9.77572963e+00, -9.69540712e+00, -1.01126182e+01, -1.03310975e+01, 0.0, 2.0000000000, 8.0000000000, 0.0991784533
        2757, -2.45592521e-01, 4.26710603e-03, 2.16996557e-04, 8.85722470e-05, 4.30688388e-03, 0.0, -9.79059842e+00, -9.71037229e+00, -1.01279430e+01, -1.03492014e+01, 0.0, 2.0000000000, 8.0000000000, 0.0995994687
        2758, -2.45592514e-01, 4.26709842e-03, 2.16996805e-04, 8.85713999e-05, 4.30687760e-03, 0.0, -9.80520452e+00, -9.72433831e+00, -1.01397634e+01, -1.03599232e+01, 0.0, 2.0000000000, 8.0000000000, 0.1000301838
        2759, -2.45592507e-01, 4.26709098e-03, 2.16997051e-04, 8.85714714e-05, 4.30687145e-03, 0.0, -9.82043072e+00, -9.73973130e+00, -1.01554598e+01, -1.03787842e+01, 0.0, 2.0000000000, 8.0000000000, 0.1004605850
        2760, -2.45592501e-01, 4.26708379e-03, 2.16997278e-04, 8.85706453e-05, 4.30686552e-03, 0.0, -9.83533322e+00, -9.75394673e+00, -1.01671761e+01, -1.03892041e+01, 0.0, 2.0000000000, 8.0000000000, 0.1017868996
        2761, -2.45592494e-01, 4.26707676e-03, 2.16997504e-04, 8.85707963e-05, 4.30685972e-03, 0.0, -9.85085913e+00, -9.76971911e+00, -1.01831538e+01, -1.04087235e+01, 0.0, 2.0000000000, 8.0000000000, 0.1022133827
        2762, -2.45592488e-01, 4.26706997e-03, 2.16997711e-04, 8.85700069e-05, 4.30685414e-03, 0.0, -9.86610551e+00, -9.78423793e+00, -1.01949260e+01, -1.04190080e+01, 0.0, 2.0000000000, 8.0000000000, 0.1026132027
        2763, -2.45592482e-01, 4.26706334e-03, 2.16997917e-04, 8.85702388e-05, 4.30684867e-03, 0.0, -9.88187151e+00, -9.80033229e+00, -1.02110689e+01, -1.04390649e+01, 0.0, 2.0000000000, 8.0000000000, 0.1030256192
        2764, -2.45592477e-01, 4.26705696e-03, 2.16998104e-04, 8.85694896e-05, 4.30684344e-03, 0.0, -9.89751347e+00, -9.81521245e+00, -1.02230559e+01, -1.04494116e+01, 0.0, 2.0000000000, 8.0000000000, 0.1034580032
        2765, -2.45592472e-01, 4.26705071e-03, 2.16998291e-04, 8.85697932e-05, 4.30683830e-03, 0.0, -9.91347773e+00, -9.83158432e+00, -1.02392656e+01, -1.04699029e+01, 0.0, 2.0000000000, 8.0000000000, 0.1039075335
        2766, -2.45592467e-01, 4.26704473e-03, 2.16998461e-04, 8.85690803e-05, 4.30683341e-03, 0.0, -9.92955416e+00, -9.84687089e+00, -1.02515865e+01, -1.04804946e+01, 0.0, 2.0000000000, 8.0000000000, 0.1044560671
        2767, -2.45592462e-01, 4.26703888e-03, 2.16998630e-04, 8.85694395e-05, 4.30682860e-03, 0.0, -9.94570577e+00, -9.86350380e+00, -1.02678082e+01, -1.05013642e+01, 0.0, 2.0000000000, 8.0000000000, 0.1049432516
        2768, -2.45592457e-01, 4.26703330e-03, 2.16998782e-04, 8.85687572e-05, 4.30682404e-03, 0.0, -9.96223556e+00, -9.87922120e+00, -1.02805283e+01, -1.05123414e+01, 0.0, 2.0000000000, 8.0000000000, 0.1054276506
        2769, -2.45592453e-01, 4.26702784e-03, 2.16998936e-04, 8.85691537e-05, 4.30681956e-03, 0.0, -9.97859346e+00, -9.89612703e+00, -1.02967478e+01, -1.05335834e+01, 0.0, 2.0000000000, 8.0000000000, 0.1058802684
        2770, -2.45592448e-01, 4.26702265e-03, 2.16999072e-04, 8.85684979e-05, 4.30681533e-03, 0.0, -9.99557863e+00, -9.91228239e+00, -1.03098902e+01, -1.05450412e+01, 0.0, 2.0000000000, 8.0000000000, 0.1063311497
        2771, -2.45592444e-01, 4.26701757e-03, 2.16999210e-04, 8.85689148e-05, 4.30681117e-03, 0.0, -1.00121776e+01, -9.92948902e+00, -1.03261116e+01, -1.05666766e+01, 0.0, 2.0000000000, 8.0000000000, 0.1067527850
        2772, -2.45592440e-01, 4.26701276e-03, 2.16999332e-04, 8.85682849e-05, 4.30680725e-03, 0.0, -1.00296114e+01, -9.94608210e+00, -1.03396801e+01, -1.05786778e+01, 0.0, 2.0000000000, 8.0000000000, 0.1071859996
        2773, -2.45592436e-01, 4.26700805e-03, 2.16999456e-04, 8.85687084e-05, 4.30680340e-03, 0.0, -1.00464831e+01, -9.96361584e+00, -1.03559002e+01, -1.06007188e+01, 0.0, 2.0000000000, 8.0000000000, 0.1076097528
        2774, -2.45592433e-01, 4.26700359e-03, 2.16999565e-04, 8.85681079e-05, 4.30679978e-03, 0.0, -1.00643578e+01, -9.98065016e+00, -1.03699009e+01, -1.06133150e+01, 0.0, 2.0000000000, 8.0000000000, 0.1080280344
        2775, -2.45592429e-01, 4.26699924e-03, 2.16999677e-04, 8.85685265e-05, 4.30679622e-03, 0.0, -1.00815153e+01, -9.99852065e+00, -1.03860940e+01, -1.06357301e+01, 0.0, 2.0000000000, 8.0000000000, 0.1084522843
        2776, -2.45592426e-01, 4.26699511e-03, 2.16999774e-04, 8.85679627e-05, 4.30679287e-03, 0.0, -1.00998284e+01, -1.00160132e+01, -1.04005500e+01, -1.06489869e+01, 0.0, 2.0000000000, 8.0000000000, 0.1088717024
        2777, -2.45592423e-01, 4.26699108e-03, 2.16999875e-04, 8.85683657e-05, 4.30678957e-03, 0.0, -1.01172597e+01, -1.00342050e+01, -1.04166676e+01, -1.06716744e+01, 0.0, 2.0000000000, 8.0000000000, 0.1093171994
        2778, -2.45592420e-01, 4.26698728e-03, 2.16999962e-04, 8.85678490e-05, 4.30678649e-03, 0.0, -1.01360177e+01, -1.00521937e+01, -1.04316267e+01, -1.06856976e+01, 0.0, 2.0000000000, 8.0000000000, 0.1097315192
        2779, -2.45592418e-01, 4.26698353e-03, 2.17000052e-04, 8.85682248e-05, 4.30678342e-03, 0.0, -1.01536865e+01, -1.00706653e+01, -1.04476064e+01, -1.07084744e+01, 0.0, 2.0000000000, 8.0000000000, 0.1101495345
        2780, -2.45592415e-01, 4.26698005e-03, 2.17000130e-04, 8.85677668e-05, 4.30678060e-03, 0.0, -1.01729074e+01, -1.00892132e+01, -1.04631434e+01, -1.07234288e+01, 0.0, 2.0000000000, 8.0000000000, 0.1105608662
        2781, -2.45592413e-01, 4.26697657e-03, 2.17000212e-04, 8.85681027e-05, 4.30677772e-03, 0.0, -1.01907606e+01, -1.01079010e+01, -1.04789226e+01, -1.07460361e+01, 0.0, 2.0000000000, 8.0000000000, 0.1109453003
        2782, -2.45592410e-01, 4.26697339e-03, 2.17000282e-04, 8.85677147e-05, 4.30677516e-03, 0.0, -1.02104725e+01, -1.01270946e+01, -1.04951343e+01, -1.07621472e+01, 0.0, 2.0000000000, 8.0000000000, 0.1113631845
        2783, -2.45592408e-01, 4.26697014e-03, 2.17000355e-04, 8.85679979e-05, 4.30677246e-03, 0.0, -1.02284492e+01, -1.01459217e+01, -1.05106636e+01, -1.07842751e+01, 0.0, 2.0000000000, 8.0000000000, 0.1116935333
        2784, -2.45592406e-01, 4.26696727e-03, 2.17000418e-04, 8.85676890e-05, 4.30677016e-03, 0.0, -1.02486853e+01, -1.01658617e+01, -1.05276568e+01, -1.08018076e+01, 0.0, 2.0000000000, 8.0000000000, 0.1120151361
        2785, -2.45592404e-01, 4.26696423e-03, 2.17000483e-04, 8.85679085e-05, 4.30676761e-03, 0.0, -1.02667266e+01, -1.01847493e+01, -1.05429134e+01, -1.08231392e+01, 0.0, 2.0000000000, 8.0000000000, 0.1123321533
        2786, -2.45592402e-01, 4.26696166e-03, 2.17000540e-04, 8.85676839e-05, 4.30676558e-03, 0.0, -1.02875169e+01, -1.02055344e+01, -1.05607868e+01, -1.08423514e+01, 0.0, 2.0000000000, 8.0000000000, 0.1126527667
        2787, -2.45592401e-01, 4.26695882e-03, 2.17000599e-04, 8.85678326e-05, 4.30676317e-03, 0.0, -1.03055754e+01, -1.02244156e+01, -1.05757880e+01, -1.08626188e+01, 0.0, 2.0000000000, 8.0000000000, 0.1129852017
        2788, -2.45592399e-01, 4.26695655e-03, 2.17000650e-04, 8.85676932e-05, 4.30676139e-03, 0.0, -1.03269369e+01, -1.02461229e+01, -1.05946107e+01, -1.08837031e+01, 0.0, 2.0000000000, 8.0000000000, 0.1133112669
        2789, -2.45592398e-01, 4.26695390e-03, 2.17000703e-04, 8.85677694e-05, 4.30675911e-03, 0.0, -1.03449844e+01, -1.02649572e+01, -1.06094252e+01, -1.09027462e+01, 0.0, 2.0000000000, 8.0000000000, 0.1136351029
        2790, -2.45592396e-01, 4.26695192e-03, 2.17000750e-04, 8.85677112e-05, 4.30675759e-03, 0.0, -1.03669127e+01, -1.02876247e+01, -1.06292213e+01, -1.09257714e+01, 0.0, 2.0000000000, 8.0000000000, 0.1139526844
        2791, -2.45592395e-01, 4.26694945e-03, 2.17000798e-04, 8.85677194e-05, 4.30675544e-03, 0.0, -1.03849449e+01, -1.03064086e+01, -1.06439714e+01, -1.09435775e+01, 0.0, 2.0000000000, 8.0000000000, 0.1142844836
        2792, -2.45592393e-01, 4.26694774e-03, 2.17000840e-04, 8.85677340e-05, 4.30675415e-03, 0.0, -1.04074106e+01, -1.03300253e+01, -1.06647175e+01, -1.09684577e+01, 0.0, 2.0000000000, 8.0000000000, 0.1146043698
        2793, -2.45592392e-01, 4.26694545e-03, 2.17000883e-04, 8.85676843e-05, 4.30675214e-03, 0.0, -1.04254458e+01, -1.03487940e+01, -1.06795646e+01, -1.09851635e+01, 0.0, 2.0000000000, 8.0000000000, 0.1149206519
        2794, -2.45592390e-01, 4.26694400e-03, 2.17000922e-04, 8.85677588e-05, 4.30675107e-03, 0.0, -1.04483977e+01, -1.03733011e+01, -1.07012069e+01, -1.10116693e+01, 0.0, 2.0000000000, 8.0000000000, 0.1152308027
        2795, -2.45592390e-01, 4.26694190e-03, 2.17000961e-04, 8.85676654e-05, 4.30674920e-03, 0.0, -1.04664688e+01, -1.03921182e+01, -1.07163213e+01, -1.10275153e+01, 0.0, 2.0000000000, 8.0000000000, 0.1155688524
        2796, -2.45592388e-01, 4.26694066e-03, 2.17000997e-04, 8.85677837e-05, 4.30674832e-03, 0.0, -1.04898430e+01, -1.04174221e+01, -1.07388017e+01, -1.10553272e+01, 0.0, 2.0000000000, 8.0000000000, 0.1159180999
        2797, -2.45592387e-01, 4.26693876e-03, 2.17001032e-04, 8.85676629e-05, 4.30674660e-03, 0.0, -1.05079854e+01, -1.04363591e+01, -1.07543275e+01, -1.10705822e+01, 0.0, 2.0000000000, 8.0000000000, 0.1162487666
        2798, -2.45592386e-01, 4.26693772e-03, 2.17001064e-04, 8.85678075e-05, 4.30674588e-03, 0.0, -1.05317168e+01, -1.04623478e+01, -1.07776056e+01, -1.10993604e+01, 0.0, 2.0000000000, 8.0000000000, 0.1166538835
        2799, -2.45592385e-01, 4.26693600e-03, 2.17001097e-04, 8.85676753e-05, 4.30674433e-03, 0.0, -1.05499580e+01, -1.04814644e+01, -1.07936381e+01, -1.11142519e+01, 0.0, 2.0000000000, 8.0000000000, 0.1170592666
        2800, -2.45592384e-01, 4.26693513e-03, 2.17001126e-04, 8.85678293e-05, 4.30674374e-03, 0.0, -1.05739884e+01, -1.05080228e+01, -1.08176991e+01, -1.11436902e+01, 0.0, 2.0000000000, 8.0000000000, 0.1174940507
        2801, -2.45592383e-01, 4.26693361e-03, 2.17001156e-04, 8.85677003e-05, 4.30674235e-03, 0.0, -1.05923449e+01, -1.05273562e+01, -1.08342823e+01, -1.11583762e+01, 0.0, 2.0000000000, 8.0000000000, 0.1179213166
        2802, -2.45592382e-01, 4.26693286e-03, 2.17001183e-04, 8.85678485e-05, 4.30674186e-03, 0.0, -1.06166248e+01, -1.05543723e+01, -1.08591273e+01, -1.11882147e+01, 0.0, 2.0000000000, 8.0000000000, 0.1183792353
        2803, -2.45592382e-01, 4.26693153e-03, 2.17001210e-04, 8.85677349e-05, 4.30674064e-03, 0.0, -1.06351071e+01, -1.05739432e+01, -1.08762727e+01, -1.12028071e+01, 0.0, 2.0000000000, 8.0000000000, 0.1188298861
        2804, -2.45592381e-01, 4.26693089e-03, 2.17001235e-04, 8.85678649e-05, 4.30674022e-03, 0.0, -1.06595879e+01, -1.06013017e+01, -1.09018927e+01, -1.12327979e+01, 0.0, 2.0000000000, 8.0000000000, 0.1192790031
        2805, -2.45592380e-01, 4.26692974e-03, 2.17001260e-04, 8.85677764e-05, 4.30673916e-03, 0.0, -1.06782120e+01, -1.06211331e+01, -1.09196122e+01, -1.12474289e+01, 0.0, 2.0000000000, 8.0000000000, 0.1197345018
        2806, -2.45592379e-01, 4.26692919e-03, 2.17001283e-04, 8.85678788e-05, 4.30673880e-03, 0.0, -1.07028295e+01, -1.06486965e+01, -1.09459454e+01, -1.12772572e+01, 0.0, 2.0000000000, 8.0000000000, 0.1201135000
        2807, -2.45592379e-01, 4.26692821e-03, 2.17001307e-04, 8.85678209e-05, 4.30673790e-03, 0.0, -1.07216289e+01, -1.06688366e+01, -1.09642924e+01, -1.12921659e+01, 0.0, 2.0000000000, 8.0000000000, 0.1206090331
        2808, -2.45592378e-01, 4.26692772e-03, 2.17001328e-04, 8.85678905e-05, 4.30673756e-03, 0.0, -1.07462832e+01, -1.06964196e+01, -1.09911718e+01, -1.13213574e+01, 0.0, 2.0000000000, 8.0000000000, 0.1211435676
        2809, -2.45592377e-01, 4.26692688e-03, 2.17001349e-04, 8.85678627e-05, 4.30673681e-03, 0.0, -1.07653151e+01, -1.07169543e+01, -1.10102755e+01, -1.13369566e+01, 0.0, 2.0000000000, 8.0000000000, 0.1216324011
        2810, -2.45592377e-01, 4.26692645e-03, 2.17001369e-04, 8.85679001e-05, 4.30673650e-03, 0.0, -1.07898664e+01, -1.07443183e+01, -1.10374031e+01, -1.13648539e+01, 0.0, 2.0000000000, 8.0000000000, 0.1220812162
        2811, -2.45592376e-01, 4.26692575e-03, 2.17001389e-04, 8.85678958e-05, 4.30673586e-03, 0.0, -1.08092030e+01, -1.07653531e+01, -1.10574666e+01, -1.13817084e+01, 0.0, 2.0000000000, 8.0000000000, 0.1225252867
        2812, -2.45592376e-01, 4.26692536e-03, 2.17001406e-04, 8.85679069e-05, 4.30673558e-03, 0.0, -1.08335118e+01, -1.07922571e+01, -1.10844821e+01, -1.14076389e+01, 0.0, 2.0000000000, 8.0000000000, 0.1229063352
        2813, -2.45592375e-01, 4.26692477e-03, 2.17001425e-04, 8.85679161e-05, 4.30673505e-03, 0.0, -1.08532139e+01, -1.08138624e+01, -1.11057069e+01, -1.14262907e+01, 0.0, 2.0000000000, 8.0000000000, 0.1232843161
        2814, -2.45592375e-01, 4.26692443e-03, 2.17001441e-04, 8.85679103e-05, 4.30673479e-03, 0.0, -1.08772179e+01, -1.08401660e+01, -1.11323528e+01, -1.14499159e+01, 0.0, 2.0000000000, 8.0000000000, 0.1237493356
        2815, -2.45592374e-01, 4.26692393e-03, 2.17001459e-04, 8.85679244e-05, 4.30673434e-03, 0.0, -1.08973074e+01, -1.08623230e+01, -1.11548139e+01, -1.14706287e+01, 0.0, 2.0000000000, 8.0000000000, 0.1242158016
        2816, -2.45592374e-01, 4.26692364e-03, 2.17001474e-04, 8.85679104e-05, 4.30673412e-03, 0.0, -1.09210629e+01, -1.08880551e+01, -1.11810504e+01, -1.14921705e+01, 0.0, 2.0000000000, 8.0000000000, 0.1246116002
        2817, -2.45592373e-01, 4.26692322e-03, 2.17001490e-04, 8.85679240e-05, 4.30673373e-03, 0.0, -1.09415196e+01, -1.09106584e+01, -1.12046375e+01, -1.15148214e+01, 0.0, 2.0000000000, 8.0000000000, 0.1250058333
        2818, -2.45592373e-01, 4.26692297e-03, 2.17001503e-04, 8.85679078e-05, 4.30673354e-03, 0.0, -1.09651545e+01, -1.09359712e+01, -1.12305733e+01, -1.15348966e+01, 0.0, 2.0000000000, 8.0000000000, 0.1254595836
        2819, -2.45592373e-01, 4.26692261e-03, 2.17001518e-04, 8.85679183e-05, 4.30673321e-03, 0.0, -1.09859342e+01, -1.09588820e+01, -1.12550519e+01, -1.15591140e+01, 0.0, 2.0000000000, 8.0000000000, 0.1259138862
        2820, -2.45592372e-01, 4.26692241e-03, 2.17001531e-04, 8.85679034e-05, 4.30673306e-03, 0.0, -1.10095648e+01, -1.09839411e+01, -1.12807899e+01, -1.15783719e+01, 0.0, 2.0000000000, 8.0000000000, 0.1263116002
        2821, -2.45592372e-01, 4.26692210e-03, 2.17001544e-04, 8.85679098e-05, 4.30673277e-03, 0.0, -1.10306127e+01, -1.10070293e+01, -1.13058789e+01, -1.16037388e+01, 0.0, 2.0000000000, 8.0000000000, 0.1267865698
        2822, -2.45592371e-01, 4.26692194e-03, 2.17001556e-04, 8.85678979e-05, 4.30673265e-03, 0.0, -1.10543009e+01, -1.10319441e+01, -1.13314355e+01, -1.16226592e+01, 0.0, 2.0000000000, 8.0000000000, 0.1272374829
        2823, -2.45592371e-01, 4.26692168e-03, 2.17001569e-04, 8.85679002e-05, 4.30673240e-03, 0.0, -1.10755520e+01, -1.10550927e+01, -1.13568312e+01, -1.16488076e+01, 0.0, 2.0000000000, 8.0000000000, 0.1276463668
        2824, -2.45592371e-01, 4.26692156e-03, 2.17001579e-04, 8.85678917e-05, 4.30673231e-03, 0.0, -1.10993064e+01, -1.10799069e+01, -1.13821380e+01, -1.16676925e+01, 0.0, 2.0000000000, 8.0000000000, 0.1280292829
        2825, -2.45592370e-01, 4.26692134e-03, 2.17001591e-04, 8.85678904e-05, 4.30673210e-03, 0.0, -1.11206820e+01, -1.11030037e+01, -1.14075203e+01, -1.16943092e+01, 0.0, 2.0000000000, 8.0000000000, 0.1283568343
        2826, -2.45592370e-01, 4.26692124e-03, 2.17001601e-04, 8.85678850e-05, 4.30673203e-03, 0.0, -1.11444698e+01, -1.11277082e+01, -1.14324497e+01, -1.17133262e+01, 0.0, 2.0000000000, 8.0000000000, 0.1286828836
        2827, -2.45592370e-01, 4.26692105e-03, 2.17001611e-04, 8.85678807e-05, 4.30673185e-03, 0.0, -1.11658794e+01, -1.11506445e+01, -1.14575046e+01, -1.17401442e+01, 0.0, 2.0000000000, 8.0000000000, 0.1290044864
        2828, -2.45592370e-01, 4.26692098e-03, 2.17001621e-04, 8.85678779e-05, 4.30673180e-03, 0.0, -1.11896354e+01, -1.11751905e+01, -1.14818977e+01, -1.17593567e+01, 0.0, 2.0000000000, 8.0000000000, 0.1293269833
        2829, -2.45592369e-01, 4.26692082e-03, 2.17001630e-04, 8.85678714e-05, 4.30673164e-03, 0.0, -1.12109799e+01, -1.11978646e+01, -1.15063482e+01, -1.17861489e+01, 0.0, 2.0000000000, 8.0000000000, 0.1296438336
        2830, -2.45592369e-01, 4.26692076e-03, 2.17001639e-04, 8.85678706e-05, 4.30673161e-03, 0.0, -1.12346148e+01, -1.12221764e+01, -1.15300484e+01, -1.18055412e+01, 0.0, 2.0000000000, 8.0000000000, 0.1299600005
        2831, -2.45592369e-01, 4.26692063e-03, 2.17001647e-04, 8.85678627e-05, 4.30673148e-03, 0.0, -1.12557916e+01, -1.12444959e+01, -1.15536829e+01, -1.18321111e+01, 0.0, 2.0000000000, 8.0000000000, 0.1302735527
        2832, -2.45592368e-01, 4.26692058e-03, 2.17001655e-04, 8.85678632e-05, 4.30673145e-03, 0.0, -1.12792017e+01, -1.12684836e+01, -1.15765705e+01, -1.18516132e+01, 0.0, 2.0000000000, 8.0000000000, 0.1305939356
        2833, -2.45592368e-01, 4.26692047e-03, 2.17001663e-04, 8.85678544e-05, 4.30673134e-03, 0.0, -1.13001098e+01, -1.12903676e+01, -1.15992616e+01, -1.18777862e+01, 0.0, 2.0000000000, 8.0000000000, 0.1309257666
        2834, -2.45592368e-01, 4.26692044e-03, 2.17001670e-04, 8.85678561e-05, 4.30673132e-03, 0.0, -1.13231872e+01, -1.13139386e+01, -1.16212822e+01, -1.18972961e+01, 0.0, 2.0000000000, 8.0000000000, 0.1312419852
        2835, -2.45592368e-01, 4.26692034e-03, 2.17001677e-04, 8.85678468e-05, 4.30673122e-03, 0.0, -1.13437327e+01, -1.13353192e+01, -1.16429943e+01, -1.19229139e+01, 0.0, 2.0000000000, 8.0000000000, 0.1315732360
        2836, -2.45592368e-01, 4.26692031e-03, 2.17001683e-04, 8.85678492e-05, 4.30673121e-03, 0.0, -1.13663769e+01, -1.13583892e+01, -1.16641710e+01, -1.19423144e+01, 0.0, 2.0000000000, 8.0000000000, 0.1318907499
        2837, -2.45592367e-01, 4.26692023e-03, 2.17001690e-04, 8.85678399e-05, 4.30673113e-03, 0.0, -1.13864800e+01, -1.13792137e+01, -1.16849548e+01, -1.19672362e+01, 0.0, 2.0000000000, 8.0000000000, 0.1322243849
        2838, -2.45592367e-01, 4.26692021e-03, 2.17001696e-04, 8.85678429e-05, 4.30673111e-03, 0.0, -1.14086088e+01, -1.14017154e+01, -1.17053841e+01, -1.19864098e+01, 0.0, 2.0000000000, 8.0000000000, 0.1325927178
        2839, -2.45592367e-01, 4.26692013e-03, 2.17001701e-04, 8.85678338e-05, 4.30673104e-03, 0.0, -1.14282103e+01, -1.14219498e+01, -1.17253578e+01, -1.20105171e+01, 0.0, 2.0000000000, 8.0000000000, 0.1329105179
        2840, -2.45592367e-01, 4.26692011e-03, 2.17001707e-04, 8.85678373e-05, 4.30673103e-03, 0.0, -1.14497677e+01, -1.14438391e+01, -1.17451898e+01, -1.20293593e+01, 0.0, 2.0000000000, 8.0000000000, 0.1332383513
        2841, -2.45592367e-01, 4.26692005e-03, 2.17001712e-04, 8.85678285e-05, 4.30673097e-03, 0.0, -1.14688353e+01, -1.14634708e+01, -1.17645127e+01, -1.20525627e+01, 0.0, 2.0000000000, 8.0000000000, 0.1335653345
        2842, -2.45592366e-01, 4.26692003e-03, 2.17001716e-04, 8.85678324e-05, 4.30673096e-03, 0.0, -1.14897968e+01, -1.14847302e+01, -1.17839231e+01, -1.20709939e+01, 0.0, 2.0000000000, 8.0000000000, 0.1338856181
        2843, -2.45592366e-01, 4.26691997e-03, 2.17001721e-04, 8.85678242e-05, 4.30673090e-03, 0.0, -1.15083280e+01, -1.15037693e+01, -1.18027656e+01, -1.20932407e+01, 0.0, 2.0000000000, 8.0000000000, 0.1342097521
        2844, -2.45592366e-01, 4.26691995e-03, 2.17001725e-04, 8.85678284e-05, 4.30673090e-03, 0.0, -1.15287018e+01, -1.15244083e+01, -1.18219263e+01, -1.21112147e+01, 0.0, 2.0000000000, 8.0000000000, 0.1345429023
        2845, -2.45592366e-01, 4.26691990e-03, 2.17001729e-04, 8.85678207e-05, 4.30673085e-03, 0.0, -1.15467228e+01, -1.15428868e+01, -1.18404433e+01, -1.21324936e+01, 0.0, 2.0000000000, 8.0000000000, 0.1348676364
        2846, -2.45592366e-01, 4.26691988e-03, 2.17001733e-04, 8.85678250e-05, 4.30673084e-03, 0.0, -1.15665468e+01, -1.15629390e+01, -1.18594974e+01, -1.21500018e+01, 0.0, 2.0000000000, 8.0000000000, 0.1352236827
        2847, -2.45592366e-01, 4.26691983e-03, 2.17001737e-04, 8.85678179e-05, 4.30673079e-03, 0.0, -1.15841086e+01, -1.15809072e+01, -1.18778073e+01, -1.21703444e+01, 0.0, 2.0000000000, 8.0000000000, 0.1356719017
        2848, -2.45592365e-01, 4.26691981e-03, 2.17001740e-04, 8.85678224e-05, 4.30673078e-03, 0.0, -1.16034443e+01, -1.16004258e+01, -1.18968513e+01, -1.21874150e+01, 0.0, 2.0000000000, 8.0000000000, 0.1361309012
        2849, -2.45592365e-01, 4.26691977e-03, 2.17001743e-04, 8.85678158e-05, 4.30673074e-03, 0.0, -1.16206147e+01, -1.16179466e+01, -1.19150225e+01, -1.22068921e+01, 0.0, 2.0000000000, 8.0000000000, 0.1365663846
        2850, -2.45592365e-01, 4.26691975e-03, 2.17001746e-04, 8.85678203e-05, 4.30673073e-03, 0.0, -1.16395391e+01, -1.16369983e+01, -1.19340970e+01, -1.22235838e+01, 0.0, 2.0000000000, 8.0000000000, 0.1368917028
        2851, -2.45592365e-01, 4.26691971e-03, 2.17001749e-04, 8.85678143e-05, 4.30673069e-03, 0.0, -1.16563945e+01, -1.16541410e+01, -1.19521415e+01, -1.22422969e+01, 0.0, 2.0000000000, 8.0000000000, 0.1373107672
        2852, -2.45592365e-01, 4.26691969e-03, 2.17001752e-04, 8.85678188e-05, 4.30673068e-03, 0.0, -1.16749909e+01, -1.16727992e+01, -1.19712285e+01, -1.22586911e+01, 0.0, 2.0000000000, 8.0000000000, 0.1378077189
        2853, -2.45592365e-01, 4.26691965e-03, 2.17001754e-04, 8.85678133e-05, 4.30673064e-03, 0.0, -1.16916085e+01, -1.16896338e+01, -1.19891033e+01, -1.22767607e+01, 0.0, 2.0000000000, 8.0000000000, 0.1382435520
        2854, -2.45592365e-01, 4.26691963e-03, 2.17001757e-04, 8.85678178e-05, 4.30673063e-03, 0.0, -1.17099582e+01, -1.17079721e+01, -1.20081307e+01, -1.22929514e+01, 0.0, 2.0000000000, 8.0000000000, 0.1385864178
        2855, -2.45592365e-01, 4.26691959e-03, 2.17001759e-04, 8.85678127e-05, 4.30673060e-03, 0.0, -1.17264086e+01, -1.17245643e+01, -1.20257448e+01, -1.23105044e+01, 0.0, 2.0000000000, 8.0000000000, 0.1389850855
        2856, -2.45592364e-01, 4.26691958e-03, 2.17001761e-04, 8.85678171e-05, 4.30673059e-03, 0.0, -1.17445845e+01, -1.17426518e+01, -1.20445986e+01, -1.23265892e+01, 0.0, 2.0000000000, 8.0000000000, 0.1393005530
        2857, -2.45592364e-01, 4.26691954e-03, 2.17001763e-04, 8.85678124e-05, 4.30673056e-03, 0.0, -1.17609269e+01, -1.17590592e+01, -1.20618281e+01, -1.23437467e+01, 0.0, 2.0000000000, 8.0000000000, 0.1396253188
        2858, -2.45592364e-01, 4.26691952e-03, 2.17001765e-04, 8.85678167e-05, 4.30673055e-03, 0.0, -1.17789886e+01, -1.17769568e+01, -1.20803699e+01, -1.23598198e+01, 0.0, 2.0000000000, 8.0000000000, 0.1399515033
        2859, -2.45592364e-01, 4.26691949e-03, 2.17001767e-04, 8.85678124e-05, 4.30673052e-03, 0.0, -1.17952681e+01, -1.17932268e+01, -1.20970790e+01, -1.23766881e+01, 0.0, 2.0000000000, 8.0000000000, 0.1402734359
        2860, -2.45592364e-01, 4.26691947e-03, 2.17001768e-04, 8.85678166e-05, 4.30673051e-03, 0.0, -1.18132599e+01, -1.18109854e+01, -1.21151709e+01, -1.23928341e+01, 0.0, 2.0000000000, 8.0000000000, 0.1405858676
        2861, -2.45592364e-01, 4.26691944e-03, 2.17001770e-04, 8.85678127e-05, 4.30673048e-03, 0.0, -1.18295060e+01, -1.18271544e+01, -1.21312371e+01, -1.24094986e+01, 0.0, 2.0000000000, 8.0000000000, 0.1409129500
        2862, -2.45592364e-01, 4.26691942e-03, 2.17001771e-04, 8.85678167e-05, 4.30673047e-03, 0.0, -1.18474570e+01, -1.18448147e+01, -1.21487693e+01, -1.24257913e+01, 0.0, 2.0000000000, 8.0000000000, 0.1413015366
        2863, -2.45592364e-01, 4.26691939e-03, 2.17001773e-04, 8.85678131e-05, 4.30673044e-03, 0.0, -1.18636846e+01, -1.18609084e+01, -1.21641106e+01, -1.24423131e+01, 0.0, 2.0000000000, 8.0000000000, 0.1417291164
        2864, -2.45592364e-01, 4.26691937e-03, 2.17001774e-04, 8.85678170e-05, 4.30673043e-03, 0.0, -1.18816112e+01, -1.18785029e+01, -1.21810274e+01, -1.24588162e+01, 0.0, 2.0000000000, 8.0000000000, 0.1421780030
        2865, -2.45592364e-01, 4.26691935e-03, 2.17001775e-04, 8.85678137e-05, 4.30673041e-03, 0.0, -1.18978233e+01, -1.18945378e+01, -1.21956226e+01, -1.24752330e+01, 0.0, 2.0000000000, 8.0000000000, 0.1425866008
        2866, -2.45592364e-01, 4.26691933e-03, 2.17001776e-04, 8.85678174e-05, 4.30673040e-03, 0.0, -1.19157345e+01, -1.19120948e+01, -1.22119430e+01, -1.24920059e+01, 0.0, 2.0000000000, 8.0000000000, 0.1430069685
        2867, -2.45592363e-01, 4.26691930e-03, 2.17001777e-04, 8.85678144e-05, 4.30673037e-03, 0.0, -1.19319264e+01, -1.19280817e+01, -1.22258441e+01, -1.25083350e+01, 0.0, 2.0000000000, 8.0000000000, 0.1434297840
        2868, -2.45592363e-01, 4.26691929e-03, 2.17001778e-04, 8.85678179e-05, 4.30673036e-03, 0.0, -1.19498332e+01, -1.19456332e+01, -1.22416711e+01, -1.25254481e+01, 0.0, 2.0000000000, 8.0000000000, 0.1437649012
        2869, -2.45592363e-01, 4.26691926e-03, 2.17001779e-04, 8.85678151e-05, 4.30673034e-03, 0.0, -1.19660006e+01, -1.19615821e+01, -1.22550019e+01, -1.25416940e+01, 0.0, 2.0000000000, 8.0000000000, 0.1441846013
        2870, -2.45592363e-01, 4.26691925e-03, 2.17001780e-04, 8.85678184e-05, 4.30673033e-03, 0.0, -1.19839339e+01, -1.19791789e+01, -1.22705255e+01, -1.25592655e+01, 0.0, 2.0000000000, 8.0000000000, 0.1445942362
        2871, -2.45592363e-01, 4.26691922e-03, 2.17001781e-04, 8.85678157e-05, 4.30673031e-03, 0.0, -1.20000890e+01, -1.19951110e+01, -1.22834732e+01, -1.25754395e+01, 0.0, 2.0000000000, 8.0000000000, 0.1450017691
        2872, -2.45592363e-01, 4.26691921e-03, 2.17001782e-04, 8.85678187e-05, 4.30673030e-03, 0.0, -1.20181439e+01, -1.20128640e+01, -1.22989775e+01, -1.25937429e+01, 0.0, 2.0000000000, 8.0000000000, 0.1453911662
        2873, -2.45592363e-01, 4.26691919e-03, 2.17001783e-04, 8.85678154e-05, 4.30673028e-03, 0.0, -1.20343636e+01, -1.20288470e+01, -1.23117955e+01, -1.26099415e+01, 0.0, 2.0000000000, 8.0000000000, 0.1457766851
        2874, -2.45592363e-01, 4.26691917e-03, 2.17001783e-04, 8.85678173e-05, 4.30673027e-03, 0.0, -1.20528822e+01, -1.20470898e+01, -1.23276957e+01, -1.26298907e+01, 0.0, 2.0000000000, 8.0000000000, 0.1461984833
        2875, -2.45592363e-01, 4.26691913e-03, 2.17001784e-04, 8.85677964e-05, 4.30673023e-03, 0.0, -1.20695982e+01, -1.20634510e+01, -1.23408136e+01, -1.26469171e+01, 0.0, 2.0000000000, 8.0000000000, 0.1466088017
        2876, -2.45592363e-01, 4.26691909e-03, 2.17001784e-04, 8.85677734e-05, 4.30673018e-03, 0.0, -1.20887888e+01, -1.20820194e+01, -1.23531098e+01, -1.26686924e+01, 0.0, 2.0000000000, 8.0000000000, 0.1470497012
        2877, -2.45592363e-01, 4.26691912e-03, 2.17001785e-04, 8.85678203e-05, 4.30673023e-03, 0.0, -1.20969044e+01, -1.20894060e+01, -1.23492734e+01, -1.26622570e+01, 0.0, 2.0000000000, 8.0000000000, 0.1474844019
