2.991970437249999448e-02
2.554104278500000241e-02
1.660733431200000013e-02
1.343778378549999840e-02
1.031730119249999952e-02
8.566655856999999888e-03
6.742134516500001944e-03
5.642740163999999600e-03
4.586044292499999973e-03
5.269229509000000408e-03
5.332812535499999521e-03
3.225246856999999800e-03
2.565050862500000382e-03
3.762418313500000278e-03
3.754331275000000277e-03
3.852037715000000608e-03
3.882094163499999993e-03
3.064240771500000363e-03
2.458639989999999824e-03
2.493875847500000298e-03
2.420559818700000233e-03
2.748897114549999406e-03
2.359429934500000513e-03
2.086782979599999775e-03
1.900793534500000046e-03
2.418861934450000032e-03
1.850828321450000190e-03
1.878653427300000164e-03
1.905951937249999962e-03
2.124083681899999708e-03
1.243024708550000048e-03
1.974263361150000069e-03
2.434509705200000023e-03
1.945554558300000795e-03
1.507884787800000065e-03
1.784235642899999847e-03
1.825724778450000130e-03
1.666129212650000174e-03
1.537919926549999924e-03
1.276886211900000231e-03
