5.400358539999999645e-03
5.400358539999999645e-03
2.581508030000000033e-03
3.148563770000000015e-03
3.043475349999999816e-03
3.591278519999999922e-03
2.654840140000000199e-03
1.975528130000000181e-03
1.615711439999999903e-03
1.303418200000000049e-03
1.735768470000000020e-03
1.395787689999999958e-03
1.395787689999999958e-03
1.497806640000000009e-03
1.861560200000000019e-03
1.920917899999999940e-03
1.593797039999999936e-03
1.372332869999999972e-03
1.312140139999999925e-03
1.223895609999999965e-03
8.916121240000000068e-04
8.929189210000000381e-04
1.041948360000000086e-03
9.029471119999999589e-04
7.087247659999999609e-04
7.136436699999999496e-04
7.673136749999999494e-04
7.673136749999999494e-04
7.931999850000000414e-04
4.458939690000000258e-04
5.142796860000000509e-04
5.040010480000000400e-04
4.440945610000000018e-04
6.263816120000000130e-04
4.724601600000000244e-04
4.724601600000000244e-04
5.484692269999999568e-04
3.846486159999999992e-04
3.395159830000000069e-04
3.329932099999999891e-04
