-3.174648166862692900e-03
-1.148988355226364909e-03
-1.236893830349423094e-03
-1.121327159236334275e-03
-3.328002467839139868e-03
-2.394769001391241006e-03
1.590419079731755954e-03
-3.893585401775058290e-04
-2.227814726629964368e-03
1.391361423660056502e-03
-1.629692393722084742e-03
2.023382707115588958e-03
-3.385006533161481843e-03
3.784107804534736670e-03
6.072737306119097012e-04
-3.514271372125578417e-03
3.138402823644021247e-03
-2.582062829710380682e-03
-1.616833709616675562e-03
-2.099404923952814458e-03
-1.471289704075524635e-03
-1.065964035279681494e-03
-3.770115847455754107e-03
-1.891532179880483795e-03
-5.865817529640553370e-04
1.518214571321484414e-03
2.792122124503200464e-03
-1.648195445781463694e-03
-3.617750571610981077e-03
-2.776909135600458094e-03
2.736728990371058504e-03
-4.754657767202566908e-04
2.847719376241527808e-03
-3.069047276506242476e-03
2.798963175893468859e-03
2.112947627761520286e-03
2.142966129245798580e-03
3.135424658706645155e-03
