TITLE = "SU2 Simulation"
VARIABLES = "Iteration","Sens_Geo","Sens_Mach","Sens_AoA","Sens_Press","Sens_Temp","Sens_AoS","Res_AdjFlow[0]","Res_AdjFlow[1]","Res_AdjFlow[2]","Res_AdjFlow[3]","Res_AdjFlow[4]","Linear_Solver_Iterations","CFL_Number","Time(min)"
ZONE T= "Convergence history"
         480, 4.88258379e-01, 3.14025998e-01, 8.96642918e-03, -9.03534018e-03, 2.47999979e-01, 0.0, -4.21277928e+00, -3.96159995e+00, -3.77804239e+00, -4.48724765e+00, 0.0, 2.0000000000, 8.0000000000, 0.0009671688
         481, 7.57113657e-01, 2.90847212e-01, 8.88097206e-03, -3.75007625e-02, 2.23617540e-01, 0.0, -3.97219840e+00, -3.90447454e+00, -3.98123644e+00, -4.20725763e+00, 0.0, 2.0000000000, 8.0000000000, 0.0013979355
         482, 7.71636837e-01, 2.76420232e-01, 8.50454948e-03, -5.52338150e-02, 2.14191149e-01, 0.0, -3.86123850e+00, -3.80061792e+00, -3.91885737e+00, -4.29569102e+00, 0.0, 2.0000000000, 8.0000000000, 0.0018501679
         483, 6.69075426e-01, 2.76069929e-01, 7.70945896e-03, -4.82786424e-02, 2.25637472e-01, 0.0, -3.83304642e+00, -3.75206267e+00, -3.92606286e+00, -4.27791405e+00, 0.0, 2.0000000000, 8.0000000000, 0.0023244341
         484, 4.35036256e-01, 2.64571732e-01, 6.48634634e-03, -4.66243639e-02, 2.26192083e-01, 0.0, -3.78348718e+00, -3.65556946e+00, -3.87414475e+00, -4.20823766e+00, 0.0, 2.0000000000, 8.0000000000, 0.0028175871
         485, 2.54226043e-01, 2.35842969e-01, 5.05710880e-03, -5.70306941e-02, 2.05810554e-01, 0.0, -3.77100517e+00, -3.60706180e+00, -3.90272445e+00, -4.17948137e+00, 0.0, 2.0000000000, 8.0000000000, 0.0032875697
         486, 1.41408979e-01, 2.21627078e-01, 3.82260781e-03, -5.15981865e-02, 2.01604857e-01, 0.0, -3.72785673e+00, -3.56559593e+00, -3.84768721e+00, -4.10290904e+00, 0.0, 2.0000000000, 8.0000000000, 0.0037994703
         487, 5.94717670e-02, 2.10786390e-01, 2.91499089e-03, -4.00715177e-02, 1.98609201e-01, 0.0, -3.77289998e+00, -3.58539271e+00, -3.90902227e+00, -4.12279246e+00, 0.0, 2.0000000000, 8.0000000000, 0.0042329351
         488, 4.64360343e-03, 1.82398352e-01, 2.21906373e-03, -4.51668005e-02, 1.72039228e-01, 0.0, -3.81218040e+00, -3.59519893e+00, -3.94234959e+00, -4.14372757e+00, 0.0, 2.0000000000, 8.0000000000, 0.0047359506
         489, -4.05177658e-02, 1.58733505e-01, 1.66366834e-03, -4.52493456e-02, 1.50166306e-01, 0.0, -3.80634961e+00, -3.58104254e+00, -3.91680349e+00, -4.11572058e+00, 0.0, 2.0000000000, 8.0000000000, 0.0051699360
         490, -5.13571220e-02, 1.49628989e-01, 1.20588413e-03, -2.79603115e-02, 1.45748778e-01, 0.0, -3.84080795e+00, -3.60542595e+00, -4.00003880e+00, -4.19529654e+00, 0.0, 2.0000000000, 8.0000000000, 0.0056185365
         491, -5.90702527e-02, 1.34669809e-01, 7.77827298e-04, -1.21496496e-02, 1.34799638e-01, 0.0, -3.87016323e+00, -3.62410427e+00, -4.07033159e+00, -4.27287272e+00, 0.0, 2.0000000000, 8.0000000000, 0.0060502172
         492, -6.53848684e-02, 1.00990042e-01, 4.00414049e-04, -1.20966282e-02, 1.01865426e-01, 0.0, -3.86751198e+00, -3.62468446e+00, -4.09294627e+00, -4.27710384e+00, 0.0, 2.0000000000, 8.0000000000, 0.0064948360
         493, -4.92525327e-02, 7.75082089e-02, 1.71068007e-04, -1.88503876e-03, 8.11021828e-02, 0.0, -3.86994166e+00, -3.63710010e+00, -4.13278027e+00, -4.33128087e+00, 0.0, 2.0000000000, 8.0000000000, 0.0069381197
         494, -3.50117621e-02, 5.42583346e-02, 7.83441324e-05, 8.02005470e-03, 5.99803720e-02, 0.0, -3.86971378e+00, -3.64374879e+00, -4.13772593e+00, -4.35512267e+00, 0.0, 2.0000000000, 8.0000000000, 0.0073727687
         495, -2.34681091e-02, 3.46194468e-02, 1.13526480e-04, 1.94830397e-02, 4.24452303e-02, 0.0, -3.85310648e+00, -3.63128806e+00, -4.08831335e+00, -4.31864669e+00, 0.0, 2.0000000000, 8.0000000000, 0.0077902834
         496, 7.00388179e-03, 1.51638991e-02, 2.67013340e-04, 2.77163129e-02, 2.41679644e-02, 0.0, -3.84472226e+00, -3.63105935e+00, -4.03693383e+00, -4.30663716e+00, 0.0, 2.0000000000, 8.0000000000, 0.0082210859
         497, 5.63316492e-02, -5.06833311e-04, 5.19267513e-04, 3.50726358e-02, 9.24699997e-03, 0.0, -3.85120763e+00, -3.64673465e+00, -4.03363461e+00, -4.33100379e+00, 0.0, 2.0000000000, 8.0000000000, 0.0087221026
         498, 1.10514375e-01, -1.21888960e-02, 8.39982942e-04, 4.13671486e-02, -2.22020965e-03, 0.0, -3.86032540e+00, -3.66652024e+00, -4.06274254e+00, -4.36311757e+00, 0.0, 2.0000000000, 8.0000000000, 0.0091879686
         499, 1.60621854e-01, -2.04953359e-02, 1.20254285e-03, 4.54183179e-02, -1.10532636e-02, 0.0, -3.86908883e+00, -3.68643700e+00, -4.09516388e+00, -4.38896919e+00, 0.0, 2.0000000000, 8.0000000000, 0.0095878005
         500, 2.05911030e-01, -2.52485466e-02, 1.59086876e-03, 4.68085643e-02, -1.70481777e-02, 0.0, -3.87964936e+00, -3.70756319e+00, -4.12075957e+00, -4.41030994e+00, 0.0, 2.0000000000, 8.0000000000, 0.0101220687
         501, 2.48024089e-01, -2.60786858e-02, 1.99492466e-03, 4.56826303e-02, -1.96811463e-02, 0.0, -3.89123756e+00, -3.72857092e+00, -4.13976115e+00, -4.42483849e+00, 0.0, 2.0000000000, 8.0000000000, 0.0106623014
         502, 2.86765485e-01, -2.29120121e-02, 2.40415319e-03, 4.23835476e-02, -1.87103995e-02, 0.0, -3.90246525e+00, -3.74699911e+00, -4.15113327e+00, -4.42974028e+00, 0.0, 2.0000000000, 8.0000000000, 0.0113337835
         503, 3.20577466e-01, -1.60004699e-02, 2.80630437e-03, 3.73410172e-02, -1.42405512e-02, 0.0, -3.91293784e+00, -3.76137695e+00, -4.15504430e+00, -4.42678085e+00, 0.0, 2.0000000000, 8.0000000000, 0.0117700855
         504, 3.47956488e-01, -5.75126663e-03, 3.18969333e-03, 3.11174625e-02, -6.53931049e-03, 0.0, -3.92330845e+00, -3.77161454e+00, -4.15476571e+00, -4.41977694e+00, 0.0, 2.0000000000, 8.0000000000, 0.0122809013
         505, 3.67688755e-01, 7.31724485e-03, 3.54497224e-03, 2.43410481e-02, 3.99968642e-03, 0.0, -3.93482771e+00, -3.77874343e+00, -4.15421028e+00, -4.41224781e+00, 0.0, 2.0000000000, 8.0000000000, 0.0127331694
         506, 3.78686743e-01, 2.25422000e-02, 3.86517740e-03, 1.75610419e-02, 1.68041326e-02, 0.0, -3.94927239e+00, -3.78481126e+00, -4.15656128e+00, -4.40757716e+00, 0.0, 2.0000000000, 8.0000000000, 0.0131994843
         507, 3.80063527e-01, 3.91244763e-02, 4.14515340e-03, 1.11533709e-02, 3.11265124e-02, 0.0, -3.96874271e+00, -3.79251395e+00, -4.16424143e+00, -4.40911004e+00, 0.0, 2.0000000000, 8.0000000000, 0.0136646191
         508, 3.71325019e-01, 5.61953437e-02, 4.38127889e-03, 5.31364976e-03, 4.61227836e-02, 0.0, -3.99517160e+00, -3.80453594e+00, -4.17894169e+00, -4.41970208e+00, 0.0, 2.0000000000, 8.0000000000, 0.0141028841
         509, 3.52453425e-01, 7.29007590e-02, 4.57150246e-03, 1.03169733e-04, 6.09523063e-02, 0.0, -4.02980106e+00, -3.82304081e+00, -4.20164561e+00, -4.44146403e+00, 0.0, 2.0000000000, 8.0000000000, 0.0145425518
         510, 3.23675108e-01, 8.84900688e-02, 4.71535776e-03, -4.48030677e-03, 7.48791150e-02, 0.0, -4.07284360e+00, -3.84957278e+00, -4.23318065e+00, -4.47614528e+00, 0.0, 2.0000000000, 8.0000000000, 0.0149751862
         511, 2.84109818e-01, 1.03707375e-01, 4.81725611e-03, -7.18127225e-03, 8.89452997e-02, 0.0, -4.12356180e+00, -3.88553991e+00, -4.27615700e+00, -4.52685027e+00, 0.0, 2.0000000000, 8.0000000000, 0.0154364864
         512, 2.52814125e-01, 1.17294432e-01, 4.88315163e-03, -8.08003608e-03, 1.01857163e-01, 0.0, -4.17993868e+00, -3.93266600e+00, -4.33366724e+00, -4.59570793e+00, 0.0, 2.0000000000, 8.0000000000, 0.0158740004
         513, 2.24310603e-01, 1.24969426e-01, 4.89651385e-03, -1.14902177e-02, 1.08403176e-01, 0.0, -4.19806201e+00, -3.95295173e+00, -4.31308765e+00, -4.57783164e+00, 0.0, 2.0000000000, 8.0000000000, 0.0163143198
         514, 1.82149353e-01, 1.31233268e-01, 4.86175969e-03, -1.23290321e-02, 1.14090204e-01, 0.0, -4.22025807e+00, -3.99193647e+00, -4.32414536e+00, -4.61680769e+00, 0.0, 2.0000000000, 8.0000000000, 0.0167550524
         515, 1.35219937e-01, 1.33791436e-01, 4.79024874e-03, -1.28391414e-02, 1.16167471e-01, 0.0, -4.24118710e+00, -4.03887013e+00, -4.35778926e+00, -4.67520098e+00, 0.0, 2.0000000000, 8.0000000000, 0.0171949188
         516, 9.50325264e-02, 1.33768072e-01, 4.69414658e-03, -1.23839519e-02, 1.15911488e-01, 0.0, -4.24154317e+00, -4.07432573e+00, -4.38895131e+00, -4.71124297e+00, 0.0, 2.0000000000, 8.0000000000, 0.0176337838
         517, 6.56374748e-02, 1.31846929e-01, 4.58487309e-03, -1.08898902e-02, 1.14029507e-01, 0.0, -4.23508559e+00, -4.09404992e+00, -4.40080683e+00, -4.71851183e+00, 0.0, 2.0000000000, 8.0000000000, 0.0180677533
         518, 4.24186452e-02, 1.28458431e-01, 4.46597290e-03, -8.57300403e-03, 1.10926559e-01, 0.0, -4.22793442e+00, -4.10445705e+00, -4.40015413e+00, -4.71810304e+00, 0.0, 2.0000000000, 8.0000000000, 0.0185055693
         519, 2.20158006e-02, 1.23699986e-01, 4.33887797e-03, -6.00665734e-03, 1.06618602e-01, 0.0, -4.22407724e+00, -4.10960424e+00, -4.39926682e+00, -4.71534218e+00, 0.0, 2.0000000000, 8.0000000000, 0.0189424515
         520, 4.10011827e-03, 1.17805358e-01, 4.20717177e-03, -3.61935455e-03, 1.01291952e-01, 0.0, -4.22512197e+00, -4.11219157e+00, -4.40079574e+00, -4.71132564e+00, 0.0, 2.0000000000, 8.0000000000, 0.0193877021
         521, -1.00711996e-02, 1.11160439e-01, 4.07702998e-03, -1.60025873e-03, 9.53122483e-02, 0.0, -4.23354124e+00, -4.11566560e+00, -4.40676009e+00, -4.71003470e+00, 0.0, 2.0000000000, 8.0000000000, 0.0198279699
         522, -1.93040870e-02, 1.04212622e-01, 3.95468036e-03, 4.42918790e-05, 8.91084761e-02, 0.0, -4.25123150e+00, -4.12291178e+00, -4.41911737e+00, -4.71550232e+00, 0.0, 2.0000000000, 8.0000000000, 0.0202705860
         523, -2.29841228e-02, 9.73808313e-02, 3.84440337e-03, 1.39390584e-03, 8.30699436e-02, 0.0, -4.27965929e+00, -4.13618927e+00, -4.43945343e+00, -4.73021772e+00, 0.0, 2.0000000000, 8.0000000000, 0.0207078854
         524, -2.10797576e-02, 9.10144358e-02, 3.74834469e-03, 2.54575700e-03, 7.75093760e-02, 0.0, -4.31982629e+00, -4.15735817e+00, -4.46829994e+00, -4.75550526e+00, 0.0, 2.0000000000, 8.0000000000, 0.0211786350
         525, -1.39839303e-02, 8.53916837e-02, 3.66743435e-03, 3.58338906e-03, 7.26703982e-02, 0.0, -4.37187928e+00, -4.18780039e+00, -4.50526718e+00, -4.79193524e+00, 0.0, 2.0000000000, 8.0000000000, 0.0216175199
         526, -2.40085442e-03, 8.07451112e-02, 3.60227885e-03, 4.58057171e-03, 6.87602250e-02, 0.0, -4.43420241e+00, -4.22803332e+00, -4.54918846e+00, -4.83901157e+00, 0.0, 2.0000000000, 8.0000000000, 0.0220547001
         527, 1.27229341e-02, 7.73637548e-02, 3.55372963e-03, 5.68662245e-03, 6.60705351e-02, 0.0, -4.50211584e+00, -4.27734264e+00, -4.59789138e+00, -4.89466190e+00, 0.0, 2.0000000000, 8.0000000000, 0.0224977334
         528, 3.19497982e-02, 7.48593439e-02, 3.52072817e-03, 6.52176423e-03, 6.41029794e-02, 0.0, -4.56628630e+00, -4.33330315e+00, -4.64791926e+00, -4.95557772e+00, 0.0, 2.0000000000, 8.0000000000, 0.0229622523
         529, 5.05584726e-02, 7.34976577e-02, 3.50410765e-03, 7.18112056e-03, 6.31396510e-02, 0.0, -4.61889638e+00, -4.39729496e+00, -4.70894401e+00, -5.03120214e+00, 0.0, 2.0000000000, 8.0000000000, 0.0234115203
         530, 6.47761083e-02, 7.28808446e-02, 3.50302192e-03, 7.25551751e-03, 6.27237119e-02, 0.0, -4.63586562e+00, -4.44202430e+00, -4.73238547e+00, -5.05091345e+00, 0.0, 2.0000000000, 8.0000000000, 0.0238438527
         531, 7.80464063e-02, 7.29903608e-02, 3.51489246e-03, 6.85607562e-03, 6.28645330e-02, 0.0, -4.64632219e+00, -4.47858094e+00, -4.75056211e+00, -5.06826691e+00, 0.0, 2.0000000000, 8.0000000000, 0.0242874702
         532, 9.15901883e-02, 7.39996717e-02, 3.53849985e-03, 6.41286347e-03, 6.38199228e-02, 0.0, -4.64675037e+00, -4.50621347e+00, -4.76510644e+00, -5.08834220e+00, 0.0, 2.0000000000, 8.0000000000, 0.0247426669
         533, 1.03316021e-01, 7.56337111e-02, 3.57085487e-03, 5.95618953e-03, 6.53150276e-02, 0.0, -4.63802948e+00, -4.51736458e+00, -4.77114130e+00, -5.09220692e+00, 0.0, 2.0000000000, 8.0000000000, 0.0252047857
         534, 1.12072070e-01, 7.76182725e-02, 3.60843008e-03, 5.44125941e-03, 6.70676018e-02, 0.0, -4.63113620e+00, -4.51939061e+00, -4.77361067e+00, -5.08952144e+00, 0.0, 2.0000000000, 8.0000000000, 0.0257550200
         535, 1.18205462e-01, 7.98280433e-02, 3.64864922e-03, 4.90693106e-03, 6.89725570e-02, 0.0, -4.63146250e+00, -4.51973930e+00, -4.77920858e+00, -5.08950621e+00, 0.0, 2.0000000000, 8.0000000000, 0.0261993011
         536, 1.22289098e-01, 8.21726772e-02, 3.68962618e-03, 4.39753306e-03, 7.09687912e-02, 0.0, -4.64105211e+00, -4.52240434e+00, -4.79086216e+00, -5.09492163e+00, 0.0, 2.0000000000, 8.0000000000, 0.0266565363
         537, 1.24502416e-01, 8.45512902e-02, 3.72956536e-03, 3.93019138e-03, 7.29818701e-02, 0.0, -4.66125281e+00, -4.53024624e+00, -4.80924202e+00, -5.10721105e+00, 0.0, 2.0000000000, 8.0000000000, 0.0271593173
         538, 1.24830299e-01, 8.68541110e-02, 3.76669843e-03, 3.49525246e-03, 7.49227087e-02, 0.0, -4.69278575e+00, -4.54556954e+00, -4.83422339e+00, -5.12782978e+00, 0.0, 2.0000000000, 8.0000000000, 0.0276859681
         539, 1.23324645e-01, 8.89816903e-02, 3.79961135e-03, 3.07535567e-03, 7.67092912e-02, 0.0, -4.73574180e+00, -4.56998730e+00, -4.86584448e+00, -5.15790436e+00, 0.0, 2.0000000000, 8.0000000000, 0.0281331023
         540, 1.20149877e-01, 9.08574040e-02, 3.82749029e-03, 2.66206422e-03, 7.82808558e-02, 0.0, -4.78922950e+00, -4.60426493e+00, -4.90395972e+00, -5.19755909e+00, 0.0, 2.0000000000, 8.0000000000, 0.0285799344
         541, 1.15560513e-01, 9.24181642e-02, 3.85002015e-03, 2.25107752e-03, 7.95855740e-02, 0.0, -4.85105130e+00, -4.64854760e+00, -4.94772789e+00, -5.24614604e+00, 0.0, 2.0000000000, 8.0000000000, 0.0290366332
         542, 1.09903229e-01, 9.35773128e-02, 3.86703570e-03, 1.80989529e-03, 8.05352845e-02, 0.0, -4.91694269e+00, -4.70224194e+00, -4.99528811e+00, -5.30228655e+00, 0.0, 2.0000000000, 8.0000000000, 0.0294852694
         543, 1.03122612e-01, 9.42495536e-02, 3.87826326e-03, 1.29228886e-03, 8.10348551e-02, 0.0, -4.97902749e+00, -4.76293830e+00, -5.04304940e+00, -5.36265395e+00, 0.0, 2.0000000000, 8.0000000000, 0.0299522837
         544, 9.64952309e-02, 9.50701772e-02, 3.88555667e-03, 1.37800255e-03, 8.18452174e-02, 0.0, -5.02788740e+00, -4.82749147e+00, -5.09231556e+00, -5.42880026e+00, 0.0, 2.0000000000, 8.0000000000, 0.0303978364
         545, 9.11207280e-02, 9.50085342e-02, 3.88726484e-03, 1.03014033e-03, 8.17190099e-02, 0.0, -5.05691183e+00, -4.87913640e+00, -5.12239426e+00, -5.45667268e+00, 0.0, 2.0000000000, 8.0000000000, 0.0308423201
         546, 8.55399479e-02, 9.48912677e-02, 3.88408936e-03, 1.03273555e-03, 8.16305748e-02, 0.0, -5.05106609e+00, -4.90909838e+00, -5.12729589e+00, -5.46585206e+00, 0.0, 2.0000000000, 8.0000000000, 0.0312723200
         547, 8.09030663e-02, 9.45238646e-02, 3.87744419e-03, 1.15357028e-03, 8.13314880e-02, 0.0, -5.05703164e+00, -4.93463320e+00, -5.14503063e+00, -5.48550428e+00, 0.0, 2.0000000000, 8.0000000000, 0.0317212343
         548, 7.66964088e-02, 9.39701632e-02, 3.86804571e-03, 1.35885399e-03, 8.08792693e-02, 0.0, -5.04941464e+00, -4.94129319e+00, -5.15233020e+00, -5.48563461e+00, 0.0, 2.0000000000, 8.0000000000, 0.0321727355
         549, 7.35000792e-02, 9.32540852e-02, 3.85695318e-03, 1.58549463e-03, 8.02822831e-02, 0.0, -5.04749215e+00, -4.94275159e+00, -5.16100520e+00, -5.48449007e+00, 0.0, 2.0000000000, 8.0000000000, 0.0326242169
         550, 7.10604656e-02, 9.24337150e-02, 3.84509399e-03, 1.82037411e-03, 7.95910506e-02, 0.0, -5.04852105e+00, -4.94028748e+00, -5.16776367e+00, -5.48215353e+00, 0.0, 2.0000000000, 8.0000000000, 0.0330696026
         551, 6.93064827e-02, 9.15505016e-02, 3.83318558e-03, 2.04656680e-03, 7.88383412e-02, 0.0, -5.05698498e+00, -4.93968662e+00, -5.17846132e+00, -5.48465002e+00, 0.0, 2.0000000000, 8.0000000000, 0.0335671862
         552, 6.81533919e-02, 9.06489864e-02, 3.82180976e-03, 2.26001398e-03, 7.80636961e-02, 0.0, -5.07359713e+00, -4.94365857e+00, -5.19453885e+00, -5.49343833e+00, 0.0, 2.0000000000, 8.0000000000, 0.0340021173
         553, 6.76007297e-02, 8.97693373e-02, 3.81149757e-03, 2.45926065e-03, 7.73033924e-02, 0.0, -5.09991876e+00, -4.95505149e+00, -5.21783855e+00, -5.51071486e+00, 0.0, 2.0000000000, 8.0000000000, 0.0344452341
         554, 6.76446841e-02, 8.89478468e-02, 3.80268399e-03, 2.64524182e-03, 7.65904394e-02, 0.0, -5.13586916e+00, -4.97510533e+00, -5.24845252e+00, -5.53690337e+00, 0.0, 2.0000000000, 8.0000000000, 0.0348614335
         555, 6.82597962e-02, 8.82143856e-02, 3.79563907e-03, 2.81777197e-03, 7.59514589e-02, 0.0, -5.18067941e+00, -5.00430771e+00, -5.28595954e+00, -5.57189884e+00, 0.0, 2.0000000000, 8.0000000000, 0.0352841020
         556, 6.93795538e-02, 8.75926042e-02, 3.79044087e-03, 2.97504444e-03, 7.54075193e-02, 0.0, -5.23243565e+00, -5.04241452e+00, -5.32947236e+00, -5.61497978e+00, 0.0, 2.0000000000, 8.0000000000, 0.0357252200
         557, 7.08981664e-02, 8.71010035e-02, 3.78701702e-03, 3.11423893e-03, 7.49759707e-02, 0.0, -5.28793324e+00, -5.08850915e+00, -5.37765859e+00, -5.66481750e+00, 0.0, 2.0000000000, 8.0000000000, 0.0361542344
         558, 7.26710560e-02, 8.67536456e-02, 3.78520686e-03, 3.23181692e-03, 7.46714786e-02, 0.0, -5.34225852e+00, -5.14048449e+00, -5.42812640e+00, -5.71867121e+00, 0.0, 2.0000000000, 8.0000000000, 0.0365965843
         559, 7.45250250e-02, 8.66311479e-02, 3.78497477e-03, 3.38732584e-03, 7.45909491e-02, 0.0, -5.38906778e+00, -5.19422769e+00, -5.47654738e+00, -5.77119160e+00, 0.0, 2.0000000000, 8.0000000000, 0.0370657365
         560, 7.65673641e-02, 8.65110903e-02, 3.78551488e-03, 3.39642553e-03, 7.44718090e-02, 0.0, -5.41884457e+00, -5.24103882e+00, -5.51168076e+00, -5.81035435e+00, 0.0, 2.0000000000, 8.0000000000, 0.0375156522
         561, 7.86683268e-02, 8.65918041e-02, 3.78702962e-03, 3.43668172e-03, 7.45557791e-02, 0.0, -5.44696582e+00, -5.28937283e+00, -5.56131575e+00, -5.86615425e+00, 0.0, 2.0000000000, 8.0000000000, 0.0379824678
         562, 8.00251627e-02, 8.67391431e-02, 3.78904894e-03, 3.40253991e-03, 7.46888713e-02, 0.0, -5.45397159e+00, -5.31681764e+00, -5.58060804e+00, -5.87992409e+00, 0.0, 2.0000000000, 8.0000000000, 0.0384350697
         563, 8.09723614e-02, 8.69345874e-02, 3.79101367e-03, 3.29823644e-03, 7.48554357e-02, 0.0, -5.46546755e+00, -5.33902533e+00, -5.59978483e+00, -5.89610940e+00, 0.0, 2.0000000000, 8.0000000000, 0.0388875683
         564, 8.18074768e-02, 8.71985863e-02, 3.79276147e-03, 3.17981359e-03, 7.50872554e-02, 0.0, -5.47627138e+00, -5.35622088e+00, -5.62049259e+00, -5.91223341e+00, 0.0, 2.0000000000, 8.0000000000, 0.0393231511
         565, 8.24123930e-02, 8.75128866e-02, 3.79410892e-03, 3.06638977e-03, 7.53691250e-02, 0.0, -5.48563958e+00, -5.36776206e+00, -5.63749476e+00, -5.92218299e+00, 0.0, 2.0000000000, 8.0000000000, 0.0397747517
         566, 8.27030014e-02, 8.78484640e-02, 3.79477105e-03, 2.95930837e-03, 7.56721281e-02, 0.0, -5.49960684e+00, -5.37964894e+00, -5.65477323e+00, -5.93417349e+00, 0.0, 2.0000000000, 8.0000000000, 0.0402315021
         567, 8.26681222e-02, 8.81833932e-02, 3.79453477e-03, 2.85867992e-03, 7.59751958e-02, 0.0, -5.51900837e+00, -5.39453251e+00, -5.67501697e+00, -5.95106532e+00, 0.0, 2.0000000000, 8.0000000000, 0.0406714678
         568, 8.23606031e-02, 8.85031248e-02, 3.79332695e-03, 2.76784540e-03, 7.62656040e-02, 0.0, -5.54469849e+00, -5.41447550e+00, -5.70035391e+00, -5.97411756e+00, 0.0, 2.0000000000, 8.0000000000, 0.0411092202
         569, 8.18372269e-02, 8.87954437e-02, 3.79116870e-03, 2.68947674e-03, 7.65327714e-02, 0.0, -5.57675416e+00, -5.44083343e+00, -5.73106077e+00, -6.00401543e+00, 0.0, 2.0000000000, 8.0000000000, 0.0415543000
         570, 8.11473137e-02, 8.90486467e-02, 3.78811484e-03, 2.62418496e-03, 7.67659255e-02, 0.0, -5.61441932e+00, -5.47422409e+00, -5.76691219e+00, -6.04123692e+00, 0.0, 2.0000000000, 8.0000000000, 0.0421840191
         571, 8.03370054e-02, 8.92525712e-02, 3.78424507e-03, 2.57170281e-03, 7.69553145e-02, 0.0, -5.65555020e+00, -5.51399637e+00, -5.80719156e+00, -6.08484777e+00, 0.0, 2.0000000000, 8.0000000000, 0.0426392516
         572, 7.94564930e-02, 8.93989653e-02, 3.77969225e-03, 2.53158286e-03, 7.70926572e-02, 0.0, -5.69713366e+00, -5.55835290e+00, -5.85042849e+00, -6.13252913e+00, 0.0, 2.0000000000, 8.0000000000, 0.0430645863
         573, 7.85698633e-02, 8.94817761e-02, 3.77465477e-03, 2.50305851e-03, 7.71713599e-02, 0.0, -5.73573750e+00, -5.60421329e+00, -5.89425438e+00, -6.18055000e+00, 0.0, 2.0000000000, 8.0000000000, 0.0435201009
         574, 7.77926829e-02, 8.94751166e-02, 3.76935531e-03, 2.46500556e-03, 7.71598601e-02, 0.0, -5.76777389e+00, -5.64679345e+00, -5.93498701e+00, -6.22270489e+00, 0.0, 2.0000000000, 8.0000000000, 0.0439782858
         575, 7.69089292e-02, 8.93424041e-02, 3.76402143e-03, 2.37259853e-03, 7.70119988e-02, 0.0, -5.78574446e+00, -5.67708646e+00, -5.96061642e+00, -6.24459402e+00, 0.0, 2.0000000000, 8.0000000000, 0.0444712679
         576, 7.57902299e-02, 8.93818331e-02, 3.75923107e-03, 2.50325256e-03, 7.70827698e-02, 0.0, -5.78138526e+00, -5.68741945e+00, -5.95306608e+00, -6.23013022e+00, 0.0, 2.0000000000, 8.0000000000, 0.0449044863
         577, 7.53193559e-02, 8.92985072e-02, 3.75466287e-03, 2.57355558e-03, 7.70154317e-02, 0.0, -5.81415835e+00, -5.71883886e+00, -6.01123417e+00, -6.28443127e+00, 0.0, 2.0000000000, 8.0000000000, 0.0453600168
         578, 7.50271124e-02, 8.91588990e-02, 3.75056759e-03, 2.61914376e-03, 7.68864952e-02, 0.0, -5.82738825e+00, -5.73648384e+00, -6.03302751e+00, -6.29032160e+00, 0.0, 2.0000000000, 8.0000000000, 0.0458149513
         579, 7.47875624e-02, 8.90238882e-02, 3.74736968e-03, 2.69173138e-03, 7.67668256e-02, 0.0, -5.84550149e+00, -5.75274366e+00, -6.04917545e+00, -6.30405994e+00, 0.0, 2.0000000000, 8.0000000000, 0.0462797523
         580, 7.46082935e-02, 8.88877961e-02, 3.74516788e-03, 2.77616271e-03, 7.66479774e-02, 0.0, -5.86598652e+00, -5.76813339e+00, -6.07726472e+00, -6.32472930e+00, 0.0, 2.0000000000, 8.0000000000, 0.0467911681
         581, 7.45552742e-02, 8.87479591e-02, 3.74394770e-03, 2.85437813e-03, 7.65245691e-02, 0.0, -5.88939893e+00, -5.78680192e+00, -6.11279165e+00, -6.35269635e+00, 0.0, 2.0000000000, 8.0000000000, 0.0472075025
         582, 7.46373765e-02, 8.86192744e-02, 3.74373400e-03, 2.92819373e-03, 7.64116823e-02, 0.0, -5.91212075e+00, -5.80626995e+00, -6.14453327e+00, -6.38139747e+00, 0.0, 2.0000000000, 8.0000000000, 0.0476490339
         583, 7.48103140e-02, 8.85198279e-02, 3.74454374e-03, 3.00710296e-03, 7.63283192e-02, 0.0, -5.93176651e+00, -5.82468144e+00, -6.17104586e+00, -6.40916597e+00, 0.0, 2.0000000000, 8.0000000000, 0.0480932037
         584, 7.50540206e-02, 8.84009904e-02, 3.74616704e-03, 3.04073289e-03, 7.62140949e-02, 0.0, -5.95069629e+00, -5.84650403e+00, -6.20684987e+00, -6.44763229e+00, 0.0, 2.0000000000, 8.0000000000, 0.0485359867
         585, 7.54020226e-02, 8.83085015e-02, 3.74852529e-03, 3.06096316e-03, 7.61224688e-02, 0.0, -5.97098018e+00, -5.87282294e+00, -6.25686501e+00, -6.48820221e+00, 0.0, 2.0000000000, 8.0000000000, 0.0489703019
         586, 7.57310641e-02, 8.82376844e-02, 3.75141645e-03, 3.06200596e-03, 7.60478650e-02, 0.0, -5.98092130e+00, -5.88626986e+00, -6.26956146e+00, -6.49904694e+00, 0.0, 2.0000000000, 8.0000000000, 0.0494195501
         587, 7.60203908e-02, 8.82034717e-02, 3.75471635e-03, 3.05822185e-03, 7.60086819e-02, 0.0, -5.98799553e+00, -5.89377268e+00, -6.26272133e+00, -6.50100077e+00, 0.0, 2.0000000000, 8.0000000000, 0.0498620510
         588, 7.63248072e-02, 8.82000998e-02, 3.75831145e-03, 3.04438819e-03, 7.59986150e-02, 0.0, -5.99378767e+00, -5.90341617e+00, -6.25315546e+00, -6.50998479e+00, 0.0, 2.0000000000, 8.0000000000, 0.0503096183
         589, 7.66071596e-02, 8.82243243e-02, 3.76203269e-03, 3.02152025e-03, 7.60147093e-02, 0.0, -5.99930763e+00, -5.91151691e+00, -6.25558559e+00, -6.51808103e+00, 0.0, 2.0000000000, 8.0000000000, 0.0507476846
         590, 7.68196732e-02, 8.82706869e-02, 3.76567478e-03, 2.99056469e-03, 7.60515561e-02, 0.0, -6.00688640e+00, -5.91848579e+00, -6.26552285e+00, -6.52402909e+00, 0.0, 2.0000000000, 8.0000000000, 0.0511948665
         591, 7.69513460e-02, 8.83336664e-02, 3.76903883e-03, 2.95228324e-03, 7.61038580e-02, 0.0, -6.01992034e+00, -5.92832973e+00, -6.28173157e+00, -6.53304677e+00, 0.0, 2.0000000000, 8.0000000000, 0.0516464512
         592, 7.69998797e-02, 8.84090082e-02, 3.77197984e-03, 2.90863124e-03, 7.61679619e-02, 0.0, -6.03857341e+00, -5.94190707e+00, -6.30256699e+00, -6.54523906e+00, 0.0, 2.0000000000, 8.0000000000, 0.0520923535
         593, 7.69633263e-02, 8.84927471e-02, 3.77440950e-03, 2.86210337e-03, 7.62405847e-02, 0.0, -6.06221414e+00, -5.95928285e+00, -6.32612002e+00, -6.56063532e+00, 0.0, 2.0000000000, 8.0000000000, 0.0525293032
         594, 7.68428952e-02, 8.85799845e-02, 3.77626913e-03, 2.81420452e-03, 7.63173036e-02, 0.0, -6.09008777e+00, -5.98077280e+00, -6.35147913e+00, -6.58068768e+00, 0.0, 2.0000000000, 8.0000000000, 0.0529786348
         595, 7.66443349e-02, 8.86649099e-02, 3.77751433e-03, 2.76533181e-03, 7.63925661e-02, 0.0, -6.12045028e+00, -6.00595342e+00, -6.37779010e+00, -6.60602529e+00, 0.0, 2.0000000000, 8.0000000000, 0.0534182191
         596, 7.63777552e-02, 8.87406841e-02, 3.77811718e-03, 2.71473002e-03, 7.64594988e-02, 0.0, -6.15025311e+00, -6.03326891e+00, -6.40264875e+00, -6.63543037e+00, 0.0, 2.0000000000, 8.0000000000, 0.0538739522
         597, 7.60409590e-02, 8.87972372e-02, 3.77806420e-03, 2.65786023e-03, 7.65071272e-02, 0.0, -6.17580019e+00, -6.06041466e+00, -6.42331332e+00, -6.66708911e+00, 0.0, 2.0000000000, 8.0000000000, 0.0543016672
         598, 7.56625182e-02, 8.88839985e-02, 3.77751050e-03, 2.64552732e-03, 7.65956326e-02, 0.0, -6.19566521e+00, -6.08754762e+00, -6.45023999e+00, -6.70790788e+00, 0.0, 2.0000000000, 8.0000000000, 0.0547523697
         599, 7.53141045e-02, 8.89339734e-02, 3.77639340e-03, 2.62120027e-03, 7.66453484e-02, 0.0, -6.21096236e+00, -6.11014132e+00, -6.47846548e+00, -6.73025275e+00, 0.0, 2.0000000000, 8.0000000000, 0.0551955342
         600, 7.49875952e-02, 8.89630232e-02, 3.77480871e-03, 2.59924500e-03, 7.66754707e-02, 0.0, -6.21039843e+00, -6.11730170e+00, -6.46549466e+00, -6.72964419e+00, 0.0, 2.0000000000, 8.0000000000, 0.0556396683
         601, 7.46498147e-02, 8.89783156e-02, 3.77285949e-03, 2.58923934e-03, 7.66945605e-02, 0.0, -6.20701219e+00, -6.11936758e+00, -6.45146523e+00, -6.73037650e+00, 0.0, 2.0000000000, 8.0000000000, 0.0560842355
         602, 7.43115554e-02, 8.89773378e-02, 3.77064927e-03, 2.58871531e-03, 7.66993113e-02, 0.0, -6.20327077e+00, -6.11798431e+00, -6.44526965e+00, -6.73010605e+00, 0.0, 2.0000000000, 8.0000000000, 0.0565225840
         603, 7.39985112e-02, 8.89607462e-02, 3.76829215e-03, 2.59582746e-03, 7.66899657e-02, 0.0, -6.19968521e+00, -6.11323192e+00, -6.44232086e+00, -6.72435242e+00, 0.0, 2.0000000000, 8.0000000000, 0.0569563866
         604, 7.37286620e-02, 8.89304129e-02, 3.76590865e-03, 2.60927425e-03, 7.66680562e-02, 0.0, -6.19945789e+00, -6.10825710e+00, -6.44152817e+00, -6.71724266e+00, 0.0, 2.0000000000, 8.0000000000, 0.0573965669
         605, 7.35050203e-02, 8.88884478e-02, 3.76360217e-03, 2.62781464e-03, 7.66353123e-02, 0.0, -6.20434539e+00, -6.10548958e+00, -6.44456133e+00, -6.71230906e+00, 0.0, 2.0000000000, 8.0000000000, 0.0578575532
         606, 7.33282056e-02, 8.88369390e-02, 3.76145340e-03, 2.64995569e-03, 7.65934199e-02, 0.0, -6.21517929e+00, -6.10638495e+00, -6.45321470e+00, -6.71139302e+00, 0.0, 2.0000000000, 8.0000000000, 0.0583321333
         607, 7.32021134e-02, 8.87782644e-02, 3.75952850e-03, 2.67431496e-03, 7.65444204e-02, 0.0, -6.23245011e+00, -6.11214811e+00, -6.46826521e+00, -6.71585127e+00, 0.0, 2.0000000000, 8.0000000000, 0.0588460366
         608, 7.31312179e-02, 8.87151840e-02, 3.75788462e-03, 2.69987747e-03, 7.64908041e-02, 0.0, -6.25625715e+00, -6.12369832e+00, -6.48976087e+00, -6.72684379e+00, 0.0, 2.0000000000, 8.0000000000, 0.0592996677
         609, 7.31170011e-02, 8.86506751e-02, 3.75656757e-03, 2.72597700e-03, 7.64353047e-02, 0.0, -6.28596283e+00, -6.14136350e+00, -6.51696114e+00, -6.74486735e+00, 0.0, 2.0000000000, 8.0000000000, 0.0597462853
         610, 7.31568278e-02, 8.85877279e-02, 3.75560770e-03, 2.75215412e-03, 7.63806816e-02, 0.0, -6.32013162e+00, -6.16495837e+00, -6.54850298e+00, -6.76989461e+00, 0.0, 2.0000000000, 8.0000000000, 0.0601943533
         611, 7.32443759e-02, 8.85294031e-02, 3.75501961e-03, 2.77821997e-03, 7.63298387e-02, 0.0, -6.35648392e+00, -6.19387010e+00, -6.58271879e+00, -6.80161397e+00, 0.0, 2.0000000000, 8.0000000000, 0.0606435339
         612, 7.33712405e-02, 8.84796018e-02, 3.75480660e-03, 2.80501287e-03, 7.62867979e-02, 0.0, -6.39178234e+00, -6.22686607e+00, -6.61771647e+00, -6.83930016e+00, 0.0, 2.0000000000, 8.0000000000, 0.0610734701
         613, 7.35347542e-02, 8.84422059e-02, 3.75496335e-03, 2.83436946e-03, 7.62557642e-02, 0.0, -6.42216378e+00, -6.26206909e+00, -6.65248602e+00, -6.88265558e+00, 0.0, 2.0000000000, 8.0000000000, 0.0615158002
         614, 7.37205077e-02, 8.83931200e-02, 3.75540509e-03, 2.84103704e-03, 7.62073431e-02, 0.0, -6.44832775e+00, -6.30303599e+00, -6.71210854e+00, -6.94951571e+00, 0.0, 2.0000000000, 8.0000000000, 0.0619513194
         615, 7.38823995e-02, 8.83619871e-02, 3.75614947e-03, 2.84954665e-03, 7.61768650e-02, 0.0, -6.46441627e+00, -6.33372044e+00, -6.75032643e+00, -6.97811358e+00, 0.0, 2.0000000000, 8.0000000000, 0.0623844028
         616, 7.40264443e-02, 8.83427987e-02, 3.75714516e-03, 2.85478623e-03, 7.61571921e-02, 0.0, -6.46582022e+00, -6.34868003e+00, -6.74107303e+00, -6.98071109e+00, 0.0, 2.0000000000, 8.0000000000, 0.0628165523
         617, 7.41837457e-02, 8.83346676e-02, 3.75833845e-03, 2.85557960e-03, 7.61474239e-02, 0.0, -6.46611190e+00, -6.36059100e+00, -6.72847875e+00, -6.99030409e+00, 0.0, 2.0000000000, 8.0000000000, 0.0632683516
         618, 7.43461125e-02, 8.83376858e-02, 3.75966819e-03, 2.85305335e-03, 7.61479900e-02, 0.0, -6.46454251e+00, -6.36843845e+00, -6.72537199e+00, -6.99877677e+00, 0.0, 2.0000000000, 8.0000000000, 0.0637121201
         619, 7.44883639e-02, 8.83496815e-02, 3.76106389e-03, 2.84713280e-03, 7.61567039e-02, 0.0, -6.46222619e+00, -6.37032620e+00, -6.72552323e+00, -6.99789026e+00, 0.0, 2.0000000000, 8.0000000000, 0.0641545852
         620, 7.46008451e-02, 8.83687027e-02, 3.76245765e-03, 2.83799437e-03, 7.61716749e-02, 0.0, -6.46436620e+00, -6.37128450e+00, -6.72882668e+00, -6.99559335e+00, 0.0, 2.0000000000, 8.0000000000, 0.0645933668
         621, 7.46857082e-02, 8.83934562e-02, 3.76379582e-03, 2.82641429e-03, 7.61918416e-02, 0.0, -6.47361611e+00, -6.37512247e+00, -6.73835314e+00, -6.99702335e+00, 0.0, 2.0000000000, 8.0000000000, 0.0650384506
         622, 7.47440077e-02, 8.84227482e-02, 3.76503811e-03, 2.81336244e-03, 7.62162779e-02, 0.0, -6.49053739e+00, -6.38330816e+00, -6.75482669e+00, -7.00330543e+00, 0.0, 2.0000000000, 8.0000000000, 0.0654982368
         623, 7.47735631e-02, 8.84551175e-02, 3.76615073e-03, 2.79957839e-03, 7.62437315e-02, 0.0, -6.51522828e+00, -6.39686267e+00, -6.77759340e+00, -7.01548040e+00, 0.0, 2.0000000000, 8.0000000000, 0.0659441352
         624, 7.47723966e-02, 8.84887883e-02, 3.76710374e-03, 2.78538897e-03, 7.62725663e-02, 0.0, -6.54741262e+00, -6.41663161e+00, -6.80621273e+00, -7.03507157e+00, 0.0, 2.0000000000, 8.0000000000, 0.0664024870
         625, 7.47406756e-02, 8.85218763e-02, 3.76787368e-03, 2.77085532e-03, 7.63010099e-02, 0.0, -6.58586366e+00, -6.44277350e+00, -6.84014488e+00, -7.06294218e+00, 0.0, 2.0000000000, 8.0000000000, 0.0668503364
         626, 7.46798708e-02, 8.85524938e-02, 3.76844611e-03, 2.75583890e-03, 7.63272504e-02, 0.0, -6.62815510e+00, -6.47482281e+00, -6.87857127e+00, -7.09958383e+00, 0.0, 2.0000000000, 8.0000000000, 0.0673069199
         627, 7.45902871e-02, 8.85879436e-02, 3.76883759e-03, 2.74851005e-03, 7.63604522e-02, 0.0, -6.67136276e+00, -6.51264978e+00, -6.92453993e+00, -7.14860026e+00, 0.0, 2.0000000000, 8.0000000000, 0.0677574833
         628, 7.45036430e-02, 8.86156874e-02, 3.76903451e-03, 2.74007066e-03, 7.63860840e-02, 0.0, -6.71045773e+00, -6.55570024e+00, -6.98287676e+00, -7.20213792e+00, 0.0, 2.0000000000, 8.0000000000, 0.0682102839
         629, 7.44286633e-02, 8.86325634e-02, 3.76903535e-03, 2.72673980e-03, 7.64003625e-02, 0.0, -6.71820306e+00, -6.57077551e+00, -6.95843463e+00, -7.19260057e+00, 0.0, 2.0000000000, 8.0000000000, 0.0686602871
         630, 7.43321739e-02, 8.86480911e-02, 3.76884875e-03, 2.71991695e-03, 7.64148946e-02, 0.0, -6.71879643e+00, -6.58774450e+00, -6.94527723e+00, -7.20708135e+00, 0.0, 2.0000000000, 8.0000000000, 0.0691188335
         631, 7.42216203e-02, 8.86574032e-02, 3.76850559e-03, 2.71547368e-03, 7.64238855e-02, 0.0, -6.71974410e+00, -6.60497190e+00, -6.94789489e+00, -7.23099482e+00, 0.0, 2.0000000000, 8.0000000000, 0.0695710182
         632, 7.41161774e-02, 8.86610248e-02, 3.76804176e-03, 2.71325734e-03, 7.64278682e-02, 0.0, -6.71311895e+00, -6.61348902e+00, -6.95625157e+00, -7.24433942e+00, 0.0, 2.0000000000, 8.0000000000, 0.0700147033
         633, 7.40271624e-02, 8.86600066e-02, 3.76749924e-03, 2.71348659e-03, 7.64279068e-02, 0.0, -6.70463099e+00, -6.61291606e+00, -6.95698231e+00, -7.24253342e+00, 0.0, 2.0000000000, 8.0000000000, 0.0704726179
         634, 7.39514932e-02, 8.86550066e-02, 3.76690748e-03, 2.71606967e-03, 7.64245692e-02, 0.0, -6.69896820e+00, -6.60941061e+00, -6.95335319e+00, -7.23743916e+00, 0.0, 2.0000000000, 8.0000000000, 0.0709176024
         635, 7.38845169e-02, 8.86462347e-02, 3.76628808e-03, 2.72035170e-03, 7.64178871e-02, 0.0, -6.69831654e+00, -6.60618458e+00, -6.95253986e+00, -7.23289072e+00, 0.0, 2.0000000000, 8.0000000000, 0.0713775357
         636, 7.38263153e-02, 8.86340749e-02, 3.76566278e-03, 2.72567706e-03, 7.64081067e-02, 0.0, -6.70386749e+00, -6.60537188e+00, -6.95748470e+00, -7.23037257e+00, 0.0, 2.0000000000, 8.0000000000, 0.0718270858
         637, 7.37801935e-02, 8.86192037e-02, 3.76505619e-03, 2.73160772e-03, 7.63958102e-02, 0.0, -6.71670488e+00, -6.60887585e+00, -6.96943766e+00, -7.23199653e+00, 0.0, 2.0000000000, 8.0000000000, 0.0722679019
         638, 7.37494235e-02, 8.86024824e-02, 3.76449191e-03, 2.73791254e-03, 7.63817708e-02, 0.0, -6.73749369e+00, -6.61806956e+00, -6.98905709e+00, -7.23972378e+00, 0.0, 2.0000000000, 8.0000000000, 0.0727247675
         639, 7.37357843e-02, 8.85848031e-02, 3.76398824e-03, 2.74445579e-03, 7.63667758e-02, 0.0, -6.76645992e+00, -6.63379664e+00, -7.01650792e+00, -7.25471279e+00, 0.0, 2.0000000000, 8.0000000000, 0.0731659849
         640, 7.37394383e-02, 8.85670105e-02, 3.76355728e-03, 2.75112497e-03, 7.63515601e-02, 0.0, -6.80341682e+00, -6.65663803e+00, -7.05137750e+00, -7.27762397e+00, 0.0, 2.0000000000, 8.0000000000, 0.0736186028
         641, 7.37592345e-02, 8.85499073e-02, 3.76320646e-03, 2.75783080e-03, 7.63368361e-02, 0.0, -6.84754994e+00, -6.68693764e+00, -7.09286979e+00, -7.30888119e+00, 0.0, 2.0000000000, 8.0000000000, 0.0740722537
         642, 7.37930521e-02, 8.85343119e-02, 3.76294039e-03, 2.76455680e-03, 7.63233707e-02, 0.0, -6.89691380e+00, -6.72453019e+00, -7.13975432e+00, -7.34848249e+00, 0.0, 2.0000000000, 8.0000000000, 0.0745215019
         643, 7.38383938e-02, 8.85212807e-02, 3.76276232e-03, 2.77157165e-03, 7.63122524e-02, 0.0, -6.94777145e+00, -6.76834385e+00, -7.18991197e+00, -7.39569304e+00, 0.0, 2.0000000000, 8.0000000000, 0.0749633670
         644, 7.38968651e-02, 8.85099872e-02, 3.76266938e-03, 2.77768522e-03, 7.63023686e-02, 0.0, -6.99438331e+00, -6.81622923e+00, -7.24136242e+00, -7.45013563e+00, 0.0, 2.0000000000, 8.0000000000, 0.0755016526
         645, 7.39541877e-02, 8.84984755e-02, 3.76264936e-03, 2.77988151e-03, 7.62912032e-02, 0.0, -7.03552643e+00, -6.87122248e+00, -7.32128120e+00, -7.52761504e+00, 0.0, 2.0000000000, 8.0000000000, 0.0759242535
         646, 7.39981611e-02, 8.84927294e-02, 3.76270787e-03, 2.78362018e-03, 7.62859414e-02, 0.0, -7.04976611e+00, -6.90179676e+00, -7.32676272e+00, -7.53323292e+00, 0.0, 2.0000000000, 8.0000000000, 0.0763571183
         647, 7.40456626e-02, 8.84891931e-02, 3.76283698e-03, 2.78534846e-03, 7.62823342e-02, 0.0, -7.04727121e+00, -6.92096036e+00, -7.30912237e+00, -7.54115923e+00, 0.0, 2.0000000000, 8.0000000000, 0.0767953197
         648, 7.40977971e-02, 8.84886309e-02, 3.76302320e-03, 2.78582775e-03, 7.62813543e-02, 0.0, -7.04299069e+00, -6.93433710e+00, -7.30205783e+00, -7.55508334e+00, 0.0, 2.0000000000, 8.0000000000, 0.0772353530
         649, 7.41465071e-02, 8.84907072e-02, 3.76324998e-03, 2.78526411e-03, 7.62827053e-02, 0.0, -7.03316020e+00, -6.93663494e+00, -7.29746884e+00, -7.55672506e+00, 0.0, 2.0000000000, 8.0000000000, 0.0776682019
         650, 7.41871960e-02, 8.84949000e-02, 3.76349901e-03, 2.78374869e-03, 7.62858874e-02, 0.0, -7.02413554e+00, -6.93178440e+00, -7.29064052e+00, -7.54923932e+00, 0.0, 2.0000000000, 8.0000000000, 0.0781153202
         651, 7.42205920e-02, 8.85008751e-02, 3.76375627e-03, 2.78151269e-03, 7.62906359e-02, 0.0, -7.01965134e+00, -6.92523315e+00, -7.28434785e+00, -7.54057221e+00, 0.0, 2.0000000000, 8.0000000000, 0.0785606186
         652, 7.42482868e-02, 8.85083673e-02, 3.76401179e-03, 2.77884424e-03, 7.62967690e-02, 0.0, -7.02147390e+00, -6.92023448e+00, -7.28286936e+00, -7.53429878e+00, 0.0, 2.0000000000, 8.0000000000, 0.0790129860
         653, 7.42702559e-02, 8.85170535e-02, 3.76425702e-03, 2.77597781e-03, 7.63040285e-02, 0.0, -7.03067714e+00, -6.91902444e+00, -7.28813929e+00, -7.53241704e+00, 0.0, 2.0000000000, 8.0000000000, 0.0794535001
         654, 7.42854953e-02, 8.85265332e-02, 3.76448347e-03, 2.77305314e-03, 7.63120577e-02, 0.0, -7.04810578e+00, -6.92348952e+00, -7.30103367e+00, -7.53689540e+00, 0.0, 2.0000000000, 8.0000000000, 0.0799148838
         655, 7.42931559e-02, 8.85363705e-02, 3.76468359e-03, 2.77013404e-03, 7.63204588e-02, 0.0, -7.07410578e+00, -6.93488396e+00, -7.32185231e+00, -7.54915002e+00, 0.0, 2.0000000000, 8.0000000000, 0.0803640008
         656, 7.42930233e-02, 8.85461515e-02, 3.76485201e-03, 2.76725673e-03, 7.63288606e-02, 0.0, -7.10844890e+00, -6.95382226e+00, -7.35033700e+00, -7.56978578e+00, 0.0, 2.0000000000, 8.0000000000, 0.0808146834
         657, 7.42855301e-02, 8.85555051e-02, 3.76498580e-03, 2.76445416e-03, 7.63369351e-02, 0.0, -7.15037567e+00, -6.98057393e+00, -7.38590187e+00, -7.59902770e+00, 0.0, 2.0000000000, 8.0000000000, 0.0812463999
         658, 7.42716126e-02, 8.85640884e-02, 3.76508382e-03, 2.76174675e-03, 7.63443706e-02, 0.0, -7.19845268e+00, -7.01519230e+00, -7.42798249e+00, -7.63704721e+00, 0.0, 2.0000000000, 8.0000000000, 0.0816884518
         659, 7.42525185e-02, 8.85715462e-02, 3.76514589e-03, 2.75910752e-03, 7.63508205e-02, 0.0, -7.25012405e+00, -7.05731478e+00, -7.47590695e+00, -7.68377469e+00, 0.0, 2.0000000000, 8.0000000000, 0.0821369847
         660, 7.42292159e-02, 8.85773836e-02, 3.76517214e-03, 2.75632503e-03, 7.63557475e-02, 0.0, -7.30125404e+00, -7.10584609e+00, -7.52864833e+00, -7.73878294e+00, 0.0, 2.0000000000, 8.0000000000, 0.0825745185
         661, 7.42036090e-02, 8.85841341e-02, 3.76517090e-03, 2.75598340e-03, 7.63622337e-02, 0.0, -7.34699087e+00, -7.15976744e+00, -7.59026468e+00, -7.80562413e+00, 0.0, 2.0000000000, 8.0000000000, 0.0830239018
         662, 7.41800387e-02, 8.85877060e-02, 3.76513643e-03, 2.75459677e-03, 7.63653971e-02, 0.0, -7.38201161e+00, -7.21173472e+00, -7.64563503e+00, -7.85425065e+00, 0.0, 2.0000000000, 8.0000000000, 0.0834657669
         663, 7.41594612e-02, 8.85896971e-02, 3.76507521e-03, 2.75356860e-03, 7.63671392e-02, 0.0, -7.39575116e+00, -7.24961770e+00, -7.65677805e+00, -7.88105283e+00, 0.0, 2.0000000000, 8.0000000000, 0.0839070837
         664, 7.41388474e-02, 8.85905626e-02, 3.76499341e-03, 2.75338348e-03, 7.63679732e-02, 0.0, -7.40150657e+00, -7.27970935e+00, -7.66602707e+00, -7.90703759e+00, 0.0, 2.0000000000, 8.0000000000, 0.0843334357
         665, 7.41189610e-02, 8.85901828e-02, 3.76489677e-03, 2.75372770e-03, 7.63677045e-02, 0.0, -7.40183807e+00, -7.30026951e+00, -7.67709306e+00, -7.92555233e+00, 0.0, 2.0000000000, 8.0000000000, 0.0847812692
         666, 7.41019105e-02, 8.85887838e-02, 3.76479170e-03, 2.75448723e-03, 7.63665405e-02, 0.0, -7.39954277e+00, -7.31057022e+00, -7.68487270e+00, -7.93082199e+00, 0.0, 2.0000000000, 8.0000000000, 0.0852293173
         667, 7.40885664e-02, 8.85865918e-02, 3.76468469e-03, 2.75556193e-03, 7.63646860e-02, 0.0, -7.40048156e+00, -7.31625107e+00, -7.68996933e+00, -7.93095423e+00, 0.0, 2.0000000000, 8.0000000000, 0.0856687188
         668, 7.40785451e-02, 8.85837738e-02, 3.76458086e-03, 2.75682068e-03, 7.63622736e-02, 0.0, -7.40747777e+00, -7.32196714e+00, -7.69759377e+00, -7.93273610e+00, 0.0, 2.0000000000, 8.0000000000, 0.0861080011
         669, 7.40714750e-02, 8.85804927e-02, 3.76448400e-03, 2.75814496e-03, 7.63594341e-02, 0.0, -7.42186450e+00, -7.33046631e+00, -7.71160986e+00, -7.93891182e+00, 0.0, 2.0000000000, 8.0000000000, 0.0865602851
         670, 7.40674224e-02, 8.85769348e-02, 3.76439722e-03, 2.75945947e-03, 7.63563309e-02, 0.0, -7.44453895e+00, -7.34391625e+00, -7.73339419e+00, -7.95142244e+00, 0.0, 2.0000000000, 8.0000000000, 0.0870054682
         671, 7.40665675e-02, 8.85733016e-02, 3.76432318e-03, 2.76073147e-03, 7.63531487e-02, 0.0, -7.47589670e+00, -7.36401499e+00, -7.76330634e+00, -7.97202726e+00, 0.0, 2.0000000000, 8.0000000000, 0.0874635537
         672, 7.40688929e-02, 8.85697896e-02, 3.76426376e-03, 2.76195288e-03, 7.63500690e-02, 0.0, -7.51538880e+00, -7.39160467e+00, -7.80090793e+00, -8.00151934e+00, 0.0, 2.0000000000, 8.0000000000, 0.0879397869
         673, 7.40741073e-02, 8.85665803e-02, 3.76421990e-03, 2.76312702e-03, 7.63472591e-02, 0.0, -7.56132493e+00, -7.42671924e+00, -7.84489858e+00, -8.03975594e+00, 0.0, 2.0000000000, 8.0000000000, 0.0883473198
         674, 7.40817102e-02, 8.85638625e-02, 3.76419173e-03, 2.76428587e-03, 7.63449024e-02, 0.0, -7.61063573e+00, -7.46866016e+00, -7.89335978e+00, -8.08607416e+00, 0.0, 2.0000000000, 8.0000000000, 0.0887874524
         675, 7.40914924e-02, 8.85618550e-02, 3.76417900e-03, 2.76553341e-03, 7.63432311e-02, 0.0, -7.65856902e+00, -7.51571094e+00, -7.94437938e+00, -8.13954162e+00, 0.0, 2.0000000000, 8.0000000000, 0.0892254353
         676, 7.41016830e-02, 8.85593544e-02, 3.76417710e-03, 2.76557053e-03, 7.63407724e-02, 0.0, -7.70202658e+00, -7.56868183e+00, -8.01439841e+00, -8.21091105e+00, 0.0, 2.0000000000, 8.0000000000, 0.0896481355
         677, 7.41103993e-02, 8.85582644e-02, 3.76418858e-03, 2.76613068e-03, 7.63398098e-02, 0.0, -7.72520523e+00, -7.60392628e+00, -8.02952360e+00, -8.22312273e+00, 0.0, 2.0000000000, 8.0000000000, 0.0900756677
         678, 7.41193060e-02, 8.85576798e-02, 3.76421124e-03, 2.76635647e-03, 7.63392599e-02, 0.0, -7.73385085e+00, -7.63149379e+00, -8.02500672e+00, -8.24351058e+00, 0.0, 2.0000000000, 8.0000000000, 0.0905343334
         679, 7.41281076e-02, 8.85576507e-02, 3.76424206e-03, 2.76631296e-03, 7.63391978e-02, 0.0, -7.73771466e+00, -7.65084158e+00, -8.02688050e+00, -8.26115002e+00, 0.0, 2.0000000000, 8.0000000000, 0.0909592668
         680, 7.41359683e-02, 8.85581072e-02, 3.76427829e-03, 2.76604536e-03, 7.63395632e-02, 0.0, -7.73544833e+00, -7.65918959e+00, -8.02883370e+00, -8.26650422e+00, 0.0, 2.0000000000, 8.0000000000, 0.0913874030
         681, 7.41423063e-02, 8.85589629e-02, 3.76431692e-03, 2.76560407e-03, 7.63402804e-02, 0.0, -7.73360173e+00, -7.66124713e+00, -8.02888400e+00, -8.26451346e+00, 0.0, 2.0000000000, 8.0000000000, 0.0918542504
         682, 7.41471674e-02, 8.85601396e-02, 3.76435554e-03, 2.76504448e-03, 7.63412855e-02, 0.0, -7.73540279e+00, -7.66171224e+00, -8.02919811e+00, -8.26175864e+00, 0.0, 2.0000000000, 8.0000000000, 0.0923862537
         683, 7.41507145e-02, 8.85615687e-02, 3.76439234e-03, 2.76442658e-03, 7.63425252e-02, 0.0, -7.74317105e+00, -7.66409158e+00, -8.03463809e+00, -8.26227245e+00, 0.0, 2.0000000000, 8.0000000000, 0.0928329190
         684, 7.41529476e-02, 8.85631720e-02, 3.76442586e-03, 2.76379515e-03, 7.63439331e-02, 0.0, -7.75823385e+00, -7.67086348e+00, -8.04751020e+00, -8.26839649e+00, 0.0, 2.0000000000, 8.0000000000, 0.0932820201
         685, 7.41537723e-02, 8.85648605e-02, 3.76445483e-03, 2.76317471e-03, 7.63454282e-02, 0.0, -7.78153161e+00, -7.68408181e+00, -8.06909109e+00, -8.28228884e+00, 0.0, 2.0000000000, 8.0000000000, 0.0937171340
         686, 7.41531332e-02, 8.85665426e-02, 3.76447822e-03, 2.76257545e-03, 7.63469257e-02, 0.0, -7.81313657e+00, -7.70495615e+00, -8.09956459e+00, -8.30513820e+00, 0.0, 2.0000000000, 8.0000000000, 0.0941663861
         687, 7.41510821e-02, 8.85681314e-02, 3.76449544e-03, 2.76200127e-03, 7.63483460e-02, 0.0, -7.85224064e+00, -7.73396005e+00, -8.13821303e+00, -8.33723487e+00, 0.0, 2.0000000000, 8.0000000000, 0.0946176370
         688, 7.41477882e-02, 8.85695457e-02, 3.76450631e-03, 2.76145216e-03, 7.63496135e-02, 0.0, -7.89700029e+00, -7.77092740e+00, -8.18356227e+00, -8.37822445e+00, 0.0, 2.0000000000, 8.0000000000, 0.0950662335
         689, 7.41435267e-02, 8.85706978e-02, 3.76451098e-03, 2.76091598e-03, 7.63506413e-02, 0.0, -7.94404078e+00, -7.81470061e+00, -8.23302878e+00, -8.42670177e+00, 0.0, 2.0000000000, 8.0000000000, 0.0955060681
         690, 7.41384565e-02, 8.85713522e-02, 3.76450941e-03, 2.76023230e-03, 7.63511604e-02, 0.0, -7.98778700e+00, -7.86213644e+00, -8.28136076e+00, -8.47878447e+00, 0.0, 2.0000000000, 8.0000000000, 0.0959522367
         691, 7.41329636e-02, 8.85722859e-02, 3.76450417e-03, 2.76016942e-03, 7.63521093e-02, 0.0, -8.02122978e+00, -7.90881483e+00, -8.32781176e+00, -8.53425742e+00, 0.0, 2.0000000000, 8.0000000000, 0.0963975191
         692, 7.41279423e-02, 8.85726519e-02, 3.76449444e-03, 2.76000488e-03, 7.63524745e-02, 0.0, -8.04606645e+00, -7.94864781e+00, -8.36991941e+00, -8.56746212e+00, 0.0, 2.0000000000, 8.0000000000, 0.0968534033
         693, 7.41235969e-02, 8.85726926e-02, 3.76448156e-03, 2.75992932e-03, 7.63525408e-02, 0.0, -8.05277901e+00, -7.97087580e+00, -8.36582552e+00, -8.57554468e+00, 0.0, 2.0000000000, 8.0000000000, 0.0973029335
         694, 7.41195387e-02, 8.85725084e-02, 3.76446691e-03, 2.76001903e-03, 7.63524184e-02, 0.0, -8.05276504e+00, -7.98090445e+00, -8.35429981e+00, -8.57713854e+00, 0.0, 2.0000000000, 8.0000000000, 0.0977384369
         695, 7.41158023e-02, 8.85721025e-02, 3.76445154e-03, 2.76022387e-03, 7.63520997e-02, 0.0, -8.04943878e+00, -7.98153799e+00, -8.34539619e+00, -8.57270251e+00, 0.0, 2.0000000000, 8.0000000000, 0.0981759032
         696, 7.41126253e-02, 8.85715016e-02, 3.76443652e-03, 2.76049732e-03, 7.63516035e-02, 0.0, -8.04617535e+00, -7.97663271e+00, -8.33787273e+00, -8.56351638e+00, 0.0, 2.0000000000, 8.0000000000, 0.0986388842
         697, 7.41101498e-02, 8.85707439e-02, 3.76442291e-03, 2.76080580e-03, 7.63509617e-02, 0.0, -8.04653165e+00, -7.97096055e+00, -8.33281126e+00, -8.55479376e+00, 0.0, 2.0000000000, 8.0000000000, 0.0990791519
         698, 7.41083893e-02, 8.85698715e-02, 3.76441155e-03, 2.76112557e-03, 7.63502103e-02, 0.0, -8.05224296e+00, -7.96754669e+00, -8.33241937e+00, -8.54995560e+00, 0.0, 2.0000000000, 8.0000000000, 0.0995223204
         699, 7.41073238e-02, 8.85689274e-02, 3.76440301e-03, 2.76144011e-03, 7.63493873e-02, 0.0, -8.06432029e+00, -7.96850499e+00, -8.33842806e+00, -8.55100274e+00, 0.0, 2.0000000000, 8.0000000000, 0.0999700507
         700, 7.41069371e-02, 8.85679546e-02, 3.76439764e-03, 2.76173930e-03, 7.63485315e-02, 0.0, -8.08332600e+00, -7.97547703e+00, -8.35158954e+00, -8.55932537e+00, 0.0, 2.0000000000, 8.0000000000, 0.1004173358
         701, 7.41072017e-02, 8.85669944e-02, 3.76439562e-03, 2.76201741e-03, 7.63476807e-02, 0.0, -8.10926423e+00, -7.98956225e+00, -8.37198750e+00, -8.57581925e+00, 0.0, 2.0000000000, 8.0000000000, 0.1008735180
         702, 7.41080624e-02, 8.85660840e-02, 3.76439698e-03, 2.76227066e-03, 7.63468690e-02, 0.0, -8.14145572e+00, -8.01122951e+00, -8.39928422e+00, -8.60075877e+00, 0.0, 2.0000000000, 8.0000000000, 0.1013212204
         703, 7.41094335e-02, 8.85652563e-02, 3.76440161e-03, 2.76249575e-03, 7.63461263e-02, 0.0, -8.17861484e+00, -8.04046122e+00, -8.43302972e+00, -8.63399933e+00, 0.0, 2.0000000000, 8.0000000000, 0.1017661850
         704, 7.41112026e-02, 8.85645395e-02, 3.76440925e-03, 2.76268958e-03, 7.63454787e-02, 0.0, -8.21889072e+00, -8.07682005e+00, -8.47271456e+00, -8.67507315e+00, 0.0, 2.0000000000, 8.0000000000, 0.1021980842
         705, 7.41132346e-02, 8.85639580e-02, 3.76441952e-03, 2.76284932e-03, 7.63449498e-02, 0.0, -8.25979425e+00, -8.11922034e+00, -8.51725904e+00, -8.72276889e+00, 0.0, 2.0000000000, 8.0000000000, 0.1026345690
         706, 7.41153713e-02, 8.85635357e-02, 3.76443194e-03, 2.76297601e-03, 7.63445648e-02, 0.0, -8.29823588e+00, -8.16544524e+00, -8.56406622e+00, -8.77423377e+00, 0.0, 2.0000000000, 8.0000000000, 0.1030623515
         707, 7.41174461e-02, 8.85633488e-02, 3.76444602e-03, 2.76312357e-03, 7.63444142e-02, 0.0, -8.33078257e+00, -8.21151421e+00, -8.60764247e+00, -8.82375966e+00, 0.0, 2.0000000000, 8.0000000000, 0.1035163005
         708, 7.41198667e-02, 8.85633055e-02, 3.76446088e-03, 2.76322554e-03, 7.63443910e-02, 0.0, -8.35126955e+00, -8.24974519e+00, -8.63391155e+00, -8.85917102e+00, 0.0, 2.0000000000, 8.0000000000, 0.1039803704
         709, 7.41221207e-02, 8.85632246e-02, 3.76447579e-03, 2.76309967e-03, 7.63442822e-02, 0.0, -8.36995889e+00, -8.28787491e+00, -8.68276905e+00, -8.90897832e+00, 0.0, 2.0000000000, 8.0000000000, 0.1044468005
         710, 7.41232827e-02, 8.85633456e-02, 3.76449054e-03, 2.76299519e-03, 7.63443808e-02, 0.0, -8.38662855e+00, -8.31361471e+00, -8.71748363e+00, -8.92342495e+00, 0.0, 2.0000000000, 8.0000000000, 0.1049006184
         711, 7.41240890e-02, 8.85635503e-02, 3.76450425e-03, 2.76282938e-03, 7.63445517e-02, 0.0, -8.40368453e+00, -8.33685810e+00, -8.72851701e+00, -8.93349165e+00, 0.0, 2.0000000000, 8.0000000000, 0.1053318342
         712, 7.41249633e-02, 8.85638290e-02, 3.76451621e-03, 2.76262819e-03, 7.63447907e-02, 0.0, -8.42514262e+00, -8.35901495e+00, -8.75246703e+00, -8.95499229e+00, 0.0, 2.0000000000, 8.0000000000, 0.1057938178
         713, 7.41256480e-02, 8.85641757e-02, 3.76452615e-03, 2.76242658e-03, 7.63450972e-02, 0.0, -8.44349324e+00, -8.37370230e+00, -8.77404031e+00, -8.96834475e+00, 0.0, 2.0000000000, 8.0000000000, 0.1062590679
         714, 7.41258935e-02, 8.85645533e-02, 3.76453371e-03, 2.76223008e-03, 7.63454344e-02, 0.0, -8.46537398e+00, -8.38968432e+00, -8.79683708e+00, -8.98669619e+00, 0.0, 2.0000000000, 8.0000000000, 0.1067043503
         715, 7.41257032e-02, 8.85649242e-02, 3.76453864e-03, 2.76203232e-03, 7.63457645e-02, 0.0, -8.48805440e+00, -8.40607864e+00, -8.81781585e+00, -9.00760246e+00, 0.0, 2.0000000000, 8.0000000000, 0.1071662188
         716, 7.41251796e-02, 8.85652580e-02, 3.76454089e-03, 2.76183139e-03, 7.63460581e-02, 0.0, -8.51132041e+00, -8.42363727e+00, -8.83805451e+00, -9.03184933e+00, 0.0, 2.0000000000, 8.0000000000, 0.1076113184
         717, 7.41244139e-02, 8.85656109e-02, 3.76454076e-03, 2.76169495e-03, 7.63463877e-02, 0.0, -8.53524696e+00, -8.44455351e+00, -8.86329519e+00, -9.06494007e+00, 0.0, 2.0000000000, 8.0000000000, 0.1080487370
         718, 7.41234182e-02, 8.85659463e-02, 3.76453850e-03, 2.76162460e-03, 7.63467152e-02, 0.0, -8.56331429e+00, -8.47560506e+00, -8.92582818e+00, -9.11776279e+00, 0.0, 2.0000000000, 8.0000000000, 0.1085351189
         719, 7.41225544e-02, 8.85661659e-02, 3.76453426e-03, 2.76153456e-03, 7.63469241e-02, 0.0, -8.57376964e+00, -8.48704543e+00, -8.92010574e+00, -9.11996497e+00, 0.0, 2.0000000000, 8.0000000000, 0.1090344508
         720, 7.41216676e-02, 8.85663228e-02, 3.76452831e-03, 2.76148474e-03, 7.63470795e-02, 0.0, -8.57490553e+00, -8.48993467e+00, -8.88841222e+00, -9.11365270e+00, 0.0, 2.0000000000, 8.0000000000, 0.1094804366
         721, 7.41206526e-02, 8.85664077e-02, 3.76452097e-03, 2.76147533e-03, 7.63471708e-02, 0.0, -8.57819348e+00, -8.49779436e+00, -8.87204940e+00, -9.12330959e+00, 0.0, 2.0000000000, 8.0000000000, 0.1099211017
         722, 7.41196386e-02, 8.85664156e-02, 3.76451269e-03, 2.76149418e-03, 7.63471909e-02, 0.0, -8.57983973e+00, -8.50365769e+00, -8.87152585e+00, -9.12973869e+00, 0.0, 2.0000000000, 8.0000000000, 0.1103611668
         723, 7.41187796e-02, 8.85663601e-02, 3.76450404e-03, 2.76154079e-03, 7.63471538e-02, 0.0, -8.58164634e+00, -8.50635040e+00, -8.87500044e+00, -9.12966139e+00, 0.0, 2.0000000000, 8.0000000000, 0.1108001510
         724, 7.41181146e-02, 8.85662530e-02, 3.76449553e-03, 2.76161354e-03, 7.63470705e-02, 0.0, -8.58770496e+00, -8.51020056e+00, -8.88129219e+00, -9.13044401e+00, 0.0, 2.0000000000, 8.0000000000, 0.1112426519
         725, 7.41176305e-02, 8.85661018e-02, 3.76448753e-03, 2.76170601e-03, 7.63469469e-02, 0.0, -8.59917899e+00, -8.51698332e+00, -8.89269806e+00, -9.13418429e+00, 0.0, 2.0000000000, 8.0000000000, 0.1116958857
         726, 7.41173313e-02, 8.85659146e-02, 3.76448029e-03, 2.76181018e-03, 7.63467887e-02, 0.0, -8.61630129e+00, -8.52739079e+00, -8.90950871e+00, -9.14118858e+00, 0.0, 2.0000000000, 8.0000000000, 0.1121401866
         727, 7.41172350e-02, 8.85657020e-02, 3.76447405e-03, 2.76192025e-03, 7.63466052e-02, 0.0, -8.63933322e+00, -8.54241781e+00, -8.93147889e+00, -9.15305588e+00, 0.0, 2.0000000000, 8.0000000000, 0.1125745018
         728, 7.41173530e-02, 8.85654772e-02, 3.76446899e-03, 2.76203337e-03, 7.63464087e-02, 0.0, -8.66803148e+00, -8.56274783e+00, -8.95845067e+00, -9.17135141e+00, 0.0, 2.0000000000, 8.0000000000, 0.1130258361
         729, 7.41176810e-02, 8.85652541e-02, 3.76446524e-03, 2.76214805e-03, 7.63462120e-02, 0.0, -8.70117796e+00, -8.58829644e+00, -8.98928319e+00, -9.19644769e+00, 0.0, 2.0000000000, 8.0000000000, 0.1134703676
         730, 7.41181982e-02, 8.85650478e-02, 3.76446288e-03, 2.76226437e-03, 7.63460296e-02, 0.0, -8.73654069e+00, -8.61832547e+00, -9.02160047e+00, -9.22789082e+00, 0.0, 2.0000000000, 8.0000000000, 0.1139209350
         731, 7.41188871e-02, 8.85648802e-02, 3.76446193e-03, 2.76239019e-03, 7.63458846e-02, 0.0, -8.77085652e+00, -8.65132646e+00, -9.05282694e+00, -9.26485019e+00, 0.0, 2.0000000000, 8.0000000000, 0.1151211023
         732, 7.41197032e-02, 8.85646580e-02, 3.76446210e-03, 2.76242737e-03, 7.63456628e-02, 0.0, -8.80096249e+00, -8.68597654e+00, -9.08690825e+00, -9.31028489e+00, 0.0, 2.0000000000, 8.0000000000, 0.1155727506
         733, 7.41204971e-02, 8.85645294e-02, 3.76446355e-03, 2.76249730e-03, 7.63455398e-02, 0.0, -8.82380563e+00, -8.71755686e+00, -9.12070725e+00, -9.34011367e+00, 0.0, 2.0000000000, 8.0000000000, 0.1160217365
         734, 7.41212133e-02, 8.85644547e-02, 3.76446607e-03, 2.76256287e-03, 7.63454674e-02, 0.0, -8.82781912e+00, -8.73133746e+00, -9.10441688e+00, -9.34479149e+00, 0.0, 2.0000000000, 8.0000000000, 0.1164713025
         735, 7.41219742e-02, 8.85644110e-02, 3.76446946e-03, 2.76259375e-03, 7.63454180e-02, 0.0, -8.82507154e+00, -8.73769475e+00, -9.08843820e+00, -9.34898771e+00, 0.0, 2.0000000000, 8.0000000000, 0.1169233521
         736, 7.41227523e-02, 8.85644088e-02, 3.76447348e-03, 2.76260000e-03, 7.63454048e-02, 0.0, -8.81984456e+00, -8.73806826e+00, -9.07923910e+00, -9.34995569e+00, 0.0, 2.0000000000, 8.0000000000, 0.1173814019
         737, 7.41234746e-02, 8.85644458e-02, 3.76447790e-03, 2.76258605e-03, 7.63454263e-02, 0.0, -8.81263212e+00, -8.73218361e+00, -9.07140933e+00, -9.34241741e+00, 0.0, 2.0000000000, 8.0000000000, 0.1178212007
         738, 7.41241000e-02, 8.85645177e-02, 3.76448243e-03, 2.76255580e-03, 7.63454791e-02, 0.0, -8.80752040e+00, -8.72379798e+00, -9.06369618e+00, -9.33117535e+00, 0.0, 2.0000000000, 8.0000000000, 0.1182714502
         739, 7.41246282e-02, 8.85646199e-02, 3.76448685e-03, 2.76251325e-03, 7.63455597e-02, 0.0, -8.80638552e+00, -8.71582592e+00, -9.05808737e+00, -9.32047192e+00, 0.0, 2.0000000000, 8.0000000000, 0.1187175353
         740, 7.41250620e-02, 8.85647479e-02, 3.76449100e-03, 2.76246285e-03, 7.63456645e-02, 0.0, -8.81039666e+00, -8.71023987e+00, -9.05721943e+00, -9.31269652e+00, 0.0, 2.0000000000, 8.0000000000, 0.1191594998
         741, 7.41253929e-02, 8.85648961e-02, 3.76449474e-03, 2.76240836e-03, 7.63457887e-02, 0.0, -8.82037917e+00, -8.70865363e+00, -9.06238058e+00, -9.30954528e+00, 0.0, 2.0000000000, 8.0000000000, 0.1196011504
         742, 7.41256079e-02, 8.85650579e-02, 3.76449794e-03, 2.76235233e-03, 7.63459266e-02, 0.0, -8.83689191e+00, -8.71239528e+00, -9.07410624e+00, -9.31251158e+00, 0.0, 2.0000000000, 8.0000000000, 0.1200443665
         743, 7.41256988e-02, 8.85652264e-02, 3.76450052e-03, 2.76229637e-03, 7.63460716e-02, 0.0, -8.85995780e+00, -8.72224646e+00, -9.09223739e+00, -9.32244530e+00, 0.0, 2.0000000000, 8.0000000000, 0.1205024203
         744, 7.41256662e-02, 8.85653947e-02, 3.76450240e-03, 2.76224167e-03, 7.63462177e-02, 0.0, -8.88911988e+00, -8.73858268e+00, -9.11617962e+00, -9.33969903e+00, 0.0, 2.0000000000, 8.0000000000, 0.1209526857
         745, 7.41255193e-02, 8.85655567e-02, 3.76450356e-03, 2.76218922e-03, 7.63463593e-02, 0.0, -8.92347814e+00, -8.76155061e+00, -9.14526192e+00, -9.36443790e+00, 0.0, 2.0000000000, 8.0000000000, 0.1214206537
         746, 7.41252746e-02, 8.85657064e-02, 3.76450401e-03, 2.76213983e-03, 7.63464910e-02, 0.0, -8.96157160e+00, -8.79104167e+00, -9.17885591e+00, -9.39664595e+00, 0.0, 2.0000000000, 8.0000000000, 0.1218486508
         747, 7.41249531e-02, 8.85658383e-02, 3.76450376e-03, 2.76209392e-03, 7.63466075e-02, 0.0, -9.00117068e+00, -8.82647961e+00, -9.21602864e+00, -9.43580391e+00, 0.0, 2.0000000000, 8.0000000000, 0.1222834349
         748, 7.41245794e-02, 8.85659458e-02, 3.76450285e-03, 2.76205059e-03, 7.63467021e-02, 0.0, -9.03918891e+00, -8.86650855e+00, -9.25491607e+00, -9.48041029e+00, 0.0, 2.0000000000, 8.0000000000, 0.1227185686
         749, 7.41241708e-02, 8.85660143e-02, 3.76450133e-03, 2.76200053e-03, 7.63467580e-02, 0.0, -9.07183487e+00, -8.90857004e+00, -9.29204550e+00, -9.52743158e+00, 0.0, 2.0000000000, 8.0000000000, 0.1231552680
         750, 7.41237077e-02, 8.85660855e-02, 3.76449936e-03, 2.76198234e-03, 7.63468252e-02, 0.0, -9.09474808e+00, -8.94930121e+00, -9.32575090e+00, -9.57552091e+00, 0.0, 2.0000000000, 8.0000000000, 0.1236010035
         751, 7.41232718e-02, 8.85661306e-02, 3.76449698e-03, 2.76197545e-03, 7.63468695e-02, 0.0, -9.12049805e+00, -8.99709153e+00, -9.39941443e+00, -9.64591763e+00, 0.0, 2.0000000000, 8.0000000000, 0.1240336339
         752, 7.41229732e-02, 8.85661516e-02, 3.76449432e-03, 2.76197955e-03, 7.63468929e-02, 0.0, -9.13083899e+00, -9.02499522e+00, -9.42207254e+00, -9.65896780e+00, 0.0, 2.0000000000, 8.0000000000, 0.1244753202
         753, 7.41227169e-02, 8.85661517e-02, 3.76449151e-03, 2.76199562e-03, 7.63468980e-02, 0.0, -9.14443893e+00, -9.04896466e+00, -9.43113495e+00, -9.67110496e+00, 0.0, 2.0000000000, 8.0000000000, 0.1249241670
         754, 7.41224383e-02, 8.85661288e-02, 3.76448868e-03, 2.76201766e-03, 7.63468817e-02, 0.0, -9.15927773e+00, -9.07167806e+00, -9.44531360e+00, -9.69224303e+00, 0.0, 2.0000000000, 8.0000000000, 0.1254296501
         755, 7.41221850e-02, 8.85660860e-02, 3.76448594e-03, 2.76204185e-03, 7.63468460e-02, 0.0, -9.17007043e+00, -9.08557863e+00, -9.45813316e+00, -9.70163403e+00, 0.0, 2.0000000000, 8.0000000000, 0.1258918683
         756, 7.41220091e-02, 8.85660303e-02, 3.76448339e-03, 2.76206878e-03, 7.63467984e-02, 0.0, -9.18206298e+00, -9.09541130e+00, -9.46920518e+00, -9.70591824e+00, 0.0, 2.0000000000, 8.0000000000, 0.1263431032
         757, 7.41219150e-02, 8.85659671e-02, 3.76448114e-03, 2.76209855e-03, 7.63467440e-02, 0.0, -9.20041162e+00, -9.10771468e+00, -9.48684912e+00, -9.71624315e+00, 0.0, 2.0000000000, 8.0000000000, 0.1267823855
         758, 7.41218886e-02, 8.85659002e-02, 3.76447924e-03, 2.76212995e-03, 7.63466862e-02, 0.0, -9.22569907e+00, -9.12422431e+00, -9.51249797e+00, -9.73373938e+00, 0.0, 2.0000000000, 8.0000000000, 0.1271998684
         759, 7.41219226e-02, 8.85658331e-02, 3.76447773e-03, 2.76216177e-03, 7.63466281e-02, 0.0, -9.25703530e+00, -9.14556993e+00, -9.54313742e+00, -9.75841145e+00, 0.0, 2.0000000000, 8.0000000000, 0.1276367505
         760, 7.41220161e-02, 8.85657690e-02, 3.76447662e-03, 2.76219318e-03, 7.63465725e-02, 0.0, -9.29319829e+00, -9.17271510e+00, -9.57941112e+00, -9.79362096e+00, 0.0, 2.0000000000, 8.0000000000, 0.1280807694
         761, 7.41221375e-02, 8.85656814e-02, 3.76447584e-03, 2.76219365e-03, 7.63464862e-02, 0.0, -9.33328775e+00, -9.20780217e+00, -9.63409891e+00, -9.84917509e+00, 0.0, 2.0000000000, 8.0000000000, 0.1285193682
         762, 7.41222722e-02, 8.85656361e-02, 3.76447554e-03, 2.76222320e-03, 7.63464479e-02, 0.0, -9.34639013e+00, -9.22145695e+00, -9.61774513e+00, -9.83065595e+00, 0.0, 2.0000000000, 8.0000000000, 0.1289519191
         763, 7.41224326e-02, 8.85655959e-02, 3.76447566e-03, 2.76224424e-03, 7.63464124e-02, 0.0, -9.35814514e+00, -9.23892397e+00, -9.60691312e+00, -9.84927739e+00, 0.0, 2.0000000000, 8.0000000000, 0.1293967525
         764, 7.41226246e-02, 8.85655653e-02, 3.76447613e-03, 2.76225767e-03, 7.63463845e-02, 0.0, -9.36716030e+00, -9.25770511e+00, -9.61076837e+00, -9.87438935e+00, 0.0, 2.0000000000, 8.0000000000, 0.1298352361
         765, 7.41228230e-02, 8.85655469e-02, 3.76447689e-03, 2.76226597e-03, 7.63463674e-02, 0.0, -9.37090309e+00, -9.27397554e+00, -9.62589811e+00, -9.89996029e+00, 0.0, 2.0000000000, 8.0000000000, 0.1302802682
         766, 7.41229995e-02, 8.85655391e-02, 3.76447786e-03, 2.76226863e-03, 7.63463595e-02, 0.0, -9.36861732e+00, -9.28120745e+00, -9.63548973e+00, -9.90960858e+00, 0.0, 2.0000000000, 8.0000000000, 0.1307311018
         767, 7.41231490e-02, 8.85655404e-02, 3.76447897e-03, 2.76226536e-03, 7.63463592e-02, 0.0, -9.36615258e+00, -9.28385434e+00, -9.63801125e+00, -9.91189580e+00, 0.0, 2.0000000000, 8.0000000000, 0.1311710199
         768, 7.41232772e-02, 8.85655503e-02, 3.76448017e-03, 2.76225733e-03, 7.63463663e-02, 0.0, -9.36686054e+00, -9.28562784e+00, -9.64010788e+00, -9.91268496e+00, 0.0, 2.0000000000, 8.0000000000, 0.1316062013
         769, 7.41233864e-02, 8.85655681e-02, 3.76448140e-03, 2.76224610e-03, 7.63463807e-02, 0.0, -9.37229082e+00, -9.28863066e+00, -9.64625786e+00, -9.91401225e+00, 0.0, 2.0000000000, 8.0000000000, 0.1320497354
         770, 7.41234723e-02, 8.85655927e-02, 3.76448263e-03, 2.76223292e-03, 7.63464013e-02, 0.0, -9.38368369e+00, -9.29465211e+00, -9.65831977e+00, -9.91774952e+00, 0.0, 2.0000000000, 8.0000000000, 0.1324918032
         771, 7.41235288e-02, 8.85656224e-02, 3.76448379e-03, 2.76221857e-03, 7.63464266e-02, 0.0, -9.40202386e+00, -9.30531977e+00, -9.67739032e+00, -9.92624102e+00, 0.0, 2.0000000000, 8.0000000000, 0.1329271197
         772, 7.41235514e-02, 8.85656552e-02, 3.76448485e-03, 2.76220357e-03, 7.63464550e-02, 0.0, -9.42792998e+00, -9.32188704e+00, -9.70431273e+00, -9.94135378e+00, 0.0, 2.0000000000, 8.0000000000, 0.1333615700
         773, 7.41235385e-02, 8.85656892e-02, 3.76448577e-03, 2.76218822e-03, 7.63464846e-02, 0.0, -9.46153930e+00, -9.34524778e+00, -9.73917432e+00, -9.96423111e+00, 0.0, 2.0000000000, 8.0000000000, 0.1337922176
         774, 7.41234910e-02, 8.85657223e-02, 3.76448654e-03, 2.76217273e-03, 7.63465137e-02, 0.0, -9.50229667e+00, -9.37594396e+00, -9.78112427e+00, -9.99550625e+00, 0.0, 2.0000000000, 8.0000000000, 0.1342294017
         775, 7.41234122e-02, 8.85657525e-02, 3.76448714e-03, 2.76215706e-03, 7.63465403e-02, 0.0, -9.54840654e+00, -9.41383865e+00, -9.82821211e+00, -1.00351159e+01, 0.0, 2.0000000000, 8.0000000000, 0.1346703688
         776, 7.41233059e-02, 8.85657768e-02, 3.76448756e-03, 2.76214025e-03, 7.63465614e-02, 0.0, -9.59605941e+00, -9.45751304e+00, -9.87695888e+00, -1.00817664e+01, 0.0, 2.0000000000, 8.0000000000, 0.1351139665
         777, 7.41231771e-02, 8.85658061e-02, 3.76448784e-03, 2.76213377e-03, 7.63465900e-02, 0.0, -9.63945110e+00, -9.50418247e+00, -9.92493161e+00, -1.01348946e+01, 0.0, 2.0000000000, 8.0000000000, 0.1355519533
         778, 7.41230516e-02, 8.85658217e-02, 3.76448794e-03, 2.76212284e-03, 7.63466045e-02, 0.0, -9.67211587e+00, -9.54825281e+00, -9.96855227e+00, -1.01742882e+01, 0.0, 2.0000000000, 8.0000000000, 0.1360109170
         779, 7.41229419e-02, 8.85658298e-02, 3.76448789e-03, 2.76211311e-03, 7.63466120e-02, 0.0, -9.68046145e+00, -9.57205713e+00, -9.95737627e+00, -1.01839883e+01, 0.0, 2.0000000000, 8.0000000000, 0.1364673177
         780, 7.41228268e-02, 8.85658337e-02, 3.76448770e-03, 2.76210881e-03, 7.63466166e-02, 0.0, -9.67645856e+00, -9.58281983e+00, -9.94149816e+00, -1.01883319e+01, 0.0, 2.0000000000, 8.0000000000, 0.1369182507
         781, 7.41227104e-02, 8.85658317e-02, 3.76448741e-03, 2.76210806e-03, 7.63466162e-02, 0.0, -9.66720830e+00, -9.58322874e+00, -9.92840202e+00, -1.01869074e+01, 0.0, 2.0000000000, 8.0000000000, 0.1373719176
         782, 7.41226039e-02, 8.85658245e-02, 3.76448705e-03, 2.76211012e-03, 7.63466113e-02, 0.0, -9.65438665e+00, -9.57392397e+00, -9.91369499e+00, -1.01751266e+01, 0.0, 2.0000000000, 8.0000000000, 0.1378768841
         783, 7.41225119e-02, 8.85658125e-02, 3.76448665e-03, 2.76211423e-03, 7.63466021e-02, 0.0, -9.64338112e+00, -9.56032199e+00, -9.89817692e+00, -1.01592551e+01, 0.0, 2.0000000000, 8.0000000000, 0.1383118033
         784, 7.41224330e-02, 8.85657964e-02, 3.76448624e-03, 2.76211969e-03, 7.63465892e-02, 0.0, -9.63625468e+00, -9.54609022e+00, -9.88456513e+00, -1.01436430e+01, 0.0, 2.0000000000, 8.0000000000, 0.1387546341
         785, 7.41223660e-02, 8.85657767e-02, 3.76448583e-03, 2.76212587e-03, 7.63465730e-02, 0.0, -9.63441724e+00, -9.53387472e+00, -9.87578945e+00, -1.01308910e+01, 0.0, 2.0000000000, 8.0000000000, 0.1391835848
         786, 7.41223118e-02, 8.85657544e-02, 3.76448545e-03, 2.76213234e-03, 7.63465543e-02, 0.0, -9.63893093e+00, -9.52578482e+00, -9.87349471e+00, -1.01229585e+01, 0.0, 2.0000000000, 8.0000000000, 0.1396175861
         787, 7.41222725e-02, 8.85657303e-02, 3.76448511e-03, 2.76213885e-03, 7.63465338e-02, 0.0, -9.65059006e+00, -9.52347954e+00, -9.87858479e+00, -1.01214834e+01, 0.0, 2.0000000000, 8.0000000000, 0.1400517702
         788, 7.41222496e-02, 8.85657054e-02, 3.76448483e-03, 2.76214525e-03, 7.63465124e-02, 0.0, -9.66973407e+00, -9.52799410e+00, -9.89126883e+00, -1.01274370e+01, 0.0, 2.0000000000, 8.0000000000, 0.1405136347
         789, 7.41222436e-02, 8.85656805e-02, 3.76448462e-03, 2.76215145e-03, 7.63464910e-02, 0.0, -9.69629147e+00, -9.53987271e+00, -9.91126121e+00, -1.01412225e+01, 0.0, 2.0000000000, 8.0000000000, 0.1409945369
         790, 7.41222538e-02, 8.85656565e-02, 3.76448448e-03, 2.76215735e-03, 7.63464702e-02, 0.0, -9.72984390e+00, -9.55938698e+00, -9.93814739e+00, -1.01629868e+01, 0.0, 2.0000000000, 8.0000000000, 0.1414410194
         791, 7.41222786e-02, 8.85656341e-02, 3.76448441e-03, 2.76216283e-03, 7.63464506e-02, 0.0, -9.76960434e+00, -9.58664838e+00, -9.97164686e+00, -1.01927831e+01, 0.0, 2.0000000000, 8.0000000000, 0.1419414202
         792, 7.41223154e-02, 8.85656139e-02, 3.76448440e-03, 2.76216783e-03, 7.63464328e-02, 0.0, -9.81429860e+00, -9.62159511e+00, -1.00115433e+01, -1.02305290e+01, 0.0, 2.0000000000, 8.0000000000, 0.1424315015
         793, 7.41223616e-02, 8.85655964e-02, 3.76448447e-03, 2.76217224e-03, 7.63464173e-02, 0.0, -9.86200055e+00, -9.66389868e+00, -1.00573946e+01, -1.02758816e+01, 0.0, 2.0000000000, 8.0000000000, 0.1428856532
