TITLE = "SU2 Simulation"
VARIABLES = "Iteration","Sens_Geo","Sens_Mach","Sens_AoA","Sens_Press","Sens_Temp","Sens_AoS","Res_AdjFlow[0]","Res_AdjFlow[1]","Res_AdjFlow[2]","Res_AdjFlow[3]","Res_AdjFlow[4]","Linear_Solver_Iterations","CFL_Number","Time(min)"
ZONE T= "Convergence history"
        1699, -2.38303177e-01, 5.01296405e-03, 6.09852694e-04, -2.09889773e-04, 4.89209878e-03, 0.0, -5.59322925e+00, -5.34736584e+00, -5.48925705e+00, -5.63580159e+00, 0.0, 2.0000000000, 8.0000000000, 0.0006654024
        1700, -2.45429469e-01, 4.89305234e-03, 6.13818961e-04, -4.21814681e-04, 4.76516348e-03, 0.0, -5.42842763e+00, -5.32832098e+00, -5.31149320e+00, -5.80753758e+00, 0.0, 2.0000000000, 8.0000000000, 0.0009478847
        1701, -2.33373508e-01, 4.92406618e-03, 6.26229180e-04, -5.46562826e-04, 4.83924850e-03, 0.0, -5.34028740e+00, -5.24541870e+00, -5.39983422e+00, -5.79697525e+00, 0.0, 2.0000000000, 8.0000000000, 0.0012486657
        1702, -2.28207107e-01, 4.70453748e-03, 6.41219951e-04, -8.56108375e-04, 4.62498249e-03, 0.0, -5.39805050e+00, -5.30364266e+00, -5.48514459e+00, -5.83572697e+00, 0.0, 2.0000000000, 8.0000000000, 0.0015319506
        1703, -2.25445951e-01, 4.60132233e-03, 6.49733387e-04, -8.92544481e-04, 4.57999565e-03, 0.0, -5.39070086e+00, -5.31189834e+00, -5.47746473e+00, -5.84537613e+00, 0.0, 2.0000000000, 8.0000000000, 0.0018189192
        1704, -2.24560022e-01, 4.33941124e-03, 6.45267529e-04, -9.23572721e-04, 4.41987637e-03, 0.0, -5.39686974e+00, -5.29829505e+00, -5.52250486e+00, -5.85572289e+00, 0.0, 2.0000000000, 8.0000000000, 0.0021083991
        1705, -2.25236646e-01, 3.86500426e-03, 6.30101333e-04, -1.00285630e-03, 4.10253073e-03, 0.0, -5.40010376e+00, -5.27631759e+00, -5.54865168e+00, -5.85741380e+00, 0.0, 2.0000000000, 8.0000000000, 0.0024053494
        1706, -2.25925877e-01, 3.75673474e-03, 6.14583766e-04, -6.07173618e-04, 4.28533082e-03, 0.0, -5.41578308e+00, -5.26128301e+00, -5.55184526e+00, -5.87120698e+00, 0.0, 2.0000000000, 8.0000000000, 0.0026984692
        1707, -2.26316852e-01, 3.57298397e-03, 6.03760494e-04, -1.91045440e-04, 4.36629053e-03, 0.0, -5.42264341e+00, -5.24085971e+00, -5.57699548e+00, -5.84871846e+00, 0.0, 2.0000000000, 8.0000000000, 0.0030264020
        1708, -2.26447827e-01, 3.24025329e-03, 5.99331355e-04, 6.40985733e-05, 4.19894737e-03, 0.0, -5.44873689e+00, -5.24512808e+00, -5.60473736e+00, -5.84535040e+00, 0.0, 2.0000000000, 8.0000000000, 0.0033105175
        1709, -2.26547310e-01, 2.84928526e-03, 5.98483336e-04, 2.22280121e-04, 3.87803377e-03, 0.0, -5.49140144e+00, -5.26539672e+00, -5.63740611e+00, -5.86512429e+00, 0.0, 2.0000000000, 8.0000000000, 0.0037022511
        1710, -2.27035234e-01, 2.09030375e-03, 5.97092069e-04, -1.78326025e-05, 3.04973361e-03, 0.0, -5.53452395e+00, -5.29202787e+00, -5.67846780e+00, -5.89509244e+00, 0.0, 2.0000000000, 8.0000000000, 0.0041911681
        1711, -2.27383792e-01, 1.94928849e-03, 5.95806155e-04, 3.29979961e-04, 2.93080487e-03, 0.0, -5.54617148e+00, -5.29858444e+00, -5.69064717e+00, -5.88458080e+00, 0.0, 2.0000000000, 8.0000000000, 0.0045040846
        1712, -2.27851160e-01, 1.54561542e-03, 5.92446590e-04, 4.07213692e-04, 2.47144173e-03, 0.0, -5.60674944e+00, -5.35500069e+00, -5.78458683e+00, -5.97706823e+00, 0.0, 2.0000000000, 8.0000000000, 0.0048251828
        1713, -2.28031760e-01, 1.12944656e-03, 5.87661766e-04, 4.06789503e-04, 1.98408091e-03, 0.0, -5.64133766e+00, -5.40431334e+00, -5.83039403e+00, -6.01040512e+00, 0.0, 2.0000000000, 8.0000000000, 0.0051177184
        1714, -2.28121581e-01, 8.16013567e-04, 5.82839871e-04, 4.08755404e-04, 1.61044615e-03, 0.0, -5.68762863e+00, -5.46786491e+00, -5.87264362e+00, -6.08067193e+00, 0.0, 2.0000000000, 8.0000000000, 0.0054005663
        1715, -2.28223958e-01, 6.18014555e-04, 5.78237877e-04, 4.11586853e-04, 1.36823996e-03, 0.0, -5.72359644e+00, -5.52961174e+00, -5.92609898e+00, -6.14778792e+00, 0.0, 2.0000000000, 8.0000000000, 0.0056827346
        1716, -2.28273717e-01, 5.10379572e-04, 5.73964977e-04, 3.70909047e-04, 1.22968175e-03, 0.0, -5.75645410e+00, -5.59373649e+00, -5.98104782e+00, -6.21430148e+00, 0.0, 2.0000000000, 8.0000000000, 0.0059650342
        1717, -2.28193122e-01, 5.28505844e-04, 5.70399293e-04, 3.25791248e-04, 1.23884572e-03, 0.0, -5.77212691e+00, -5.64386051e+00, -6.01567867e+00, -6.25990661e+00, 0.0, 2.0000000000, 8.0000000000, 0.0062536359
        1718, -2.27986355e-01, 6.32051454e-04, 5.67752063e-04, 2.54088942e-04, 1.34745593e-03, 0.0, -5.76888183e+00, -5.67058086e+00, -6.02379607e+00, -6.27525568e+00, 0.0, 2.0000000000, 8.0000000000, 0.0065337022
        1719, -2.27670551e-01, 7.99631120e-04, 5.66145943e-04, 1.73590288e-04, 1.52886867e-03, 0.0, -5.75356009e+00, -5.67517911e+00, -6.01673614e+00, -6.26647545e+00, 0.0, 2.0000000000, 8.0000000000, 0.0068187833
        1720, -2.27288796e-01, 1.00919379e-03, 5.65583388e-04, 1.00461015e-04, 1.75513033e-03, 0.0, -5.73076501e+00, -5.66352919e+00, -5.99795420e+00, -6.24736452e+00, 0.0, 2.0000000000, 8.0000000000, 0.0070960005
        1721, -2.26879241e-01, 1.24786237e-03, 5.66136937e-04, 5.85902346e-05, 2.00920659e-03, 0.0, -5.70962857e+00, -5.64677707e+00, -5.97976674e+00, -6.22678541e+00, 0.0, 2.0000000000, 8.0000000000, 0.0073771516
        1722, -2.26463664e-01, 1.49977703e-03, 5.67879785e-04, 5.79141604e-05, 2.27036821e-03, 0.0, -5.69067220e+00, -5.62804600e+00, -5.96250897e+00, -6.20757594e+00, 0.0, 2.0000000000, 8.0000000000, 0.0077000022
        1723, -2.26054539e-01, 1.75082936e-03, 5.70885797e-04, 9.81423107e-05, 2.52007983e-03, 0.0, -5.67641359e+00, -5.61067793e+00, -5.94943245e+00, -6.19209333e+00, 0.0, 2.0000000000, 8.0000000000, 0.0080412348
        1724, -2.25660155e-01, 1.98968040e-03, 5.75196247e-04, 1.70311507e-04, 2.74342459e-03, 0.0, -5.66717521e+00, -5.59561011e+00, -5.94162941e+00, -6.18098975e+00, 0.0, 2.0000000000, 8.0000000000, 0.0084693511
        1725, -2.25288358e-01, 2.21024587e-03, 5.80807238e-04, 2.62078600e-04, 2.93228530e-03, 0.0, -5.66297931e+00, -5.58329737e+00, -5.93957982e+00, -6.17407458e+00, 0.0, 2.0000000000, 8.0000000000, 0.0087597171
        1726, -2.24946037e-01, 2.41208693e-03, 5.87672196e-04, 3.61499370e-04, 3.08587762e-03, 0.0, -5.66319215e+00, -5.57359616e+00, -5.94229107e+00, -6.17018771e+00, 0.0, 2.0000000000, 8.0000000000, 0.0090664506
        1727, -2.24637359e-01, 2.59970705e-03, 5.95713996e-04, 4.59008002e-04, 3.20984541e-03, 0.0, -5.66660339e+00, -5.56579535e+00, -5.94746044e+00, -6.16766125e+00, 0.0, 2.0000000000, 8.0000000000, 0.0093645851
        1728, -2.24361281e-01, 2.78147643e-03, 6.04840189e-04, 5.47871837e-04, 3.31483351e-03, 0.0, -5.67150893e+00, -5.55860777e+00, -5.95213699e+00, -6.16487469e+00, 0.0, 2.0000000000, 8.0000000000, 0.0096757015
        1729, -2.24108919e-01, 2.96915502e-03, 6.14956169e-04, 6.24517583e-04, 3.41576145e-03, 0.0, -5.67595242e+00, -5.55035117e+00, -5.95358951e+00, -6.16074104e+00, 0.0, 2.0000000000, 8.0000000000, 0.0099599997
        1730, -2.23863955e-01, 3.17879036e-03, 6.25975259e-04, 6.90052752e-04, 3.53279454e-03, 0.0, -5.67803535e+00, -5.53929086e+00, -5.94974871e+00, -6.15496455e+00, 0.0, 2.0000000000, 8.0000000000, 0.0102555672
        1731, -2.23606844e-01, 3.43568057e-03, 6.37826478e-04, 7.55571497e-04, 3.69741461e-03, 0.0, -5.67604002e+00, -5.52389253e+00, -5.93787068e+00, -6.14756704e+00, 0.0, 2.0000000000, 8.0000000000, 0.0105452657
        1732, -2.23313985e-01, 3.77753252e-03, 6.50431814e-04, 8.45615525e-04, 3.95681241e-03, 0.0, -5.66735503e+00, -5.50200716e+00, -5.90854643e+00, -6.13514651e+00, 0.0, 2.0000000000, 8.0000000000, 0.0108230352
        1733, -2.22942689e-01, 4.17104607e-03, 6.63550045e-04, 9.21581237e-04, 4.27222290e-03, 0.0, -5.64403432e+00, -5.46727619e+00, -5.84507745e+00, -6.09886314e+00, 0.0, 2.0000000000, 8.0000000000, 0.0111056010
        1734, -2.22451355e-01, 4.53285269e-03, 6.76733939e-04, 9.05986726e-04, 4.54315438e-03, 0.0, -5.60268318e+00, -5.41818098e+00, -5.77501033e+00, -6.02930378e+00, 0.0, 2.0000000000, 8.0000000000, 0.0114047011
        1735, -2.21858393e-01, 4.89534774e-03, 6.89631965e-04, 8.42271974e-04, 4.80860022e-03, 0.0, -5.55926287e+00, -5.36820246e+00, -5.72501414e+00, -5.95475986e+00, 0.0, 2.0000000000, 8.0000000000, 0.0116955837
        1736, -2.21263551e-01, 5.32145880e-03, 7.02191029e-04, 8.10873654e-04, 5.14463725e-03, 0.0, -5.52478683e+00, -5.32811608e+00, -5.68085318e+00, -5.89775399e+00, 0.0, 2.0000000000, 8.0000000000, 0.0120148500
        1737, -2.20738780e-01, 5.77091556e-03, 7.14541792e-04, 7.84326925e-04, 5.50294366e-03, 0.0, -5.49670196e+00, -5.29654791e+00, -5.64167991e+00, -5.85594469e+00, 0.0, 2.0000000000, 8.0000000000, 0.0123026331
        1738, -2.20269824e-01, 6.21070605e-03, 7.26835988e-04, 7.31354992e-04, 5.84416023e-03, 0.0, -5.47753806e+00, -5.27174331e+00, -5.61558894e+00, -5.82816639e+00, 0.0, 2.0000000000, 8.0000000000, 0.0125783165
        1739, -2.19831668e-01, 6.66104550e-03, 7.39160717e-04, 6.74023276e-04, 6.19321537e-03, 0.0, -5.46939146e+00, -5.25319617e+00, -5.60223483e+00, -5.81493209e+00, 0.0, 2.0000000000, 8.0000000000, 0.0129868666
        1740, -2.19432419e-01, 7.13396367e-03, 7.51493840e-04, 6.30897263e-04, 6.56523480e-03, 0.0, -5.46793002e+00, -5.23938386e+00, -5.59708812e+00, -5.81106867e+00, 0.0, 2.0000000000, 8.0000000000, 0.0132725517
        1741, -2.19067346e-01, 7.61816649e-03, 7.63749083e-04, 5.96265754e-04, 6.94755839e-03, 0.0, -5.46941004e+00, -5.22894214e+00, -5.59689481e+00, -5.81217789e+00, 0.0, 2.0000000000, 8.0000000000, 0.0135834853
        1742, -2.18713228e-01, 8.10632944e-03, 7.75849898e-04, 5.65948219e-04, 7.33271525e-03, 0.0, -5.47327087e+00, -5.22138168e+00, -5.60118998e+00, -5.81687004e+00, 0.0, 2.0000000000, 8.0000000000, 0.0138726155
        1743, -2.18355136e-01, 8.59465389e-03, 7.87733456e-04, 5.39305174e-04, 7.71765288e-03, 0.0, -5.47914657e+00, -5.21631537e+00, -5.60840446e+00, -5.82349432e+00, 0.0, 2.0000000000, 8.0000000000, 0.0141581337
        1744, -2.17991828e-01, 9.07855535e-03, 7.99334163e-04, 5.15321686e-04, 8.09834234e-03, 0.0, -5.48680095e+00, -5.21360797e+00, -5.61711962e+00, -5.83122199e+00, 0.0, 2.0000000000, 8.0000000000, 0.0144549330
        1745, -2.17627658e-01, 9.55396447e-03, 8.10592121e-04, 4.93256687e-04, 8.47122232e-03, 0.0, -5.49602035e+00, -5.21312400e+00, -5.62679157e+00, -5.83986642e+00, 0.0, 2.0000000000, 8.0000000000, 0.0147418499
        1746, -2.17265855e-01, 1.00178404e-02, 8.21464716e-04, 4.72723414e-04, 8.83378344e-03, 0.0, -5.50648425e+00, -5.21463416e+00, -5.63716685e+00, -5.84928153e+00, 0.0, 2.0000000000, 8.0000000000, 0.0150287827
        1747, -2.16906670e-01, 1.04681535e-02, 8.31924981e-04, 4.53506876e-04, 9.18456184e-03, 0.0, -5.51783460e+00, -5.21788085e+00, -5.64807839e+00, -5.85934069e+00, 0.0, 2.0000000000, 8.0000000000, 0.0153488994
        1748, -2.16548510e-01, 1.09037772e-02, 8.41953600e-04, 4.35499621e-04, 9.52301929e-03, 0.0, -5.52972090e+00, -5.22259676e+00, -5.65939150e+00, -5.86991548e+00, 0.0, 2.0000000000, 8.0000000000, 0.0156356176
        1749, -2.16189246e-01, 1.13242652e-02, 8.51533497e-04, 4.18635004e-04, 9.84928319e-03, 0.0, -5.54186084e+00, -5.22853872e+00, -5.67099477e+00, -5.88089939e+00, 0.0, 2.0000000000, 8.0000000000, 0.0159258008
        1750, -2.15826705e-01, 1.17296231e-02, 8.60649360e-04, 4.02835267e-04, 1.01638853e-02, 0.0, -5.55407772e+00, -5.23551674e+00, -5.68282019e+00, -5.89224027e+00, 0.0, 2.0000000000, 8.0000000000, 0.0162066658
        1751, -2.15458653e-01, 1.21201290e-02, 8.69289678e-04, 3.87993751e-04, 1.04675559e-02, 0.0, -5.56630075e+00, -5.24340209e+00, -5.69484860e+00, -5.90394322e+00, 0.0, 2.0000000000, 8.0000000000, 0.0164848010
        1752, -2.15082827e-01, 1.24962147e-02, 8.77448602e-04, 3.74001372e-04, 1.07610793e-02, 0.0, -5.57854250e+00, -5.25211810e+00, -5.70709131e+00, -5.91604923e+00, 0.0, 2.0000000000, 8.0000000000, 0.0167719007
        1753, -2.14697215e-01, 1.28583735e-02, 8.85126464e-04, 3.60777672e-04, 1.10451785e-02, 0.0, -5.59087177e+00, -5.26162595e+00, -5.71956403e+00, -5.92861203e+00, 0.0, 2.0000000000, 8.0000000000, 0.0170580824
        1754, -2.14300467e-01, 1.32070788e-02, 8.92329163e-04, 3.48281798e-04, 1.13204209e-02, 0.0, -5.60339017e+00, -5.27191323e+00, -5.73227412e+00, -5.94168726e+00, 0.0, 2.0000000000, 8.0000000000, 0.0173401833
        1755, -2.13892235e-01, 1.35427242e-02, 8.99067052e-04, 3.36506161e-04, 1.15871635e-02, 0.0, -5.61621279e+00, -5.28298543e+00, -5.74522131e+00, -5.95532777e+00, 0.0, 2.0000000000, 8.0000000000, 0.0176322182
        1756, -2.13473348e-01, 1.38655886e-02, 9.05353791e-04, 3.25462552e-04, 1.18455397e-02, 0.0, -5.62945422e+00, -5.29485938e+00, -5.75840182e+00, -5.96958011e+00, 0.0, 2.0000000000, 8.0000000000, 0.0179273009
        1757, -2.13045777e-01, 1.41758262e-02, 9.11205308e-04, 3.15167150e-04, 1.20954805e-02, 0.0, -5.64322003e+00, -5.30755866e+00, -5.77181025e+00, -5.98448226e+00, 0.0, 2.0000000000, 8.0000000000, 0.0182032188
        1758, -2.12612430e-01, 1.44734722e-02, 9.16638890e-04, 3.05627989e-04, 1.23367545e-02, 0.0, -5.65760307e+00, -5.32111069e+00, -5.78543947e+00, -6.00006364e+00, 0.0, 2.0000000000, 8.0000000000, 0.0184970021
        1759, -2.12176845e-01, 1.47584609e-02, 9.21672437e-04, 2.96837237e-04, 1.25690163e-02, 0.0, -5.67268244e+00, -5.33554514e+00, -5.79928004e+00, -6.01634665e+00, 0.0, 2.0000000000, 8.0000000000, 0.0187803189
        1760, -2.11742829e-01, 1.50306503e-02, 9.26323879e-04, 2.88769159e-04, 1.27918580e-02, 0.0, -5.68852379e+00, -5.35089311e+00, -5.81331917e+00, -6.03334853e+00, 0.0, 2.0000000000, 8.0000000000, 0.0190566858
        1761, -2.11314108e-01, 1.52898502e-02, 9.30610783e-04, 2.81382927e-04, 1.30048570e-02, 0.0, -5.70517965e+00, -5.36718627e+00, -5.82753867e+00, -6.05108246e+00, 0.0, 2.0000000000, 8.0000000000, 0.0193401694
        1762, -2.10894033e-01, 1.55358513e-02, 9.34550110e-04, 2.74628466e-04, 1.32076173e-02, 0.0, -5.72268914e+00, -5.38445589e+00, -5.84191156e+00, -6.06955766e+00, 0.0, 2.0000000000, 8.0000000000, 0.0196206848
        1763, -2.10485381e-01, 1.57684522e-02, 9.38158104e-04, 2.68453367e-04, 1.33998002e-02, 0.0, -5.74107687e+00, -5.40273120e+00, -5.85639799e+00, -6.08877825e+00, 0.0, 2.0000000000, 8.0000000000, 0.0198959510
        1764, -2.10090237e-01, 1.59874829e-02, 9.41450282e-04, 2.62809149e-04, 1.35811456e-02, 0.0, -5.76035112e+00, -5.42203740e+00, -5.87094170e+00, -6.10874095e+00, 0.0, 2.0000000000, 8.0000000000, 0.0202611526
        1765, -2.09709990e-01, 1.61928245e-02, 9.44441487e-04, 2.57655684e-04, 1.37514822e-02, 0.0, -5.78050170e+00, -5.44239335e+00, -5.88546811e+00, -6.12943193e+00, 0.0, 2.0000000000, 8.0000000000, 0.0206338167
        1766, -2.09345385e-01, 1.63844240e-02, 9.47145989e-04, 2.52963131e-04, 1.39107305e-02, 0.0, -5.80149826e+00, -5.46380923e+00, -5.89988507e+00, -6.15082326e+00, 0.0, 2.0000000000, 8.0000000000, 0.0209352692
        1767, -2.08996634e-01, 1.65623046e-02, 9.49577600e-04, 2.48711386e-04, 1.40588998e-02, 0.0, -5.82328960e+00, -5.48628444e+00, -5.91408671e+00, -6.17286956e+00, 0.0, 2.0000000000, 8.0000000000, 0.0212186694
        1768, -2.08663560e-01, 1.67265719e-02, 9.51749785e-04, 2.44887483e-04, 1.41960814e-02, 0.0, -5.84580440e+00, -5.50980600e+00, -5.92796023e+00, -6.19550546e+00, 0.0, 2.0000000000, 8.0000000000, 0.0214941025
        1769, -2.08345726e-01, 1.68774157e-02, 9.53675749e-04, 2.41481713e-04, 1.43224403e-02, 0.0, -5.86895339e+00, -5.53434749e+00, -5.94139493e+00, -6.21864423e+00, 0.0, 2.0000000000, 8.0000000000, 0.0217828194
        1770, -2.08042572e-01, 1.70151089e-02, 9.55368496e-04, 2.38483327e-04, 1.44382069e-02, 0.0, -5.89263287e+00, -5.55986847e+00, -5.95429218e+00, -6.24217791e+00, 0.0, 2.0000000000, 8.0000000000, 0.0220641017
        1771, -2.07753513e-01, 1.71400030e-02, 9.56840849e-04, 2.35876661e-04, 1.45436683e-02, 0.0, -5.91672908e+00, -5.58631441e+00, -5.96657479e+00, -6.26597894e+00, 0.0, 2.0000000000, 8.0000000000, 0.0223457694
        1772, -2.07478010e-01, 1.72525206e-02, 9.58105448e-04, 2.33638344e-04, 1.46391612e-02, 0.0, -5.94112272e+00, -5.61361691e+00, -5.97819433e+00, -6.28990325e+00, 0.0, 2.0000000000, 8.0000000000, 0.0226370692
        1773, -2.07215616e-01, 1.73531465e-02, 9.59174705e-04, 2.31735987e-04, 1.47250642e-02, 0.0, -5.96569330e+00, -5.64169396e+00, -5.98913547e+00, -6.31379469e+00, 0.0, 2.0000000000, 8.0000000000, 0.0229203860
        1774, -2.06965989e-01, 1.74424161e-02, 9.60060760e-04, 2.30128511e-04, 1.48017908e-02, 0.0, -5.99032257e+00, -5.67045004e+00, -5.99941680e+00, -6.33749051e+00, 0.0, 2.0000000000, 8.0000000000, 0.0231967847
        1775, -2.06728888e-01, 1.75209032e-02, 9.60775423e-04, 2.28767976e-04, 1.48697824e-02, 0.0, -6.01489699e+00, -5.69977599e+00, -6.00908825e+00, -6.36082765e+00, 0.0, 2.0000000000, 8.0000000000, 0.0234750827
        1776, -2.06504156e-01, 1.75892066e-02, 9.61330118e-04, 2.27602591e-04, 1.49294999e-02, 0.0, -6.03930894e+00, -5.72954825e+00, -6.01822605e+00, -6.38364950e+00, 0.0, 2.0000000000, 8.0000000000, 0.0237665335
        1777, -2.06291693e-01, 1.76479374e-02, 9.61735842e-04, 2.26580404e-04, 1.49814160e-02, 0.0, -6.06345713e+00, -5.75962776e+00, -6.02692601e+00, -6.40581263e+00, 0.0, 2.0000000000, 8.0000000000, 0.0240432660
        1778, -2.06091430e-01, 1.76977061e-02, 9.62003132e-04, 2.25653129e-04, 1.50260063e-02, 0.0, -6.08724633e+00, -5.78985848e+00, -6.03529632e+00, -6.42719310e+00, 0.0, 2.0000000000, 8.0000000000, 0.0243580182
        1779, -2.05903306e-01, 1.77391114e-02, 9.62142054e-04, 2.24779497e-04, 1.50637411e-02, 0.0, -6.11058723e+00, -5.82006601e+00, -6.04345068e+00, -6.44769178e+00, 0.0, 2.0000000000, 8.0000000000, 0.0246765852
        1780, -2.05727240e-01, 1.77727302e-02, 9.62162203e-04, 2.23927580e-04, 1.50950769e-02, 0.0, -6.13339668e+00, -5.85005709e+00, -6.05150246e+00, -6.46723842e+00, 0.0, 2.0000000000, 8.0000000000, 0.0251082182
        1781, -2.05563115e-01, 1.77991095e-02, 9.62072721e-04, 2.23075436e-04, 1.51204485e-02, 0.0, -6.15559918e+00, -5.87962072e+00, -6.05956017e+00, -6.48579422e+00, 0.0, 2.0000000000, 8.0000000000, 0.0254011989
        1782, -2.05410750e-01, 1.78187594e-02, 9.61882313e-04, 2.22209228e-04, 1.51402614e-02, 0.0, -6.17712965e+00, -5.90853209e+00, -6.06772445e+00, -6.50335308e+00, 0.0, 2.0000000000, 8.0000000000, 0.0256851832
        1783, -2.05269865e-01, 1.78321457e-02, 9.61599271e-04, 2.21317085e-04, 1.51548823e-02, 0.0, -6.19793779e+00, -5.93656013e+00, -6.07608666e+00, -6.51994185e+00, 0.0, 2.0000000000, 8.0000000000, 0.0259693185
        1784, -2.05140011e-01, 1.78396781e-02, 9.61231464e-04, 2.20374245e-04, 1.51646234e-02, 0.0, -6.21799364e+00, -5.96347903e+00, -6.08472893e+00, -6.53561996e+00, 0.0, 2.0000000000, 8.0000000000, 0.0263200998
        1785, -2.05020440e-01, 1.78416789e-02, 9.60786262e-04, 2.19305749e-04, 1.51697039e-02, 0.0, -6.23729379e+00, -5.98908280e+00, -6.09372575e+00, -6.55047921e+00, 0.0, 2.0000000000, 8.0000000000, 0.0266009688
        1786, -2.04909769e-01, 1.78382840e-02, 9.60270254e-04, 2.17875224e-04, 1.51701275e-02, 0.0, -6.25586623e+00, -6.01320013e+00, -6.10314644e+00, -6.56464299e+00, 0.0, 2.0000000000, 8.0000000000, 0.0269124190
        1787, -2.04805086e-01, 1.78290210e-02, 9.59688142e-04, 2.15248246e-04, 1.51651738e-02, 0.0, -6.27376563e+00, -6.03570008e+00, -6.11305491e+00, -6.57825870e+00, 0.0, 2.0000000000, 8.0000000000, 0.0272010525
        1788, -2.04699550e-01, 1.78101575e-02, 9.59036359e-04, 2.07380568e-04, 1.51502021e-02, 0.0, -6.29099974e+00, -6.05644175e+00, -6.12347368e+00, -6.59142735e+00, 0.0, 2.0000000000, 8.0000000000, 0.0274856329
        1789, -2.04616545e-01, 1.77521069e-02, 9.58245232e-04, 1.66332594e-04, 1.50893652e-02, 0.0, -6.30669983e+00, -6.07470564e+00, -6.13386733e+00, -6.60331412e+00, 0.0, 2.0000000000, 8.0000000000, 0.0277695656
        1790, -2.04624467e-01, 1.77462678e-02, 9.57509293e-04, 1.79743487e-04, 1.50924611e-02, 0.0, -6.30042365e+00, -6.07833699e+00, -6.13061651e+00, -6.58749371e+00, 0.0, 2.0000000000, 8.0000000000, 0.0280461669
        1791, -2.04606261e-01, 1.78002450e-02, 9.56988170e-04, 2.61238088e-04, 1.51683693e-02, 0.0, -6.30053655e+00, -6.08370317e+00, -6.13401875e+00, -6.58402095e+00, 0.0, 2.0000000000, 8.0000000000, 0.0283381025
        1792, -2.04520942e-01, 1.77327900e-02, 9.56385872e-04, 2.15174066e-04, 1.50988245e-02, 0.0, -6.33138811e+00, -6.10741904e+00, -6.15756314e+00, -6.62474299e+00, 0.0, 2.0000000000, 8.0000000000, 0.0286227504
        1793, -2.04424587e-01, 1.76690126e-02, 9.55446977e-04, 1.76184793e-04, 1.50344499e-02, 0.0, -6.31311684e+00, -6.10382370e+00, -6.15386420e+00, -6.59660442e+00, 0.0, 2.0000000000, 8.0000000000, 0.0288970828
        1794, -2.04445835e-01, 1.76684559e-02, 9.54669878e-04, 2.05306715e-04, 1.50467563e-02, 0.0, -6.34695778e+00, -6.12095918e+00, -6.17412097e+00, -6.62341382e+00, 0.0, 2.0000000000, 8.0000000000, 0.0291788022
        1795, -2.04502244e-01, 1.76660816e-02, 9.53977660e-04, 2.42011647e-04, 1.50579395e-02, 0.0, -6.35670373e+00, -6.12955864e+00, -6.18375587e+00, -6.63269257e+00, 0.0, 2.0000000000, 8.0000000000, 0.0294604023
        1796, -2.04457150e-01, 1.76097438e-02, 9.53330953e-04, 2.17312498e-04, 1.50045292e-02, 0.0, -6.37582470e+00, -6.14726946e+00, -6.20223895e+00, -6.65599448e+00, 0.0, 2.0000000000, 8.0000000000, 0.0297590494
        1797, -2.04345109e-01, 1.75513047e-02, 9.52563653e-04, 1.85189073e-04, 1.49487430e-02, 0.0, -6.37822075e+00, -6.15040022e+00, -6.21314433e+00, -6.65471815e+00, 0.0, 2.0000000000, 8.0000000000, 0.0300387502
        1798, -2.04337456e-01, 1.75386260e-02, 9.51708420e-04, 2.09596812e-04, 1.49482961e-02, 0.0, -6.37591755e+00, -6.14862842e+00, -6.21708704e+00, -6.64839578e+00, 0.0, 2.0000000000, 8.0000000000, 0.0303450187
        1799, -2.04427134e-01, 1.75361665e-02, 9.51041489e-04, 2.51505405e-04, 1.49603496e-02, 0.0, -6.39986020e+00, -6.16249003e+00, -6.23623462e+00, -6.66993338e+00, 0.0, 2.0000000000, 8.0000000000, 0.0306307356
        1800, -2.04467115e-01, 1.74564371e-02, 9.50358269e-04, 2.12074227e-04, 1.48792030e-02, 0.0, -6.40847268e+00, -6.17199295e+00, -6.24844421e+00, -6.68262401e+00, 0.0, 2.0000000000, 8.0000000000, 0.0309171836
        1801, -2.04390612e-01, 1.74458262e-02, 9.49879429e-04, 2.31113882e-04, 1.48811236e-02, 0.0, -6.38370468e+00, -6.16024844e+00, -6.24525389e+00, -6.65069644e+00, 0.0, 2.0000000000, 8.0000000000, 0.0311990499
        1802, -2.04343953e-01, 1.73959587e-02, 9.49338534e-04, 2.14108859e-04, 1.48351451e-02, 0.0, -6.42959360e+00, -6.18264026e+00, -6.28552397e+00, -6.70494255e+00, 0.0, 2.0000000000, 8.0000000000, 0.0314820329
        1803, -2.04308846e-01, 1.73588946e-02, 9.48620327e-04, 2.11563636e-04, 1.48043712e-02, 0.0, -6.44620998e+00, -6.19510411e+00, -6.30239868e+00, -6.72349791e+00, 0.0, 2.0000000000, 8.0000000000, 0.0317713499
        1804, -2.04387005e-01, 1.73622163e-02, 9.48003362e-04, 2.55784403e-04, 1.48225349e-02, 0.0, -6.44692402e+00, -6.19331988e+00, -6.30401249e+00, -6.70988074e+00, 0.0, 2.0000000000, 8.0000000000, 0.0320570350
        1805, -2.04415185e-01, 1.73106573e-02, 9.47476306e-04, 2.40704238e-04, 1.47744486e-02, 0.0, -6.45239554e+00, -6.20506369e+00, -6.32092438e+00, -6.73028439e+00, 0.0, 2.0000000000, 8.0000000000, 0.0323367516
        1806, -2.04402391e-01, 1.73100548e-02, 9.47119804e-04, 2.68745322e-04, 1.47872332e-02, 0.0, -6.44891262e+00, -6.19977231e+00, -6.32132305e+00, -6.71495457e+00, 0.0, 2.0000000000, 8.0000000000, 0.0326241016
        1807, -2.04392445e-01, 1.72401559e-02, 9.46727584e-04, 2.24813598e-04, 1.47156002e-02, 0.0, -6.48554706e+00, -6.22595869e+00, -6.36358069e+00, -6.77410454e+00, 0.0, 2.0000000000, 8.0000000000, 0.0328976989
        1808, -2.04325158e-01, 1.72066420e-02, 9.46130937e-04, 2.18643181e-04, 1.46871515e-02, 0.0, -6.49425066e+00, -6.23186341e+00, -6.37651986e+00, -6.77620883e+00, 0.0, 2.0000000000, 8.0000000000, 0.0331831018
        1809, -2.04402789e-01, 1.72101517e-02, 9.45641591e-04, 2.57364907e-04, 1.47028225e-02, 0.0, -6.51765580e+00, -6.24386291e+00, -6.39438754e+00, -6.78397516e+00, 0.0, 2.0000000000, 8.0000000000, 0.0334679008
        1810, -2.04420546e-01, 1.71756888e-02, 9.45273661e-04, 2.54169616e-04, 1.46725984e-02, 0.0, -6.51678389e+00, -6.25436277e+00, -6.40380455e+00, -6.79356849e+00, 0.0, 2.0000000000, 8.0000000000, 0.0337550680
        1811, -2.04420657e-01, 1.71436583e-02, 9.44953554e-04, 2.48231447e-04, 1.46446732e-02, 0.0, -6.54600465e+00, -6.26863730e+00, -6.42360631e+00, -6.80769518e+00, 0.0, 2.0000000000, 8.0000000000, 0.0340469519
        1812, -2.04402482e-01, 1.70964107e-02, 9.44670268e-04, 2.24099089e-04, 1.45972129e-02, 0.0, -6.57880428e+00, -6.29980939e+00, -6.46627763e+00, -6.86093546e+00, 0.0, 2.0000000000, 8.0000000000, 0.0343278527
        1813, -2.04406757e-01, 1.70917600e-02, 9.44449125e-04, 2.41931200e-04, 1.46004399e-02, 0.0, -6.56678666e+00, -6.29804362e+00, -6.46667231e+00, -6.83489847e+00, 0.0, 2.0000000000, 8.0000000000, 0.0346138000
        1814, -2.04421141e-01, 1.70680056e-02, 9.44168832e-04, 2.41402801e-04, 1.45802316e-02, 0.0, -6.61432992e+00, -6.33028225e+00, -6.51220294e+00, -6.89072990e+00, 0.0, 2.0000000000, 8.0000000000, 0.0348959009
        1815, -2.04450849e-01, 1.70539314e-02, 9.43862685e-04, 2.49939927e-04, 1.45716101e-02, 0.0, -6.63187239e+00, -6.34515781e+00, -6.52597217e+00, -6.89602230e+00, 0.0, 2.0000000000, 8.0000000000, 0.0351792852
        1816, -2.04463241e-01, 1.70306716e-02, 9.43603845e-04, 2.46978157e-04, 1.45516153e-02, 0.0, -6.65827919e+00, -6.37283336e+00, -6.55985038e+00, -6.93742431e+00, 0.0, 2.0000000000, 8.0000000000, 0.0354603171
        1817, -2.04481182e-01, 1.70122410e-02, 9.43366059e-04, 2.47473379e-04, 1.45369713e-02, 0.0, -6.67879632e+00, -6.38940081e+00, -6.57881551e+00, -6.94664158e+00, 0.0, 2.0000000000, 8.0000000000, 0.0357463002
        1818, -2.04492418e-01, 1.69931255e-02, 9.43174316e-04, 2.46035869e-04, 1.45208207e-02, 0.0, -6.70840054e+00, -6.41765523e+00, -6.61550969e+00, -6.98659826e+00, 0.0, 2.0000000000, 8.0000000000, 0.0360300859
        1819, -2.04509845e-01, 1.69778198e-02, 9.42988443e-04, 2.47684356e-04, 1.45087133e-02, 0.0, -6.73106679e+00, -6.43731925e+00, -6.63781125e+00, -6.99992144e+00, 0.0, 2.0000000000, 8.0000000000, 0.0363130172
        1820, -2.04526822e-01, 1.69619592e-02, 9.42821487e-04, 2.47904173e-04, 1.44954710e-02, 0.0, -6.76028887e+00, -6.46482373e+00, -6.67038993e+00, -7.03388009e+00, 0.0, 2.0000000000, 8.0000000000, 0.0365927180
        1821, -2.04543429e-01, 1.69475522e-02, 9.42657564e-04, 2.48400794e-04, 1.44836184e-02, 0.0, -6.78574786e+00, -6.48799794e+00, -6.69677915e+00, -7.05418016e+00, 0.0, 2.0000000000, 8.0000000000, 0.0369763692
        1822, -2.04559243e-01, 1.69340079e-02, 9.42516196e-04, 2.48993119e-04, 1.44724387e-02, 0.0, -6.81375885e+00, -6.51488103e+00, -6.72841950e+00, -7.08463916e+00, 0.0, 2.0000000000, 8.0000000000, 0.0373539845
        1823, -2.04573093e-01, 1.69211609e-02, 9.42385520e-04, 2.49127379e-04, 1.44617346e-02, 0.0, -6.84055862e+00, -6.54010836e+00, -6.75832128e+00, -7.10960012e+00, 0.0, 2.0000000000, 8.0000000000, 0.0376370509
        1824, -2.04587076e-01, 1.69095062e-02, 9.42272582e-04, 2.49850737e-04, 1.44520981e-02, 0.0, -6.86837140e+00, -6.56681857e+00, -6.78994534e+00, -7.13808367e+00, 0.0, 2.0000000000, 8.0000000000, 0.0379138827
        1825, -2.04599412e-01, 1.68984007e-02, 9.42169835e-04, 2.50048124e-04, 1.44427742e-02, 0.0, -6.89626327e+00, -6.59362604e+00, -6.82195040e+00, -7.16610669e+00, 0.0, 2.0000000000, 8.0000000000, 0.0382041852
        1826, -2.04611425e-01, 1.68882562e-02, 9.42080793e-04, 2.50624557e-04, 1.44342766e-02, 0.0, -6.92464315e+00, -6.62091744e+00, -6.85439402e+00, -7.19452735e+00, 0.0, 2.0000000000, 8.0000000000, 0.0385061026
        1827, -2.04622260e-01, 1.68788267e-02, 9.42002570e-04, 2.50923463e-04, 1.44263201e-02, 0.0, -6.95340223e+00, -6.64893293e+00, -6.88773301e+00, -7.22419166e+00, 0.0, 2.0000000000, 8.0000000000, 0.0387993177
        1828, -2.04632362e-01, 1.68701666e-02, 9.41937367e-04, 2.51395449e-04, 1.44189764e-02, 0.0, -6.98243934e+00, -6.67724726e+00, -6.92141146e+00, -7.25366362e+00, 0.0, 2.0000000000, 8.0000000000, 0.0391127507
        1829, -2.04641576e-01, 1.68622918e-02, 9.41882819e-04, 2.51736055e-04, 1.44122691e-02, 0.0, -7.01180207e+00, -6.70631484e+00, -6.95583721e+00, -7.28436496e+00, 0.0, 2.0000000000, 8.0000000000, 0.0393910845
        1830, -2.04649996e-01, 1.68550943e-02, 9.41840349e-04, 2.52137654e-04, 1.44060774e-02, 0.0, -7.04134866e+00, -6.73580625e+00, -6.99071000e+00, -7.31513441e+00, 0.0, 2.0000000000, 8.0000000000, 0.0396702488
        1831, -2.04657682e-01, 1.68486510e-02, 9.41807605e-04, 2.52442066e-04, 1.44005059e-02, 0.0, -7.07115922e+00, -6.76597067e+00, -7.02610735e+00, -7.34679094e+00, 0.0, 2.0000000000, 8.0000000000, 0.0399420341
        1832, -2.04664676e-01, 1.68428472e-02, 9.41785667e-04, 2.52763927e-04, 1.43954303e-02, 0.0, -7.10107876e+00, -6.79669215e+00, -7.06194097e+00, -7.37878615e+00, 0.0, 2.0000000000, 8.0000000000, 0.0402235349
        1833, -2.04671011e-01, 1.68377389e-02, 9.41772426e-04, 2.52996376e-04, 1.43909325e-02, 0.0, -7.13114507e+00, -6.82802386e+00, -7.09811304e+00, -7.41138611e+00, 0.0, 2.0000000000, 8.0000000000, 0.0405399164
        1834, -2.04676731e-01, 1.68332322e-02, 9.41768521e-04, 2.53225301e-04, 1.43869145e-02, 0.0, -7.16121502e+00, -6.85995305e+00, -7.13456416e+00, -7.44439600e+00, 0.0, 2.0000000000, 8.0000000000, 0.0408341169
        1835, -2.04681837e-01, 1.68293568e-02, 9.41772143e-04, 2.53376373e-04, 1.43834272e-02, 0.0, -7.19129050e+00, -6.89244538e+00, -7.17113262e+00, -7.47781216e+00, 0.0, 2.0000000000, 8.0000000000, 0.0411885182
        1836, -2.04686387e-01, 1.68260314e-02, 9.41783545e-04, 2.53513349e-04, 1.43803882e-02, 0.0, -7.22121314e+00, -6.92549375e+00, -7.20769164e+00, -7.51156345e+00, 0.0, 2.0000000000, 8.0000000000, 0.0416264494
        1837, -2.04690396e-01, 1.68232656e-02, 9.41801197e-04, 2.53587228e-04, 1.43778247e-02, 0.0, -7.25098934e+00, -6.95903403e+00, -7.24404936e+00, -7.54553960e+00, 0.0, 2.0000000000, 8.0000000000, 0.0419250329
        1838, -2.04693933e-01, 1.68209854e-02, 9.41825084e-04, 2.53645042e-04, 1.43756634e-02, 0.0, -7.28040577e+00, -6.99301658e+00, -7.27997511e+00, -7.57967627e+00, 0.0, 2.0000000000, 8.0000000000, 0.0422298352
        1839, -2.04697034e-01, 1.68191846e-02, 9.41853902e-04, 2.53654857e-04, 1.43739122e-02, 0.0, -7.30949318e+00, -7.02735913e+00, -7.31525926e+00, -7.61382512e+00, 0.0, 2.0000000000, 8.0000000000, 0.0425075690
        1840, -2.04699764e-01, 1.68177953e-02, 9.41887461e-04, 2.53651857e-04, 1.43725049e-02, 0.0, -7.33799427e+00, -7.06195687e+00, -7.34958528e+00, -7.64789839e+00, 0.0, 2.0000000000, 8.0000000000, 0.0427849690
        1841, -2.04702164e-01, 1.68168000e-02, 9.41924647e-04, 2.53614533e-04, 1.43714356e-02, 0.0, -7.36596523e+00, -7.09670535e+00, -7.38274806e+00, -7.68173063e+00, 0.0, 2.0000000000, 8.0000000000, 0.0430691679
        1842, -2.04704289e-01, 1.68161375e-02, 9.41965173e-04, 2.53569104e-04, 1.43706455e-02, 0.0, -7.39314492e+00, -7.13144865e+00, -7.41440863e+00, -7.71521852e+00, 0.0, 2.0000000000, 8.0000000000, 0.0433456858
        1843, -2.04706171e-01, 1.68157847e-02, 9.42008093e-04, 2.53500224e-04, 1.43701214e-02, 0.0, -7.41961867e+00, -7.16605892e+00, -7.44441760e+00, -7.74818881e+00, 0.0, 2.0000000000, 8.0000000000, 0.0436257680
        1844, -2.04707848e-01, 1.68156879e-02, 9.42053087e-04, 2.53427282e-04, 1.43698131e-02, 0.0, -7.44515657e+00, -7.20033955e+00, -7.47250162e+00, -7.78053928e+00, 0.0, 2.0000000000, 8.0000000000, 0.0439117511
        1845, -2.04709338e-01, 1.68158233e-02, 9.42099368e-04, 2.53338659e-04, 1.43697060e-02, 0.0, -7.46987643e+00, -7.23414504e+00, -7.49863174e+00, -7.81210077e+00, 0.0, 2.0000000000, 8.0000000000, 0.0441986839
        1846, -2.04710662e-01, 1.68161458e-02, 9.42146634e-04, 2.53248929e-04, 1.43697590e-02, 0.0, -7.49359678e+00, -7.26725378e+00, -7.52267810e+00, -7.84279005e+00, 0.0, 2.0000000000, 8.0000000000, 0.0444902341
        1847, -2.04711825e-01, 1.68166346e-02, 9.42194253e-04, 2.53149039e-04, 1.43699592e-02, 0.0, -7.51646461e+00, -7.29951773e+00, -7.54477061e+00, -7.87246022e+00, 0.0, 2.0000000000, 8.0000000000, 0.0447830995
        1848, -2.04712838e-01, 1.68172530e-02, 9.42241981e-04, 2.53050742e-04, 1.43702742e-02, 0.0, -7.53835075e+00, -7.33071686e+00, -7.56494989e+00, -7.90106957e+00, 0.0, 2.0000000000, 8.0000000000, 0.0450598677
        1849, -2.04713697e-01, 1.68179848e-02, 9.42289330e-04, 2.52947353e-04, 1.43706950e-02, 0.0, -7.55942777e+00, -7.36073144e+00, -7.58348722e+00, -7.92852051e+00, 0.0, 2.0000000000, 8.0000000000, 0.0453471502
        1850, -2.04714407e-01, 1.68188021e-02, 9.42336139e-04, 2.52850201e-04, 1.43711972e-02, 0.0, -7.57962024e+00, -7.38938575e+00, -7.60055845e+00, -7.95484474e+00, 0.0, 2.0000000000, 8.0000000000, 0.0456271331
        1851, -2.04714968e-01, 1.68196960e-02, 9.42382064e-04, 2.52757148e-04, 1.43717780e-02, 0.0, -7.59912999e+00, -7.41663542e+00, -7.61651602e+00, -7.98003206e+00, 0.0, 2.0000000000, 8.0000000000, 0.0459040999
        1852, -2.04715393e-01, 1.68206536e-02, 9.42427056e-04, 2.52688305e-04, 1.43724290e-02, 0.0, -7.61793943e+00, -7.44239851e+00, -7.63160901e+00, -8.00423665e+00, 0.0, 2.0000000000, 8.0000000000, 0.0461920341
        1853, -2.04715714e-01, 1.68217072e-02, 9.42470988e-04, 2.52680965e-04, 1.43731946e-02, 0.0, -7.63627952e+00, -7.46673989e+00, -7.64621216e+00, -8.02760089e+00, 0.0, 2.0000000000, 8.0000000000, 0.0464692990
        1854, -2.04716047e-01, 1.68231033e-02, 9.42514489e-04, 2.53006257e-04, 1.43743765e-02, 0.0, -7.65408584e+00, -7.48960434e+00, -7.66053935e+00, -8.05043326e+00, 0.0, 2.0000000000, 8.0000000000, 0.0467508833
        1855, -2.04716148e-01, 1.68256441e-02, 9.42559730e-04, 2.54388973e-04, 1.43769519e-02, 0.0, -7.66986831e+00, -7.50975085e+00, -7.67335515e+00, -8.07077120e+00, 0.0, 2.0000000000, 8.0000000000, 0.0470673005
        1856, -2.04713532e-01, 1.68243270e-02, 9.42594707e-04, 2.51957176e-04, 1.43748944e-02, 0.0, -7.65716243e+00, -7.50705065e+00, -7.65887904e+00, -8.03746363e+00, 0.0, 2.0000000000, 8.0000000000, 0.0473605156
        1857, -2.04714438e-01, 1.68264095e-02, 9.42628866e-04, 2.53026299e-04, 1.43769526e-02, 0.0, -7.68908904e+00, -7.53694290e+00, -7.69169167e+00, -8.09585067e+00, 0.0, 2.0000000000, 8.0000000000, 0.0476655006
        1858, -2.04715448e-01, 1.68281502e-02, 9.42670123e-04, 2.53772630e-04, 1.43786216e-02, 0.0, -7.69111196e+00, -7.54554739e+00, -7.69868434e+00, -8.09264276e+00, 0.0, 2.0000000000, 8.0000000000, 0.0479418000
        1859, -2.04711870e-01, 1.68266475e-02, 9.42699532e-04, 2.51064757e-04, 1.43764096e-02, 0.0, -7.69601283e+00, -7.55213135e+00, -7.69938222e+00, -8.08702976e+00, 0.0, 2.0000000000, 8.0000000000, 0.0482249856
        1860, -2.04711405e-01, 1.68287709e-02, 9.42726261e-04, 2.52369252e-04, 1.43785771e-02, 0.0, -7.71391338e+00, -7.57445546e+00, -7.71885030e+00, -8.12210599e+00, 0.0, 2.0000000000, 8.0000000000, 0.0485058347
        1861, -2.04712430e-01, 1.68310373e-02, 9.42764351e-04, 2.53771672e-04, 1.43809251e-02, 0.0, -7.71818330e+00, -7.57943462e+00, -7.72536795e+00, -8.11302099e+00, 0.0, 2.0000000000, 8.0000000000, 0.0487944325
        1862, -2.04710440e-01, 1.68299994e-02, 9.42790485e-04, 2.51753940e-04, 1.43793134e-02, 0.0, -7.73618559e+00, -7.59538710e+00, -7.73834476e+00, -8.12928142e+00, 0.0, 2.0000000000, 8.0000000000, 0.0490796169
        1863, -2.04708165e-01, 1.68322528e-02, 9.42816837e-04, 2.53117881e-04, 1.43816766e-02, 0.0, -7.76337550e+00, -7.62021819e+00, -7.76442053e+00, -8.17070297e+00, 0.0, 2.0000000000, 8.0000000000, 0.0493754824
        1864, -2.04709312e-01, 1.68342297e-02, 9.42848344e-04, 2.54357153e-04, 1.43837201e-02, 0.0, -7.75966100e+00, -7.62028947e+00, -7.77057982e+00, -8.16129649e+00, 0.0, 2.0000000000, 8.0000000000, 0.0496647358
        1865, -2.04707639e-01, 1.68326513e-02, 9.42871311e-04, 2.51894641e-04, 1.43814942e-02, 0.0, -7.73583142e+00, -7.60810532e+00, -7.74720586e+00, -8.11844631e+00, 0.0, 2.0000000000, 8.0000000000, 0.0499407848
        1866, -2.04707005e-01, 1.68332171e-02, 9.42891056e-04, 2.51554056e-04, 1.43818687e-02, 0.0, -7.77892788e+00, -7.64205698e+00, -7.79054112e+00, -8.18607736e+00, 0.0, 2.0000000000, 8.0000000000, 0.0502406001
        1867, -2.04705294e-01, 1.68329877e-02, 9.42909806e-04, 2.50678480e-04, 1.43813137e-02, 0.0, -7.80394250e+00, -7.66186432e+00, -7.81458670e+00, -8.20467029e+00, 0.0, 2.0000000000, 8.0000000000, 0.0505247831
        1868, -2.04703708e-01, 1.68345132e-02, 9.42927761e-04, 2.51613949e-04, 1.43828914e-02, 0.0, -7.82468347e+00, -7.68535037e+00, -7.83072332e+00, -8.23636385e+00, 0.0, 2.0000000000, 8.0000000000, 0.0508140008
        1869, -2.04704169e-01, 1.68359511e-02, 9.42948953e-04, 2.52667054e-04, 1.43843785e-02, 0.0, -7.84744818e+00, -7.70567835e+00, -7.85321332e+00, -8.25377159e+00, 0.0, 2.0000000000, 8.0000000000, 0.0511112491
        1870, -2.04703534e-01, 1.68362678e-02, 9.42973478e-04, 2.52330999e-04, 1.43845091e-02, 0.0, -7.85556809e+00, -7.71842764e+00, -7.86712821e+00, -8.26172384e+00, 0.0, 2.0000000000, 8.0000000000, 0.0513971527
        1871, -2.04701306e-01, 1.68362744e-02, 9.42995758e-04, 2.51564695e-04, 1.43842583e-02, 0.0, -7.88877209e+00, -7.74496059e+00, -7.90028532e+00, -8.29880527e+00, 0.0, 2.0000000000, 8.0000000000, 0.0516727328
        1872, -2.04700175e-01, 1.68370613e-02, 9.43017317e-04, 2.51657354e-04, 1.43849542e-02, 0.0, -7.90816904e+00, -7.76515242e+00, -7.92086558e+00, -8.31861007e+00, 0.0, 2.0000000000, 8.0000000000, 0.0519535184
        1873, -2.04698974e-01, 1.68375141e-02, 9.43034476e-04, 2.51595201e-04, 1.43852813e-02, 0.0, -7.92639493e+00, -7.78629813e+00, -7.94523829e+00, -8.33699161e+00, 0.0, 2.0000000000, 8.0000000000, 0.0522481680
        1874, -2.04698523e-01, 1.68384936e-02, 9.43049665e-04, 2.52199141e-04, 1.43862785e-02, 0.0, -7.95107444e+00, -7.81139048e+00, -7.97819245e+00, -8.37383912e+00, 0.0, 2.0000000000, 8.0000000000, 0.0525206010
        1875, -2.04699037e-01, 1.68388949e-02, 9.43068281e-04, 2.52152052e-04, 1.43865984e-02, 0.0, -7.95895141e+00, -7.82377044e+00, -7.98950705e+00, -8.37282419e+00, 0.0, 2.0000000000, 8.0000000000, 0.0528061509
        1876, -2.04697458e-01, 1.68386884e-02, 9.43085195e-04, 2.51388447e-04, 1.43861934e-02, 0.0, -7.98404339e+00, -7.84713160e+00, -8.01811530e+00, -8.40164328e+00, 0.0, 2.0000000000, 8.0000000000, 0.0530932824
        1877, -2.04696977e-01, 1.68392065e-02, 9.43101986e-04, 2.51453799e-04, 1.43866633e-02, 0.0, -7.99826980e+00, -7.86605719e+00, -8.03706543e+00, -8.42003330e+00, 0.0, 2.0000000000, 8.0000000000, 0.0533767025
        1878, -2.04696097e-01, 1.68395547e-02, 9.43117181e-04, 2.51450765e-04, 1.43869446e-02, 0.0, -8.01932750e+00, -7.88710513e+00, -8.06476215e+00, -8.44025724e+00, 0.0, 2.0000000000, 8.0000000000, 0.0537517349
        1879, -2.04695170e-01, 1.68408351e-02, 9.43131531e-04, 2.52474846e-04, 1.43883690e-02, 0.0, -8.04202469e+00, -7.91340148e+00, -8.09891464e+00, -8.47835990e+00, 0.0, 2.0000000000, 8.0000000000, 0.0541744669
        1880, -2.04696312e-01, 1.68407165e-02, 9.43146479e-04, 2.52138056e-04, 1.43881234e-02, 0.0, -8.03456331e+00, -7.91122473e+00, -8.09560197e+00, -8.45256175e+00, 0.0, 2.0000000000, 8.0000000000, 0.0544618169
        1881, -2.04695117e-01, 1.68403462e-02, 9.43160238e-04, 2.51397888e-04, 1.43875824e-02, 0.0, -8.06440145e+00, -7.93939182e+00, -8.13396465e+00, -8.49502672e+00, 0.0, 2.0000000000, 8.0000000000, 0.0547450503
        1882, -2.04694906e-01, 1.68405834e-02, 9.43173287e-04, 2.51339775e-04, 1.43877754e-02, 0.0, -8.07626078e+00, -7.95797312e+00, -8.15203678e+00, -8.51217488e+00, 0.0, 2.0000000000, 8.0000000000, 0.0550299009
        1883, -2.04694610e-01, 1.68408789e-02, 9.43185519e-04, 2.51442852e-04, 1.43880513e-02, 0.0, -8.10491562e+00, -7.98441208e+00, -8.18932226e+00, -8.54633719e+00, 0.0, 2.0000000000, 8.0000000000, 0.0553092162
        1884, -2.04694725e-01, 1.68411055e-02, 9.43195539e-04, 2.51531813e-04, 1.43882608e-02, 0.0, -8.12530801e+00, -8.00961089e+00, -8.22434662e+00, -8.57941412e+00, 0.0, 2.0000000000, 8.0000000000, 0.0556012352
        1885, -2.04694236e-01, 1.68412201e-02, 9.43205246e-04, 2.51505026e-04, 1.43883469e-02, 0.0, -8.14697143e+00, -8.03217112e+00, -8.25488948e+00, -8.60083095e+00, 0.0, 2.0000000000, 8.0000000000, 0.0558872660
        1886, -2.04693711e-01, 1.68413553e-02, 9.43215105e-04, 2.51496778e-04, 1.43884613e-02, 0.0, -8.16582511e+00, -8.05523307e+00, -8.28241630e+00, -8.62621736e+00, 0.0, 2.0000000000, 8.0000000000, 0.0561706861
        1887, -2.04693252e-01, 1.68414838e-02, 9.43225260e-04, 2.51497024e-04, 1.43885680e-02, 0.0, -8.18487637e+00, -8.07670624e+00, -8.31065995e+00, -8.64877852e+00, 0.0, 2.0000000000, 8.0000000000, 0.0564492345
        1888, -2.04692937e-01, 1.68415949e-02, 9.43234645e-04, 2.51486962e-04, 1.43886553e-02, 0.0, -8.20090397e+00, -8.09705766e+00, -8.33765178e+00, -8.67081160e+00, 0.0, 2.0000000000, 8.0000000000, 0.0567290346
        1889, -2.04692678e-01, 1.68416969e-02, 9.43243262e-04, 2.51487091e-04, 1.43887362e-02, 0.0, -8.21809112e+00, -8.11737759e+00, -8.36646714e+00, -8.69299710e+00, 0.0, 2.0000000000, 8.0000000000, 0.0570109844
        1890, -2.04692413e-01, 1.68417889e-02, 9.43250910e-04, 2.51479392e-04, 1.43888108e-02, 0.0, -8.23418533e+00, -8.13743397e+00, -8.39449782e+00, -8.71507572e+00, 0.0, 2.0000000000, 8.0000000000, 0.0572968006
        1891, -2.04692163e-01, 1.68418692e-02, 9.43257964e-04, 2.51479858e-04, 1.43888765e-02, 0.0, -8.25053805e+00, -8.15731930e+00, -8.42257914e+00, -8.73702166e+00, 0.0, 2.0000000000, 8.0000000000, 0.0575801492
        1892, -2.04691904e-01, 1.68419497e-02, 9.43264369e-04, 2.51478271e-04, 1.43889458e-02, 0.0, -8.26661306e+00, -8.17705081e+00, -8.45001454e+00, -8.75838422e+00, 0.0, 2.0000000000, 8.0000000000, 0.0579322497
        1893, -2.04691662e-01, 1.68420172e-02, 9.43270392e-04, 2.51482558e-04, 1.43890020e-02, 0.0, -8.28274129e+00, -8.19668324e+00, -8.47760263e+00, -8.78059689e+00, 0.0, 2.0000000000, 8.0000000000, 0.0583662828
        1894, -2.04691425e-01, 1.68420871e-02, 9.43275891e-04, 2.51482614e-04, 1.43890631e-02, 0.0, -8.29864570e+00, -8.21618242e+00, -8.50451669e+00, -8.80166978e+00, 0.0, 2.0000000000, 8.0000000000, 0.0586552660
        1895, -2.04691200e-01, 1.68421450e-02, 9.43281103e-04, 2.51488245e-04, 1.43891118e-02, 0.0, -8.31439348e+00, -8.23547771e+00, -8.53132610e+00, -8.82359452e+00, 0.0, 2.0000000000, 8.0000000000, 0.0589515328
        1896, -2.04690976e-01, 1.68422067e-02, 9.43285867e-04, 2.51488454e-04, 1.43891671e-02, 0.0, -8.33005479e+00, -8.25475023e+00, -8.55738705e+00, -8.84448606e+00, 0.0, 2.0000000000, 8.0000000000, 0.0592314680
        1897, -2.04690759e-01, 1.68422571e-02, 9.43290408e-04, 2.51494776e-04, 1.43892108e-02, 0.0, -8.34543599e+00, -8.27370795e+00, -8.58297720e+00, -8.86597167e+00, 0.0, 2.0000000000, 8.0000000000, 0.0595184008
        1898, -2.04690538e-01, 1.68423119e-02, 9.43294552e-04, 2.51495796e-04, 1.43892617e-02, 0.0, -8.36085821e+00, -8.29276443e+00, -8.60767522e+00, -8.88657386e+00, 0.0, 2.0000000000, 8.0000000000, 0.0598013838
        1899, -2.04690323e-01, 1.68423557e-02, 9.43298527e-04, 2.51503745e-04, 1.43893009e-02, 0.0, -8.37589166e+00, -8.31140141e+00, -8.63161901e+00, -8.90757892e+00, 0.0, 2.0000000000, 8.0000000000, 0.0600777348
        1900, -2.04690102e-01, 1.68424042e-02, 9.43302162e-04, 2.51506863e-04, 1.43893474e-02, 0.0, -8.39106191e+00, -8.33020430e+00, -8.65452990e+00, -8.92761065e+00, 0.0, 2.0000000000, 8.0000000000, 0.0603633006
        1901, -2.04689887e-01, 1.68424415e-02, 9.43305693e-04, 2.51517557e-04, 1.43893817e-02, 0.0, -8.40578457e+00, -8.34851034e+00, -8.67654358e+00, -8.94809640e+00, 0.0, 2.0000000000, 8.0000000000, 0.0606440663
        1902, -2.04689669e-01, 1.68424842e-02, 9.43308942e-04, 2.51523484e-04, 1.43894235e-02, 0.0, -8.42070371e+00, -8.36700095e+00, -8.69740249e+00, -8.96733537e+00, 0.0, 2.0000000000, 8.0000000000, 0.0609197497
        1903, -2.04689456e-01, 1.68425158e-02, 9.43312148e-04, 2.51537335e-04, 1.43894525e-02, 0.0, -8.43515851e+00, -8.38492774e+00, -8.71734392e+00, -8.98720441e+00, 0.0, 2.0000000000, 8.0000000000, 0.0612000187
        1904, -2.04689240e-01, 1.68425539e-02, 9.43315116e-04, 2.51545800e-04, 1.43894898e-02, 0.0, -8.44983527e+00, -8.40302270e+00, -8.73603876e+00, -9.00547635e+00, 0.0, 2.0000000000, 8.0000000000, 0.0614894827
        1905, -2.04689029e-01, 1.68425812e-02, 9.43318092e-04, 2.51562307e-04, 1.43895141e-02, 0.0, -8.46404113e+00, -8.42047814e+00, -8.75390850e+00, -9.02460639e+00, 0.0, 2.0000000000, 8.0000000000, 0.0617920518
        1906, -2.04688816e-01, 1.68426170e-02, 9.43320859e-04, 2.51572132e-04, 1.43895482e-02, 0.0, -8.47849249e+00, -8.43808231e+00, -8.77050851e+00, -9.04175320e+00, 0.0, 2.0000000000, 8.0000000000, 0.0620981495
        1907, -2.04688606e-01, 1.68426423e-02, 9.43323673e-04, 2.51590206e-04, 1.43895695e-02, 0.0, -8.49244227e+00, -8.45494478e+00, -8.78644350e+00, -9.06005952e+00, 0.0, 2.0000000000, 8.0000000000, 0.0623759667
        1908, -2.04688393e-01, 1.68426786e-02, 9.43326291e-04, 2.51599807e-04, 1.43896032e-02, 0.0, -8.50668044e+00, -8.47196276e+00, -8.80115740e+00, -9.07591149e+00, 0.0, 2.0000000000, 8.0000000000, 0.0626626690
        1909, -2.04688183e-01, 1.68427051e-02, 9.43328991e-04, 2.51618316e-04, 1.43896243e-02, 0.0, -8.52033213e+00, -8.48809449e+00, -8.81537432e+00, -9.09331713e+00, 0.0, 2.0000000000, 8.0000000000, 0.0629414996
        1910, -2.04687968e-01, 1.68427452e-02, 9.43331491e-04, 2.51626210e-04, 1.43896608e-02, 0.0, -8.53432368e+00, -8.50441591e+00, -8.82845092e+00, -9.10765566e+00, 0.0, 2.0000000000, 8.0000000000, 0.0632175843
        1911, -2.04687756e-01, 1.68427757e-02, 9.43334105e-04, 2.51644354e-04, 1.43896846e-02, 0.0, -8.54758049e+00, -8.51965751e+00, -8.84115656e+00, -9.12401659e+00, 0.0, 2.0000000000, 8.0000000000, 0.0635171851
        1912, -2.04687539e-01, 1.68428226e-02, 9.43336502e-04, 2.51649489e-04, 1.43897269e-02, 0.0, -8.56121366e+00, -8.53513665e+00, -8.85280061e+00, -9.13655732e+00, 0.0, 2.0000000000, 8.0000000000, 0.0638074160
        1913, -2.04687325e-01, 1.68428592e-02, 9.43339044e-04, 2.51666846e-04, 1.43897555e-02, 0.0, -8.57392552e+00, -8.54931079e+00, -8.86414470e+00, -9.15166500e+00, 0.0, 2.0000000000, 8.0000000000, 0.0640959342
        1914, -2.04687108e-01, 1.68429144e-02, 9.43341342e-04, 2.51668705e-04, 1.43898052e-02, 0.0, -8.58704702e+00, -8.56379589e+00, -8.87454165e+00, -9.16216958e+00, 0.0, 2.0000000000, 8.0000000000, 0.0643742681
        1915, -2.04686895e-01, 1.68429578e-02, 9.43343814e-04, 2.51685043e-04, 1.43898394e-02, 0.0, -8.59909435e+00, -8.57678098e+00, -8.88468373e+00, -9.17595112e+00, 0.0, 2.0000000000, 8.0000000000, 0.0646627665
        1916, -2.04686682e-01, 1.68430212e-02, 9.43346009e-04, 2.51683626e-04, 1.43898962e-02, 0.0, -8.61165534e+00, -8.59023685e+00, -8.89414332e+00, -9.18454257e+00, 0.0, 2.0000000000, 8.0000000000, 0.0649581353
        1917, -2.04686475e-01, 1.68430709e-02, 9.43348401e-04, 2.51698756e-04, 1.43899355e-02, 0.0, -8.62311865e+00, -8.60212246e+00, -8.90340319e+00, -9.19737382e+00, 0.0, 2.0000000000, 8.0000000000, 0.0652475357
        1918, -2.04686271e-01, 1.68431406e-02, 9.43350487e-04, 2.51694503e-04, 1.43899976e-02, 0.0, -8.63532861e+00, -8.61477131e+00, -8.91244790e+00, -9.20477435e+00, 0.0, 2.0000000000, 8.0000000000, 0.0656163851
        1919, -2.04686075e-01, 1.68431954e-02, 9.43352782e-04, 2.51708308e-04, 1.43900408e-02, 0.0, -8.64654880e+00, -8.62593198e+00, -8.92131825e+00, -9.21742997e+00, 0.0, 2.0000000000, 8.0000000000, 0.0660027345
        1920, -2.04685882e-01, 1.68432689e-02, 9.43354750e-04, 2.51701949e-04, 1.43901057e-02, 0.0, -8.65878776e+00, -8.63819735e+00, -8.93049921e+00, -9.22461627e+00, 0.0, 2.0000000000, 8.0000000000, 0.0662929853
        1921, -2.04685699e-01, 1.68433269e-02, 9.43356928e-04, 2.51714413e-04, 1.43901512e-02, 0.0, -8.67014960e+00, -8.64911408e+00, -8.93942683e+00, -9.23772181e+00, 0.0, 2.0000000000, 8.0000000000, 0.0665789525
        1922, -2.04685521e-01, 1.68434018e-02, 9.43358768e-04, 2.51706708e-04, 1.43902167e-02, 0.0, -8.68268619e+00, -8.66137356e+00, -8.94906263e+00, -9.24533033e+00, 0.0, 2.0000000000, 8.0000000000, 0.0668722828
        1923, -2.04685351e-01, 1.68434612e-02, 9.43360808e-04, 2.51717880e-04, 1.43902631e-02, 0.0, -8.69438414e+00, -8.67239585e+00, -8.95829884e+00, -9.25904682e+00, 0.0, 2.0000000000, 8.0000000000, 0.0671552340
        1924, -2.04685186e-01, 1.68435357e-02, 9.43362511e-04, 2.51709436e-04, 1.43903274e-02, 0.0, -8.70726073e+00, -8.68484348e+00, -8.96846643e+00, -9.26726483e+00, 0.0, 2.0000000000, 8.0000000000, 0.0674348513
        1925, -2.04685029e-01, 1.68435949e-02, 9.43364398e-04, 2.51719437e-04, 1.43903734e-02, 0.0, -8.71929672e+00, -8.69613733e+00, -8.97811256e+00, -9.28146384e+00, 0.0, 2.0000000000, 8.0000000000, 0.0677159190
        1926, -2.04684875e-01, 1.68436675e-02, 9.43365956e-04, 2.51710684e-04, 1.43904355e-02, 0.0, -8.73242239e+00, -8.70882738e+00, -8.98878012e+00, -9.29025138e+00, 0.0, 2.0000000000, 8.0000000000, 0.0680013339
        1927, -2.04684729e-01, 1.68437254e-02, 9.43367682e-04, 2.51719704e-04, 1.43904803e-02, 0.0, -8.74471468e+00, -8.72044165e+00, -8.99886411e+00, -9.30474804e+00, 0.0, 2.0000000000, 8.0000000000, 0.0682783683
        1928, -2.04684585e-01, 1.68437952e-02, 9.43369090e-04, 2.51710930e-04, 1.43905397e-02, 0.0, -8.75797311e+00, -8.73336521e+00, -9.00998083e+00, -9.31400438e+00, 0.0, 2.0000000000, 8.0000000000, 0.0685576677
        1929, -2.04684448e-01, 1.68438510e-02, 9.43370653e-04, 2.51719182e-04, 1.43905827e-02, 0.0, -8.77043484e+00, -8.74529442e+00, -9.02050226e+00, -9.32865258e+00, 0.0, 2.0000000000, 8.0000000000, 0.0688446323
        1930, -2.04684312e-01, 1.68439175e-02, 9.43371912e-04, 2.51710556e-04, 1.43906390e-02, 0.0, -8.78373418e+00, -8.75842075e+00, -9.03203367e+00, -9.33828048e+00, 0.0, 2.0000000000, 8.0000000000, 0.0691287160
        1931, -2.04684183e-01, 1.68439708e-02, 9.43373314e-04, 2.51718228e-04, 1.43906801e-02, 0.0, -8.79630488e+00, -8.77063967e+00, -9.04299176e+00, -9.35298500e+00, 0.0, 2.0000000000, 8.0000000000, 0.0694099824
        1932, -2.04684054e-01, 1.68440336e-02, 9.43374429e-04, 2.51709816e-04, 1.43907331e-02, 0.0, -8.80958951e+00, -8.78393349e+00, -9.05492813e+00, -9.36291071e+00, 0.0, 2.0000000000, 8.0000000000, 0.0696947495
        1933, -2.04683932e-01, 1.68440843e-02, 9.43375679e-04, 2.51717028e-04, 1.43907722e-02, 0.0, -8.82224093e+00, -8.79641509e+00, -9.06633429e+00, -9.37762020e+00, 0.0, 2.0000000000, 8.0000000000, 0.0699703495
        1934, -2.04683811e-01, 1.68441434e-02, 9.43376659e-04, 2.51708810e-04, 1.43908219e-02, 0.0, -8.83548944e+00, -8.80984650e+00, -9.07868690e+00, -9.38780011e+00, 0.0, 2.0000000000, 8.0000000000, 0.0703365008
        1935, -2.04683696e-01, 1.68441913e-02, 9.43377767e-04, 2.51715615e-04, 1.43908590e-02, 0.0, -8.84822139e+00, -8.82257229e+00, -9.09056490e+00, -9.40250260e+00, 0.0, 2.0000000000, 8.0000000000, 0.0707088351
        1936, -2.04683582e-01, 1.68442467e-02, 9.43378620e-04, 2.51707512e-04, 1.43909055e-02, 0.0, -8.86143986e+00, -8.83612383e+00, -9.10335839e+00, -9.41292573e+00, 0.0, 2.0000000000, 8.0000000000, 0.0710381508
        1937, -2.04683475e-01, 1.68442920e-02, 9.43379598e-04, 2.51713915e-04, 1.43909407e-02, 0.0, -8.87427347e+00, -8.84909010e+00, -9.11573824e+00, -9.42764422e+00, 0.0, 2.0000000000, 8.0000000000, 0.0713222822
        1938, -2.04683369e-01, 1.68443435e-02, 9.43380336e-04, 2.51705832e-04, 1.43909840e-02, 0.0, -8.88748653e+00, -8.86275994e+00, -9.12900222e+00, -9.43833256e+00, 0.0, 2.0000000000, 8.0000000000, 0.0716086825
        1939, -2.04683270e-01, 1.68443862e-02, 9.43381194e-04, 2.51711825e-04, 1.43910172e-02, 0.0, -8.90045747e+00, -8.87597977e+00, -9.14191209e+00, -9.45311582e+00, 0.0, 2.0000000000, 8.0000000000, 0.0718920668
        1940, -2.04683173e-01, 1.68444340e-02, 9.43381828e-04, 2.51703690e-04, 1.43910572e-02, 0.0, -8.91369896e+00, -8.88978057e+00, -9.15567233e+00, -9.46412121e+00, 0.0, 2.0000000000, 8.0000000000, 0.0721721490
        1941, -2.04683082e-01, 1.68444739e-02, 9.43382576e-04, 2.51709287e-04, 1.43910885e-02, 0.0, -8.92684949e+00, -8.90328015e+00, -9.16912987e+00, -9.47902984e+00, 0.0, 2.0000000000, 8.0000000000, 0.0724571665
        1942, -2.04682994e-01, 1.68445177e-02, 9.43383114e-04, 2.51701066e-04, 1.43911251e-02, 0.0, -8.94015487e+00, -8.91723444e+00, -9.18339894e+00, -9.49042448e+00, 0.0, 2.0000000000, 8.0000000000, 0.0727536678
        1943, -2.04682913e-01, 1.68445549e-02, 9.43383762e-04, 2.51706324e-04, 1.43911544e-02, 0.0, -8.95352434e+00, -8.93104341e+00, -9.19740167e+00, -9.50551589e+00, 0.0, 2.0000000000, 8.0000000000, 0.0730324507
        1944, -2.04682833e-01, 1.68445944e-02, 9.43384212e-04, 2.51698026e-04, 1.43911873e-02, 0.0, -8.96692594e+00, -8.94517712e+00, -9.21217007e+00, -9.51737762e+00, 0.0, 2.0000000000, 8.0000000000, 0.0733364860
        1945, -2.04682761e-01, 1.68446286e-02, 9.43384766e-04, 2.51703066e-04, 1.43912145e-02, 0.0, -8.98054245e+00, -8.95931717e+00, -9.22668666e+00, -9.53269505e+00, 0.0, 2.0000000000, 8.0000000000, 0.0736196518
        1946, -2.04682691e-01, 1.68446638e-02, 9.43385136e-04, 2.51694710e-04, 1.43912436e-02, 0.0, -8.99406984e+00, -8.97365539e+00, -9.24191984e+00, -9.54509717e+00, 0.0, 2.0000000000, 8.0000000000, 0.0739163836
        1947, -2.04682628e-01, 1.68446950e-02, 9.43385603e-04, 2.51699749e-04, 1.43912687e-02, 0.0, -9.00795037e+00, -8.98813579e+00, -9.25689003e+00, -9.56067166e+00, 0.0, 2.0000000000, 8.0000000000, 0.0742052158
        1948, -2.04682565e-01, 1.68447256e-02, 9.43385897e-04, 2.51691291e-04, 1.43912938e-02, 0.0, -9.02164623e+00, -9.00271399e+00, -9.27254708e+00, -9.57370595e+00, 0.0, 2.0000000000, 8.0000000000, 0.0745506525
        1949, -2.04682509e-01, 1.68447541e-02, 9.43386283e-04, 2.51696732e-04, 1.43913170e-02, 0.0, -9.03582366e+00, -9.01755322e+00, -9.28791303e+00, -9.58959841e+00, 0.0, 2.0000000000, 8.0000000000, 0.0749861002
        1950, -2.04682452e-01, 1.68447795e-02, 9.43386506e-04, 2.51687759e-04, 1.43913374e-02, 0.0, -9.04984042e+00, -9.03251133e+00, -9.30405802e+00, -9.60356894e+00, 0.0, 2.0000000000, 8.0000000000, 0.0759253343
        1951, -2.04682390e-01, 1.68448045e-02, 9.43386811e-04, 2.51692601e-04, 1.43913579e-02, 0.0, -9.06454052e+00, -9.04790496e+00, -9.31998216e+00, -9.62018661e+00, 0.0, 2.0000000000, 8.0000000000, 0.0762070855
        1952, -2.04682318e-01, 1.68447992e-02, 9.43386912e-04, 2.51658820e-04, 1.43913430e-02, 0.0, -9.08034855e+00, -9.06468530e+00, -9.33798201e+00, -9.63828483e+00, 0.0, 2.0000000000, 8.0000000000, 0.0764883995
        1953, -2.04682311e-01, 1.68448169e-02, 9.43387105e-04, 2.51659241e-04, 1.43913564e-02, 0.0, -9.09744387e+00, -9.08240933e+00, -9.35755447e+00, -9.66096341e+00, 0.0, 2.0000000000, 8.0000000000, 0.0767687837
        1954, -2.04682265e-01, 1.68448573e-02, 9.43387253e-04, 2.51677362e-04, 1.43913978e-02, 0.0, -9.10935389e+00, -9.09449784e+00, -9.36617240e+00, -9.66538521e+00, 0.0, 2.0000000000, 8.0000000000, 0.0770434856
        1955, -2.04682266e-01, 1.68448315e-02, 9.43387362e-04, 2.51640519e-04, 1.43913605e-02, 0.0, -9.12638263e+00, -9.11206322e+00, -9.38170526e+00, -9.68880818e+00, 0.0, 2.0000000000, 8.0000000000, 0.0773338358
        1956, -2.04682272e-01, 1.68448844e-02, 9.43387493e-04, 2.51670545e-04, 1.43914180e-02, 0.0, -9.13046083e+00, -9.11753409e+00, -9.38589642e+00, -9.68514528e+00, 0.0, 2.0000000000, 8.0000000000, 0.0776204507
        1957, -2.04682234e-01, 1.68449100e-02, 9.43387631e-04, 2.51690395e-04, 1.43914431e-02, 0.0, -9.14465239e+00, -9.13242980e+00, -9.40436384e+00, -9.70686801e+00, 0.0, 2.0000000000, 8.0000000000, 0.0779054999
        1958, -2.04682174e-01, 1.68449010e-02, 9.43387597e-04, 2.51664173e-04, 1.43914273e-02, 0.0, -9.16102204e+00, -9.14989279e+00, -9.42104366e+00, -9.72399814e+00, 0.0, 2.0000000000, 8.0000000000, 0.0781870524
        1959, -2.04682140e-01, 1.68449075e-02, 9.43387560e-04, 2.51661414e-04, 1.43914310e-02, 0.0, -9.17438988e+00, -9.16482035e+00, -9.43116109e+00, -9.73543856e+00, 0.0, 2.0000000000, 8.0000000000, 0.0784662684
        1960, -2.04682104e-01, 1.68449240e-02, 9.43387494e-04, 2.51665879e-04, 1.43914478e-02, 0.0, -9.19026871e+00, -9.18137655e+00, -9.45439451e+00, -9.75521505e+00, 0.0, 2.0000000000, 8.0000000000, 0.0787497838
        1961, -2.04682138e-01, 1.68449175e-02, 9.43387441e-04, 2.51655786e-04, 1.43914382e-02, 0.0, -9.20927866e+00, -9.20082270e+00, -9.47487026e+00, -9.77893734e+00, 0.0, 2.0000000000, 8.0000000000, 0.0790320675
        1962, -2.04682130e-01, 1.68449763e-02, 9.43387465e-04, 2.51704129e-04, 1.43915075e-02, 0.0, -9.21522678e+00, -9.20824674e+00, -9.48073527e+00, -9.77740689e+00, 0.0, 2.0000000000, 8.0000000000, 0.0793211500
        1963, -2.04682081e-01, 1.68449395e-02, 9.43387399e-04, 2.51663709e-04, 1.43914625e-02, 0.0, -9.22326846e+00, -9.21592444e+00, -9.48274522e+00, -9.78039562e+00, 0.0, 2.0000000000, 8.0000000000, 0.0796077172
        1964, -2.04682078e-01, 1.68449295e-02, 9.43387210e-04, 2.51646997e-04, 1.43914498e-02, 0.0, -9.24668018e+00, -9.24002119e+00, -9.49814350e+00, -9.81658935e+00, 0.0, 2.0000000000, 8.0000000000, 0.0798938354
        1965, -2.04682070e-01, 1.68449509e-02, 9.43387176e-04, 2.51669527e-04, 1.43914751e-02, 0.0, -9.26216883e+00, -9.25636856e+00, -9.52530007e+00, -9.83223397e+00, 0.0, 2.0000000000, 8.0000000000, 0.0802061359
        1966, -2.04682044e-01, 1.68449219e-02, 9.43387034e-04, 2.51638387e-04, 1.43914403e-02, 0.0, -9.28063098e+00, -9.27616469e+00, -9.54038945e+00, -9.85541727e+00, 0.0, 2.0000000000, 8.0000000000, 0.0804911494
        1967, -2.04682049e-01, 1.68449269e-02, 9.43386833e-04, 2.51644409e-04, 1.43914469e-02, 0.0, -9.28891171e+00, -9.28453682e+00, -9.55293933e+00, -9.85773855e+00, 0.0, 2.0000000000, 8.0000000000, 0.0807773511
        1968, -2.04682051e-01, 1.68449529e-02, 9.43386721e-04, 2.51673356e-04, 1.43914792e-02, 0.0, -9.30570988e+00, -9.30231914e+00, -9.57044324e+00, -9.88229938e+00, 0.0, 2.0000000000, 8.0000000000, 0.0810631156
        1969, -2.04682037e-01, 1.68449053e-02, 9.43386532e-04, 2.51630055e-04, 1.43914236e-02, 0.0, -9.32271018e+00, -9.32005565e+00, -9.58218382e+00, -9.89899667e+00, 0.0, 2.0000000000, 8.0000000000, 0.0813542167
        1970, -2.04682032e-01, 1.68449175e-02, 9.43386325e-04, 2.51644100e-04, 1.43914401e-02, 0.0, -9.32218814e+00, -9.31950231e+00, -9.58537451e+00, -9.88596753e+00, 0.0, 2.0000000000, 8.0000000000, 0.0816303690
        1971, -2.04682040e-01, 1.68449352e-02, 9.43386225e-04, 2.51670165e-04, 1.43914635e-02, 0.0, -9.34663535e+00, -9.34450239e+00, -9.61527243e+00, -9.93324477e+00, 0.0, 2.0000000000, 8.0000000000, 0.0819135825
        1972, -2.04682035e-01, 1.68449096e-02, 9.43386081e-04, 2.51648286e-04, 1.43914352e-02, 0.0, -9.36760190e+00, -9.36547872e+00, -9.63501075e+00, -9.95374233e+00, 0.0, 2.0000000000, 8.0000000000, 0.0821948489
        1973, -2.04682034e-01, 1.68449029e-02, 9.43385826e-04, 2.51647472e-04, 1.43914301e-02, 0.0, -9.37539392e+00, -9.37285387e+00, -9.63978678e+00, -9.94697064e+00, 0.0, 2.0000000000, 8.0000000000, 0.0824785511
        1974, -2.04682042e-01, 1.68449284e-02, 9.43385703e-04, 2.51680005e-04, 1.43914638e-02, 0.0, -9.39189733e+00, -9.39041098e+00, -9.66629549e+00, -9.97557107e+00, 0.0, 2.0000000000, 8.0000000000, 0.0827630361
        1975, -2.04682037e-01, 1.68448876e-02, 9.43385515e-04, 2.51645610e-04, 1.43914184e-02, 0.0, -9.40648972e+00, -9.40467995e+00, -9.67405195e+00, -9.98334550e+00, 0.0, 2.0000000000, 8.0000000000, 0.0830583851
        1976, -2.04682035e-01, 1.68448863e-02, 9.43385256e-04, 2.51651652e-04, 1.43914206e-02, 0.0, -9.41131831e+00, -9.40755964e+00, -9.67099662e+00, -9.98110381e+00, 0.0, 2.0000000000, 8.0000000000, 0.0833427509
        1977, -2.04682056e-01, 1.68448878e-02, 9.43385097e-04, 2.51664658e-04, 1.43914265e-02, 0.0, -9.43564452e+00, -9.43045453e+00, -9.71584750e+00, -1.00260883e+01, 0.0, 2.0000000000, 8.0000000000, 0.0836160183
        1978, -2.04682074e-01, 1.68448699e-02, 9.43384948e-04, 2.51656963e-04, 1.43914091e-02, 0.0, -9.45375535e+00, -9.44761035e+00, -9.73446271e+00, -1.00407652e+01, 0.0, 2.0000000000, 8.0000000000, 0.0839008490
        1979, -2.04682067e-01, 1.68448648e-02, 9.43384844e-04, 2.51659593e-04, 1.43914074e-02, 0.0, -9.45843252e+00, -9.45132784e+00, -9.73050823e+00, -1.00245338e+01, 0.0, 2.0000000000, 8.0000000000, 0.0841764331
        1980, -2.04682055e-01, 1.68448509e-02, 9.43384712e-04, 2.51653199e-04, 1.43913950e-02, 0.0, -9.48023002e+00, -9.47349759e+00, -9.76573003e+00, -1.00704082e+01, 0.0, 2.0000000000, 8.0000000000, 0.0844559193
        1981, -2.04682051e-01, 1.68448384e-02, 9.43384500e-04, 2.51650578e-04, 1.43913845e-02, 0.0, -9.49364283e+00, -9.48546238e+00, -9.78136997e+00, -1.00736978e+01, 0.0, 2.0000000000, 8.0000000000, 0.0847564022
        1982, -2.04682069e-01, 1.68448298e-02, 9.43384249e-04, 2.51654651e-04, 1.43913791e-02, 0.0, -9.51179170e+00, -9.50265297e+00, -9.80417060e+00, -1.01007927e+01, 0.0, 2.0000000000, 8.0000000000, 0.0850527008
        1983, -2.04682092e-01, 1.68448193e-02, 9.43384047e-04, 2.51657805e-04, 1.43913714e-02, 0.0, -9.52492507e+00, -9.51372528e+00, -9.81713290e+00, -1.01023578e+01, 0.0, 2.0000000000, 8.0000000000, 0.0853435357
        1984, -2.04682098e-01, 1.68447966e-02, 9.43383872e-04, 2.51647474e-04, 1.43913489e-02, 0.0, -9.53751383e+00, -9.52595185e+00, -9.82868042e+00, -1.01138461e+01, 0.0, 2.0000000000, 8.0000000000, 0.0856272181
        1985, -2.04682091e-01, 1.68447937e-02, 9.43383785e-04, 2.51654469e-04, 1.43913502e-02, 0.0, -9.54396340e+00, -9.53347009e+00, -9.83957840e+00, -1.01076490e+01, 0.0, 2.0000000000, 8.0000000000, 0.0859085997
        1986, -2.04682091e-01, 1.68447737e-02, 9.43383640e-04, 2.51646626e-04, 1.43913307e-02, 0.0, -9.56335053e+00, -9.55108696e+00, -9.87395228e+00, -1.01490746e+01, 0.0, 2.0000000000, 8.0000000000, 0.0862017512
        1987, -2.04682095e-01, 1.68447683e-02, 9.43383495e-04, 2.51652864e-04, 1.43913287e-02, 0.0, -9.57542523e+00, -9.56194857e+00, -9.88079540e+00, -1.01507481e+01, 0.0, 2.0000000000, 8.0000000000, 0.0864875356
        1988, -2.04682109e-01, 1.68447621e-02, 9.43383348e-04, 2.51659265e-04, 1.43913256e-02, 0.0, -9.58885549e+00, -9.57218880e+00, -9.89352763e+00, -1.01605394e+01, 0.0, 2.0000000000, 8.0000000000, 0.0867935856
        1989, -2.04682114e-01, 1.68447493e-02, 9.43383225e-04, 2.51657858e-04, 1.43913146e-02, 0.0, -9.60341347e+00, -9.58720276e+00, -9.90993472e+00, -1.01806923e+01, 0.0, 2.0000000000, 8.0000000000, 0.0871255994
        1990, -2.04682121e-01, 1.68447375e-02, 9.43383124e-04, 2.51655950e-04, 1.43913046e-02, 0.0, -9.61259081e+00, -9.59613860e+00, -9.91962588e+00, -1.01819150e+01, 0.0, 2.0000000000, 8.0000000000, 0.0874563336
        1991, -2.04682124e-01, 1.68447248e-02, 9.43383027e-04, 2.51652197e-04, 1.43912934e-02, 0.0, -9.62959747e+00, -9.61427823e+00, -9.95135489e+00, -1.02130316e+01, 0.0, 2.0000000000, 8.0000000000, 0.0877480348
        1992, -2.04682124e-01, 1.68447207e-02, 9.43382896e-04, 2.51658673e-04, 1.43912923e-02, 0.0, -9.64575069e+00, -9.62802419e+00, -9.95297674e+00, -1.02310041e+01, 0.0, 2.0000000000, 8.0000000000, 0.0880317688
        1993, -2.04682135e-01, 1.68447138e-02, 9.43382781e-04, 2.51662835e-04, 1.43912877e-02, 0.0, -9.65746435e+00, -9.63577224e+00, -9.97201394e+00, -1.02296676e+01, 0.0, 2.0000000000, 8.0000000000, 0.0883168499
        1994, -2.04682137e-01, 1.68447030e-02, 9.43382695e-04, 2.51661348e-04, 1.43912783e-02, 0.0, -9.66971134e+00, -9.64843373e+00, -9.98074961e+00, -1.02460462e+01, 0.0, 2.0000000000, 8.0000000000, 0.0886016846
        1995, -2.04682137e-01, 1.68446933e-02, 9.43382644e-04, 2.51659589e-04, 1.43912700e-02, 0.0, -9.68096810e+00, -9.66115573e+00, -9.99206956e+00, -1.02569867e+01, 0.0, 2.0000000000, 8.0000000000, 0.0888934692
        1996, -2.04682138e-01, 1.68446856e-02, 9.43382602e-04, 2.51659495e-04, 1.43912640e-02, 0.0, -9.69344393e+00, -9.67475424e+00, -1.00169844e+01, -1.02722257e+01, 0.0, 2.0000000000, 8.0000000000, 0.0891731183
        1997, -2.04682144e-01, 1.68446793e-02, 9.43382556e-04, 2.51660686e-04, 1.43912593e-02, 0.0, -9.70482465e+00, -9.68631399e+00, -1.00306397e+01, -1.02794816e+01, 0.0, 2.0000000000, 8.0000000000, 0.0894700329
        1998, -2.04682152e-01, 1.68446732e-02, 9.43382498e-04, 2.51661937e-04, 1.43912547e-02, 0.0, -9.71771758e+00, -9.70025834e+00, -1.00460261e+01, -1.02943285e+01, 0.0, 2.0000000000, 8.0000000000, 0.0897502859
        1999, -2.04682158e-01, 1.68446665e-02, 9.43382443e-04, 2.51662181e-04, 1.43912493e-02, 0.0, -9.73026089e+00, -9.71388560e+00, -1.00606237e+01, -1.03070411e+01, 0.0, 2.0000000000, 8.0000000000, 0.0900308847
        2000, -2.04682162e-01, 1.68446606e-02, 9.43382392e-04, 2.51662824e-04, 1.43912447e-02, 0.0, -9.74298291e+00, -9.72765831e+00, -1.00766337e+01, -1.03207990e+01, 0.0, 2.0000000000, 8.0000000000, 0.0903102676
        2001, -2.04682166e-01, 1.68446548e-02, 9.43382354e-04, 2.51663127e-04, 1.43912400e-02, 0.0, -9.75622320e+00, -9.74204175e+00, -1.00923365e+01, -1.03348193e+01, 0.0, 2.0000000000, 8.0000000000, 0.0905931830
        2002, -2.04682170e-01, 1.68446497e-02, 9.43382322e-04, 2.51663710e-04, 1.43912359e-02, 0.0, -9.76974562e+00, -9.75670791e+00, -1.01085266e+01, -1.03495045e+01, 0.0, 2.0000000000, 8.0000000000, 0.0908732176
        2003, -2.04682175e-01, 1.68446447e-02, 9.43382299e-04, 2.51663952e-04, 1.43912318e-02, 0.0, -9.78348294e+00, -9.77178611e+00, -1.01241116e+01, -1.03638495e+01, 0.0, 2.0000000000, 8.0000000000, 0.0912270824
        2004, -2.04682179e-01, 1.68446403e-02, 9.43382280e-04, 2.51664323e-04, 1.43912282e-02, 0.0, -9.79746828e+00, -9.78718263e+00, -1.01404673e+01, -1.03793258e+01, 0.0, 2.0000000000, 8.0000000000, 0.0916501005
        2005, -2.04682184e-01, 1.68446361e-02, 9.43382268e-04, 2.51664458e-04, 1.43912247e-02, 0.0, -9.81148121e+00, -9.80273122e+00, -1.01565218e+01, -1.03939743e+01, 0.0, 2.0000000000, 8.0000000000, 0.0919487834
        2006, -2.04682188e-01, 1.68446324e-02, 9.43382259e-04, 2.51664760e-04, 1.43912216e-02, 0.0, -9.82578094e+00, -9.81862648e+00, -1.01732662e+01, -1.04100740e+01, 0.0, 2.0000000000, 8.0000000000, 0.0922410528
        2007, -2.04682192e-01, 1.68446289e-02, 9.43382255e-04, 2.51664860e-04, 1.43912187e-02, 0.0, -9.84002619e+00, -9.83451937e+00, -1.01898131e+01, -1.04249624e+01, 0.0, 2.0000000000, 8.0000000000, 0.0925414006
        2008, -2.04682195e-01, 1.68446259e-02, 9.43382253e-04, 2.51665142e-04, 1.43912162e-02, 0.0, -9.85451222e+00, -9.85068677e+00, -1.02065215e+01, -1.04412407e+01, 0.0, 2.0000000000, 8.0000000000, 0.0928235491
        2009, -2.04682199e-01, 1.68446231e-02, 9.43382256e-04, 2.51665237e-04, 1.43912137e-02, 0.0, -9.86891988e+00, -9.86681028e+00, -1.02233058e+01, -1.04563506e+01, 0.0, 2.0000000000, 8.0000000000, 0.0931007028
        2010, -2.04682201e-01, 1.68446207e-02, 9.43382260e-04, 2.51665506e-04, 1.43912117e-02, 0.0, -9.88351158e+00, -9.88310385e+00, -1.02397473e+01, -1.04726060e+01, 0.0, 2.0000000000, 8.0000000000, 0.0933847825
        2011, -2.04682205e-01, 1.68446185e-02, 9.43382269e-04, 2.51665597e-04, 1.43912098e-02, 0.0, -9.89799928e+00, -9.89932561e+00, -1.02565212e+01, -1.04878298e+01, 0.0, 2.0000000000, 8.0000000000, 0.0936715325
        2012, -2.04682207e-01, 1.68446167e-02, 9.43382280e-04, 2.51665835e-04, 1.43912082e-02, 0.0, -9.91260287e+00, -9.91558327e+00, -1.02724446e+01, -1.05038799e+01, 0.0, 2.0000000000, 8.0000000000, 0.0939622839
        2013, -2.04682210e-01, 1.68446150e-02, 9.43382295e-04, 2.51665908e-04, 1.43912067e-02, 0.0, -9.92709173e+00, -9.93175371e+00, -1.02889335e+01, -1.05190883e+01, 0.0, 2.0000000000, 8.0000000000, 0.0942415158
        2014, -2.04682212e-01, 1.68446137e-02, 9.43382311e-04, 2.51666087e-04, 1.43912056e-02, 0.0, -9.94162384e+00, -9.94781359e+00, -1.03041108e+01, -1.05348244e+01, 0.0, 2.0000000000, 8.0000000000, 0.0945277850
        2015, -2.04682214e-01, 1.68446126e-02, 9.43382330e-04, 2.51666140e-04, 1.43912045e-02, 0.0, -9.95609163e+00, -9.96381965e+00, -1.03200772e+01, -1.05499821e+01, 0.0, 2.0000000000, 8.0000000000, 0.0948449850
        2016, -2.04682216e-01, 1.68446117e-02, 9.43382349e-04, 2.51666226e-04, 1.43912036e-02, 0.0, -9.97051666e+00, -9.97956307e+00, -1.03343477e+01, -1.05653659e+01, 0.0, 2.0000000000, 8.0000000000, 0.0951321324
        2017, -2.04682218e-01, 1.68446111e-02, 9.43382372e-04, 2.51666275e-04, 1.43912029e-02, 0.0, -9.98505864e+00, -9.99540149e+00, -1.03496625e+01, -1.05806645e+01, 0.0, 2.0000000000, 8.0000000000, 0.0954102159
        2018, -2.04682220e-01, 1.68446105e-02, 9.43382394e-04, 2.51666197e-04, 1.43912023e-02, 0.0, -9.99942288e+00, -1.00108045e+01, -1.03630082e+01, -1.05957611e+01, 0.0, 2.0000000000, 8.0000000000, 0.0956939499
        2019, -2.04682221e-01, 1.68446103e-02, 9.43382419e-04, 2.51666300e-04, 1.43912020e-02, 0.0, -1.00145447e+01, -1.00268612e+01, -1.03778089e+01, -1.06121945e+01, 0.0, 2.0000000000, 8.0000000000, 0.0959708333
        2020, -2.04682226e-01, 1.68446101e-02, 9.43382443e-04, 2.51666202e-04, 1.43912016e-02, 0.0, -1.00292101e+01, -1.00422321e+01, -1.03905369e+01, -1.06275713e+01, 0.0, 2.0000000000, 8.0000000000, 0.0962651173
        2021, -2.04682224e-01, 1.68446130e-02, 9.43382477e-04, 2.51668748e-04, 1.43912050e-02, 0.0, -1.00507374e+01, -1.00635733e+01, -1.04072213e+01, -1.06574873e+01, 0.0, 2.0000000000, 8.0000000000, 0.0965674003
        2022, -2.04682222e-01, 1.68446114e-02, 9.43382499e-04, 2.51666760e-04, 1.43912028e-02, 0.0, -1.00590246e+01, -1.00729602e+01, -1.04162855e+01, -1.06568749e+01, 0.0, 2.0000000000, 8.0000000000, 0.0968711694
        2023, -2.04682223e-01, 1.68446120e-02, 9.43382517e-04, 2.51667092e-04, 1.43912033e-02, 0.0, -1.00749650e+01, -1.00893323e+01, -1.04245249e+01, -1.06755758e+01, 0.0, 2.0000000000, 8.0000000000, 0.0971597354
        2024, -2.04682226e-01, 1.68446122e-02, 9.43382544e-04, 2.51666861e-04, 1.43912033e-02, 0.0, -1.00875180e+01, -1.01019661e+01, -1.04396519e+01, -1.06869909e+01, 0.0, 2.0000000000, 8.0000000000, 0.0974462827
        2025, -2.04682227e-01, 1.68446158e-02, 9.43382581e-04, 2.51669644e-04, 1.43912073e-02, 0.0, -1.01058651e+01, -1.01199001e+01, -1.04566285e+01, -1.07124654e+01, 0.0, 2.0000000000, 8.0000000000, 0.0977311174
        2026, -2.04682226e-01, 1.68446153e-02, 9.43382610e-04, 2.51668434e-04, 1.43912064e-02, 0.0, -1.01183634e+01, -1.01321519e+01, -1.04648214e+01, -1.07197380e+01, 0.0, 2.0000000000, 8.0000000000, 0.0980182330
        2027, -2.04682224e-01, 1.68446154e-02, 9.43382636e-04, 2.51667480e-04, 1.43912061e-02, 0.0, -1.01315640e+01, -1.01459294e+01, -1.04778895e+01, -1.07347659e+01, 0.0, 2.0000000000, 8.0000000000, 0.0982983510
        2028, -2.04682225e-01, 1.68446183e-02, 9.43382662e-04, 2.51669364e-04, 1.43912092e-02, 0.0, -1.01448690e+01, -1.01593514e+01, -1.04923734e+01, -1.07469337e+01, 0.0, 2.0000000000, 8.0000000000, 0.0985724489
        2029, -2.04682226e-01, 1.68446168e-02, 9.43382680e-04, 2.51667198e-04, 1.43912070e-02, 0.0, -1.01544230e+01, -1.01688824e+01, -1.04989946e+01, -1.07501154e+01, 0.0, 2.0000000000, 8.0000000000, 0.0988492171
        2030, -2.04682226e-01, 1.68446187e-02, 9.43382703e-04, 2.51668053e-04, 1.43912090e-02, 0.0, -1.01686801e+01, -1.01828483e+01, -1.05159827e+01, -1.07696485e+01, 0.0, 2.0000000000, 8.0000000000, 0.0991549850
        2031, -2.04682225e-01, 1.68446181e-02, 9.43382722e-04, 2.51666728e-04, 1.43912079e-02, 0.0, -1.01801903e+01, -1.01943196e+01, -1.05273639e+01, -1.07769084e+01, 0.0, 2.0000000000, 8.0000000000, 0.0994459510
        2032, -2.04682226e-01, 1.68446220e-02, 9.43382752e-04, 2.51669630e-04, 1.43912122e-02, 0.0, -1.01991297e+01, -1.02125260e+01, -1.05426197e+01, -1.08041700e+01, 0.0, 2.0000000000, 8.0000000000, 0.0997445345
        2033, -2.04682224e-01, 1.68446202e-02, 9.43382773e-04, 2.51667004e-04, 1.43912096e-02, 0.0, -1.02050031e+01, -1.02184284e+01, -1.05470485e+01, -1.07960998e+01, 0.0, 2.0000000000, 8.0000000000, 0.1000265519
        2034, -2.04682224e-01, 1.68446217e-02, 9.43382790e-04, 2.51667521e-04, 1.43912111e-02, 0.0, -1.02230364e+01, -1.02364785e+01, -1.05639390e+01, -1.08242225e+01, 0.0, 2.0000000000, 8.0000000000, 0.1003229181
        2035, -2.04682223e-01, 1.68446204e-02, 9.43382804e-04, 2.51665616e-04, 1.43912092e-02, 0.0, -1.02332492e+01, -1.02459989e+01, -1.05780507e+01, -1.08251936e+01, 0.0, 2.0000000000, 8.0000000000, 0.1006024162
        2036, -2.04682224e-01, 1.68446233e-02, 9.43382823e-04, 2.51667601e-04, 1.43912123e-02, 0.0, -1.02485193e+01, -1.02615726e+01, -1.05918858e+01, -1.08477271e+01, 0.0, 2.0000000000, 8.0000000000, 0.1008904020
        2037, -2.04682222e-01, 1.68446221e-02, 9.43382837e-04, 2.51665851e-04, 1.43912106e-02, 0.0, -1.02590635e+01, -1.02718133e+01, -1.06070986e+01, -1.08513137e+01, 0.0, 2.0000000000, 8.0000000000, 0.1011698325
        2038, -2.04682222e-01, 1.68446265e-02, 9.43382861e-04, 2.51669388e-04, 1.43912156e-02, 0.0, -1.02780722e+01, -1.02906639e+01, -1.06257823e+01, -1.08805302e+01, 0.0, 2.0000000000, 8.0000000000, 0.1014509161
        2039, -2.04682222e-01, 1.68446253e-02, 9.43382881e-04, 2.51667580e-04, 1.43912139e-02, 0.0, -1.02918717e+01, -1.03030472e+01, -1.06304972e+01, -1.08867372e+01, 0.0, 2.0000000000, 8.0000000000, 0.1017310023
        2040, -2.04682220e-01, 1.68446255e-02, 9.43382895e-04, 2.51666795e-04, 1.43912139e-02, 0.0, -1.03109383e+01, -1.03226133e+01, -1.06534268e+01, -1.09152966e+01, 0.0, 2.0000000000, 8.0000000000, 0.1020136158
        2041, -2.04682220e-01, 1.68446272e-02, 9.43382912e-04, 2.51667742e-04, 1.43912157e-02, 0.0, -1.03247705e+01, -1.03368014e+01, -1.06717945e+01, -1.09248931e+01, 0.0, 2.0000000000, 8.0000000000, 0.1022973657
        2042, -2.04682218e-01, 1.68446280e-02, 9.43382923e-04, 2.51667888e-04, 1.43912163e-02, 0.0, -1.03355261e+01, -1.03483924e+01, -1.06867937e+01, -1.09303679e+01, 0.0, 2.0000000000, 8.0000000000, 0.1025840163
        2043, -2.04682218e-01, 1.68446293e-02, 9.43382937e-04, 2.51668604e-04, 1.43912176e-02, 0.0, -1.03544819e+01, -1.03668640e+01, -1.07042992e+01, -1.09571779e+01, 0.0, 2.0000000000, 8.0000000000, 0.1028747002
        2044, -2.04682218e-01, 1.68446288e-02, 9.43382951e-04, 2.51667551e-04, 1.43912169e-02, 0.0, -1.03710007e+01, -1.03827785e+01, -1.07176523e+01, -1.09731167e+01, 0.0, 2.0000000000, 8.0000000000, 0.1031568170
        2045, -2.04682217e-01, 1.68446285e-02, 9.43382966e-04, 2.51666547e-04, 1.43912163e-02, 0.0, -1.03852661e+01, -1.03976245e+01, -1.07378839e+01, -1.09894967e+01, 0.0, 2.0000000000, 8.0000000000, 0.1034475525
        2046, -2.04682216e-01, 1.68446292e-02, 9.43382978e-04, 2.51666589e-04, 1.43912169e-02, 0.0, -1.03977783e+01, -1.04108911e+01, -1.07535665e+01, -1.09996951e+01, 0.0, 2.0000000000, 8.0000000000, 0.1038643519
        2047, -2.04682215e-01, 1.68446291e-02, 9.43382987e-04, 2.51666218e-04, 1.43912166e-02, 0.0, -1.04086275e+01, -1.04223842e+01, -1.07673533e+01, -1.10075380e+01, 0.0, 2.0000000000, 8.0000000000, 0.1041737994
        2048, -2.04682216e-01, 1.68446308e-02, 9.43382998e-04, 2.51667546e-04, 1.43912186e-02, 0.0, -1.04258642e+01, -1.04393218e+01, -1.07821144e+01, -1.10279880e+01, 0.0, 2.0000000000, 8.0000000000, 0.1044600010
        2049, -2.04682215e-01, 1.68446306e-02, 9.43383009e-04, 2.51666956e-04, 1.43912181e-02, 0.0, -1.04360882e+01, -1.04500590e+01, -1.07965808e+01, -1.10344754e+01, 0.0, 2.0000000000, 8.0000000000, 0.1047456344
        2050, -2.04682213e-01, 1.68446309e-02, 9.43383019e-04, 2.51666781e-04, 1.43912183e-02, 0.0, -1.04495139e+01, -1.04636740e+01, -1.08094338e+01, -1.10482167e+01, 0.0, 2.0000000000, 8.0000000000, 0.1050287326
        2051, -2.04682213e-01, 1.68446316e-02, 9.43383030e-04, 2.51667213e-04, 1.43912191e-02, 0.0, -1.04609015e+01, -1.04754036e+01, -1.08219554e+01, -1.10577004e+01, 0.0, 2.0000000000, 8.0000000000, 0.1053079685
        2052, -2.04682212e-01, 1.68446319e-02, 9.43383039e-04, 2.51667151e-04, 1.43912193e-02, 0.0, -1.04742285e+01, -1.04888632e+01, -1.08357502e+01, -1.10708388e+01, 0.0, 2.0000000000, 8.0000000000, 0.1055917184
        2053, -2.04682212e-01, 1.68446321e-02, 9.43383048e-04, 2.51667019e-04, 1.43912194e-02, 0.0, -1.04876622e+01, -1.05023837e+01, -1.08489036e+01, -1.10855017e+01, 0.0, 2.0000000000, 8.0000000000, 0.1058766683
        2054, -2.04682211e-01, 1.68446323e-02, 9.43383055e-04, 2.51666914e-04, 1.43912196e-02, 0.0, -1.05007233e+01, -1.05156114e+01, -1.08631029e+01, -1.10983054e+01, 0.0, 2.0000000000, 8.0000000000, 0.1061687350
        2055, -2.04682210e-01, 1.68446326e-02, 9.43383063e-04, 2.51666926e-04, 1.43912198e-02, 0.0, -1.05133344e+01, -1.05283663e+01, -1.08752886e+01, -1.11106928e+01, 0.0, 2.0000000000, 8.0000000000, 0.1064491828
        2056, -2.04682210e-01, 1.68446328e-02, 9.43383070e-04, 2.51666885e-04, 1.43912200e-02, 0.0, -1.05259814e+01, -1.05412060e+01, -1.08882792e+01, -1.11228064e+01, 0.0, 2.0000000000, 8.0000000000, 0.1067291856
        2057, -2.04682209e-01, 1.68446331e-02, 9.43383078e-04, 2.51666892e-04, 1.43912202e-02, 0.0, -1.05394185e+01, -1.05547094e+01, -1.09004250e+01, -1.11367688e+01, 0.0, 2.0000000000, 8.0000000000, 0.1070067843
        2058, -2.04682209e-01, 1.68446333e-02, 9.43383083e-04, 2.51666843e-04, 1.43912204e-02, 0.0, -1.05527404e+01, -1.05681852e+01, -1.09137013e+01, -1.11498025e+01, 0.0, 2.0000000000, 8.0000000000, 0.1073035518
        2059, -2.04682208e-01, 1.68446335e-02, 9.43383090e-04, 2.51666812e-04, 1.43912205e-02, 0.0, -1.05664012e+01, -1.05819440e+01, -1.09261339e+01, -1.11639765e+01, 0.0, 2.0000000000, 8.0000000000, 0.1075954835
        2060, -2.04682208e-01, 1.68446337e-02, 9.43383095e-04, 2.51666780e-04, 1.43912207e-02, 0.0, -1.05798544e+01, -1.05955865e+01, -1.09398241e+01, -1.11770310e+01, 0.0, 2.0000000000, 8.0000000000, 0.1079414169
        2061, -2.04682207e-01, 1.68446339e-02, 9.43383101e-04, 2.51666773e-04, 1.43912208e-02, 0.0, -1.05936971e+01, -1.06095449e+01, -1.09525702e+01, -1.11913431e+01, 0.0, 2.0000000000, 8.0000000000, 0.1083996693
        2062, -2.04682207e-01, 1.68446340e-02, 9.43383105e-04, 2.51666745e-04, 1.43912210e-02, 0.0, -1.06077037e+01, -1.06237356e+01, -1.09667170e+01, -1.12051667e+01, 0.0, 2.0000000000, 8.0000000000, 0.1086915851
        2063, -2.04682206e-01, 1.68446342e-02, 9.43383110e-04, 2.51666722e-04, 1.43912211e-02, 0.0, -1.06218647e+01, -1.06380434e+01, -1.09799982e+01, -1.12198249e+01, 0.0, 2.0000000000, 8.0000000000, 0.1089813670
        2064, -2.04682206e-01, 1.68446343e-02, 9.43383114e-04, 2.51666702e-04, 1.43912212e-02, 0.0, -1.06362453e+01, -1.06526282e+01, -1.09948601e+01, -1.12341197e+01, 0.0, 2.0000000000, 8.0000000000, 0.1092585325
        2065, -2.04682206e-01, 1.68446344e-02, 9.43383118e-04, 2.51666682e-04, 1.43912213e-02, 0.0, -1.06505515e+01, -1.06671206e+01, -1.10086409e+01, -1.12487706e+01, 0.0, 2.0000000000, 8.0000000000, 0.1095403989
        2066, -2.04682206e-01, 1.68446346e-02, 9.43383121e-04, 2.51666669e-04, 1.43912214e-02, 0.0, -1.06652619e+01, -1.06820523e+01, -1.10241307e+01, -1.12635470e+01, 0.0, 2.0000000000, 8.0000000000, 0.1098244508
        2067, -2.04682205e-01, 1.68446347e-02, 9.43383124e-04, 2.51666648e-04, 1.43912214e-02, 0.0, -1.06797365e+01, -1.06967386e+01, -1.10383773e+01, -1.12782635e+01, 0.0, 2.0000000000, 8.0000000000, 0.1101047834
        2068, -2.04682205e-01, 1.68446348e-02, 9.43383126e-04, 2.51666645e-04, 1.43912216e-02, 0.0, -1.06947083e+01, -1.07119381e+01, -1.10544675e+01, -1.12934655e+01, 0.0, 2.0000000000, 8.0000000000, 0.1103839159
        2069, -2.04682205e-01, 1.68446349e-02, 9.43383129e-04, 2.51666628e-04, 1.43912216e-02, 0.0, -1.07092698e+01, -1.07267231e+01, -1.10690588e+01, -1.13081373e+01, 0.0, 2.0000000000, 8.0000000000, 0.1106656194
        2070, -2.04682205e-01, 1.68446350e-02, 9.43383131e-04, 2.51666633e-04, 1.43912217e-02, 0.0, -1.07244448e+01, -1.07421114e+01, -1.10855830e+01, -1.13237319e+01, 0.0, 2.0000000000, 8.0000000000, 0.1109433174
        2071, -2.04682204e-01, 1.68446350e-02, 9.43383133e-04, 2.51666620e-04, 1.43912217e-02, 0.0, -1.07390275e+01, -1.07569098e+01, -1.11003620e+01, -1.13383141e+01, 0.0, 2.0000000000, 8.0000000000, 0.1112345656
        2072, -2.04682204e-01, 1.68446351e-02, 9.43383134e-04, 2.51666629e-04, 1.43912218e-02, 0.0, -1.07543796e+01, -1.07724335e+01, -1.11171420e+01, -1.13543245e+01, 0.0, 2.0000000000, 8.0000000000, 0.1115271688
        2073, -2.04682204e-01, 1.68446352e-02, 9.43383136e-04, 2.51666623e-04, 1.43912218e-02, 0.0, -1.07689148e+01, -1.07871580e+01, -1.11319193e+01, -1.13687616e+01, 0.0, 2.0000000000, 8.0000000000, 0.1118051330
        2074, -2.04682204e-01, 1.68446353e-02, 9.43383136e-04, 2.51666636e-04, 1.43912219e-02, 0.0, -1.07845557e+01, -1.08028873e+01, -1.11487922e+01, -1.13854585e+01, 0.0, 2.0000000000, 8.0000000000, 0.1120953163
        2075, -2.04682204e-01, 1.68446353e-02, 9.43383138e-04, 2.51666635e-04, 1.43912219e-02, 0.0, -1.07990484e+01, -1.08175269e+01, -1.11634299e+01, -1.13997972e+01, 0.0, 2.0000000000, 8.0000000000, 0.1123794158
        2076, -2.04682204e-01, 1.68446354e-02, 9.43383138e-04, 2.51666655e-04, 1.43912220e-02, 0.0, -1.08155927e+01, -1.08339861e+01, -1.11804766e+01, -1.14183961e+01, 0.0, 2.0000000000, 8.0000000000, 0.1126593192
        2077, -2.04682203e-01, 1.68446353e-02, 9.43383139e-04, 2.51666562e-04, 1.43912219e-02, 0.0, -1.08305502e+01, -1.08490101e+01, -1.11952316e+01, -1.14335659e+01, 0.0, 2.0000000000, 8.0000000000, 0.1129458348
        2078, -2.04682203e-01, 1.68446352e-02, 9.43383139e-04, 2.51666451e-04, 1.43912218e-02, 0.0, -1.08524718e+01, -1.08700870e+01, -1.12145428e+01, -1.14632455e+01, 0.0, 2.0000000000, 8.0000000000, 0.1132242322
        2079, -2.04682203e-01, 1.68446355e-02, 9.43383140e-04, 2.51666672e-04, 1.43912221e-02, 0.0, -1.08633558e+01, -1.08814823e+01, -1.12295573e+01, -1.14689212e+01, 0.0, 2.0000000000, 8.0000000000, 0.1135201494
        2080, -2.04682203e-01, 1.68446355e-02, 9.43383140e-04, 2.51666641e-04, 1.43912221e-02, 0.0, -1.08830150e+01, -1.09001894e+01, -1.12446726e+01, -1.14945948e+01, 0.0, 2.0000000000, 8.0000000000, 0.1138019999
        2081, -2.04682203e-01, 1.68446354e-02, 9.43383140e-04, 2.51666454e-04, 1.43912219e-02, 0.0, -1.08964375e+01, -1.09142774e+01, -1.12595394e+01, -1.15072742e+01, 0.0, 2.0000000000, 8.0000000000, 0.1140887499
        2082, -2.04682203e-01, 1.68446355e-02, 9.43383140e-04, 2.51666551e-04, 1.43912221e-02, 0.0, -1.09089871e+01, -1.09268357e+01, -1.12727706e+01, -1.15179104e+01, 0.0, 2.0000000000, 8.0000000000, 0.1143711686
        2083, -2.04682203e-01, 1.68446356e-02, 9.43383140e-04, 2.51666593e-04, 1.43912221e-02, 0.0, -1.09196244e+01, -1.09378095e+01, -1.12827853e+01, -1.15248287e+01, 0.0, 2.0000000000, 8.0000000000, 0.1146526853
        2084, -2.04682203e-01, 1.68446353e-02, 9.43383138e-04, 2.51666330e-04, 1.43912218e-02, 0.0, -1.09364416e+01, -1.09539530e+01, -1.12961731e+01, -1.15443357e+01, 0.0, 2.0000000000, 8.0000000000, 0.1149327358
        2085, -2.04682203e-01, 1.68446353e-02, 9.43383138e-04, 2.51666277e-04, 1.43912218e-02, 0.0, -1.09533574e+01, -1.09701594e+01, -1.13104239e+01, -1.15646778e+01, 0.0, 2.0000000000, 8.0000000000, 0.1152624528
        2086, -2.04682203e-01, 1.68446356e-02, 9.43383137e-04, 2.51666508e-04, 1.43912221e-02, 0.0, -1.09627210e+01, -1.09803852e+01, -1.13222161e+01, -1.15699629e+01, 0.0, 2.0000000000, 8.0000000000, 0.1155499021
        2087, -2.04682203e-01, 1.68446352e-02, 9.43383137e-04, 2.51666161e-04, 1.43912216e-02, 0.0, -1.09767565e+01, -1.09941599e+01, -1.13315552e+01, -1.15833495e+01, 0.0, 2.0000000000, 8.0000000000, 0.1158423503
        2088, -2.04682203e-01, 1.68446356e-02, 9.43383137e-04, 2.51666520e-04, 1.43912221e-02, 0.0, -1.09889932e+01, -1.10064277e+01, -1.13428517e+01, -1.15942025e+01, 0.0, 2.0000000000, 8.0000000000, 0.1161227028
        2089, -2.04682202e-01, 1.68446356e-02, 9.43383138e-04, 2.51666582e-04, 1.43912222e-02, 0.0, -1.10014886e+01, -1.10191601e+01, -1.13592434e+01, -1.16077037e+01, 0.0, 2.0000000000, 8.0000000000, 0.1164085348
        2090, -2.04682203e-01, 1.68446355e-02, 9.43383137e-04, 2.51666474e-04, 1.43912220e-02, 0.0, -1.10216537e+01, -1.10383273e+01, -1.13720693e+01, -1.16319120e+01, 0.0, 2.0000000000, 8.0000000000, 0.1166856845
        2091, -2.04682203e-01, 1.68446355e-02, 9.43383137e-04, 2.51666462e-04, 1.43912220e-02, 0.0, -1.10305400e+01, -1.10482978e+01, -1.13869093e+01, -1.16362844e+01, 0.0, 2.0000000000, 8.0000000000, 0.1169620991
        2092, -2.04682203e-01, 1.68446356e-02, 9.43383137e-04, 2.51666517e-04, 1.43912221e-02, 0.0, -1.10456734e+01, -1.10633768e+01, -1.13957590e+01, -1.16505768e+01, 0.0, 2.0000000000, 8.0000000000, 0.1172405998
        2093, -2.04682203e-01, 1.68446356e-02, 9.43383136e-04, 2.51666525e-04, 1.43912221e-02, 0.0, -1.10576889e+01, -1.10757026e+01, -1.14108120e+01, -1.16606940e+01, 0.0, 2.0000000000, 8.0000000000, 0.1175302505
        2094, -2.04682203e-01, 1.68446357e-02, 9.43383136e-04, 2.51666595e-04, 1.43912222e-02, 0.0, -1.10710093e+01, -1.10891885e+01, -1.14246984e+01, -1.16736659e+01, 0.0, 2.0000000000, 8.0000000000, 0.1178107659
        2095, -2.04682203e-01, 1.68446354e-02, 9.43383134e-04, 2.51666324e-04, 1.43912219e-02, 0.0, -1.10847847e+01, -1.11031170e+01, -1.14361361e+01, -1.16862198e+01, 0.0, 2.0000000000, 8.0000000000, 0.1181132992
        2096, -2.04682203e-01, 1.68446356e-02, 9.43383134e-04, 2.51666545e-04, 1.43912221e-02, 0.0, -1.10984230e+01, -1.11168137e+01, -1.14510431e+01, -1.16991922e+01, 0.0, 2.0000000000, 8.0000000000, 0.1184053500
        2097, -2.04682203e-01, 1.68446353e-02, 9.43383133e-04, 2.51666304e-04, 1.43912218e-02, 0.0, -1.11210498e+01, -1.11383892e+01, -1.14732249e+01, -1.17336180e+01, 0.0, 2.0000000000, 8.0000000000, 0.1186865012
        2098, -2.04682203e-01, 1.68446357e-02, 9.43383133e-04, 2.51666736e-04, 1.43912223e-02, 0.0, -1.11303931e+01, -1.11491355e+01, -1.14868681e+01, -1.17334711e+01, 0.0, 2.0000000000, 8.0000000000, 0.1190070510
        2099, -2.04682203e-01, 1.68446352e-02, 9.43383132e-04, 2.51666248e-04, 1.43912217e-02, 0.0, -1.11446088e+01, -1.11628444e+01, -1.14928248e+01, -1.17465284e+01, 0.0, 2.0000000000, 8.0000000000, 0.1192918022
        2100, -2.04682203e-01, 1.68446354e-02, 9.43383132e-04, 2.51666447e-04, 1.43912219e-02, 0.0, -1.11598214e+01, -1.11776214e+01, -1.15099906e+01, -1.17657316e+01, 0.0, 2.0000000000, 8.0000000000, 0.1195907513
        2101, -2.04682203e-01, 1.68446353e-02, 9.43383132e-04, 2.51666381e-04, 1.43912218e-02, 0.0, -1.11776752e+01, -1.11961574e+01, -1.15320864e+01, -1.17882118e+01, 0.0, 2.0000000000, 8.0000000000, 0.1198903680
        2102, -2.04682203e-01, 1.68446354e-02, 9.43383132e-04, 2.51666501e-04, 1.43912219e-02, 0.0, -1.11934138e+01, -1.12120259e+01, -1.15492367e+01, -1.18010788e+01, 0.0, 2.0000000000, 8.0000000000, 0.1202227155
        2103, -2.04682202e-01, 1.68446350e-02, 9.43383131e-04, 2.51666148e-04, 1.43912215e-02, 0.0, -1.12143848e+01, -1.12321301e+01, -1.15698681e+01, -1.18303828e+01, 0.0, 2.0000000000, 8.0000000000, 0.1205598156
        2104, -2.04682202e-01, 1.68446353e-02, 9.43383130e-04, 2.51666449e-04, 1.43912218e-02, 0.0, -1.12251148e+01, -1.12431869e+01, -1.15795149e+01, -1.18329278e+01, 0.0, 2.0000000000, 8.0000000000, 0.1208525022
        2105, -2.04682202e-01, 1.68446352e-02, 9.43383130e-04, 2.51666463e-04, 1.43912218e-02, 0.0, -1.12409028e+01, -1.12596041e+01, -1.15945903e+01, -1.18535046e+01, 0.0, 2.0000000000, 8.0000000000, 0.1211279829
        2106, -2.04682202e-01, 1.68446353e-02, 9.43383130e-04, 2.51666557e-04, 1.43912219e-02, 0.0, -1.12543224e+01, -1.12734333e+01, -1.16146341e+01, -1.18636406e+01, 0.0, 2.0000000000, 8.0000000000, 0.1214171171
        2107, -2.04682202e-01, 1.68446352e-02, 9.43383130e-04, 2.51666505e-04, 1.43912218e-02, 0.0, -1.12671626e+01, -1.12864652e+01, -1.16252279e+01, -1.18738992e+01, 0.0, 2.0000000000, 8.0000000000, 0.1217015823
        2108, -2.04682202e-01, 1.68446352e-02, 9.43383130e-04, 2.51666447e-04, 1.43912218e-02, 0.0, -1.12812752e+01, -1.13005334e+01, -1.16394030e+01, -1.18873791e+01, 0.0, 2.0000000000, 8.0000000000, 0.1219866991
        2109, -2.04682202e-01, 1.68446351e-02, 9.43383130e-04, 2.51666411e-04, 1.43912217e-02, 0.0, -1.12919398e+01, -1.13115022e+01, -1.16522428e+01, -1.18943473e+01, 0.0, 2.0000000000, 8.0000000000, 0.1222693682
        2110, -2.04682202e-01, 1.68446351e-02, 9.43383129e-04, 2.51666428e-04, 1.43912217e-02, 0.0, -1.13042653e+01, -1.13238699e+01, -1.16623613e+01, -1.19048440e+01, 0.0, 2.0000000000, 8.0000000000, 0.1225623687
        2111, -2.04682202e-01, 1.68446350e-02, 9.43383129e-04, 2.51666371e-04, 1.43912216e-02, 0.0, -1.13163700e+01, -1.13359149e+01, -1.16753389e+01, -1.19157703e+01, 0.0, 2.0000000000, 8.0000000000, 0.1228547176
        2112, -2.04682202e-01, 1.68446350e-02, 9.43383129e-04, 2.51666417e-04, 1.43912216e-02, 0.0, -1.13301360e+01, -1.13494649e+01, -1.16875699e+01, -1.19304080e+01, 0.0, 2.0000000000, 8.0000000000, 0.1231439670
        2113, -2.04682202e-01, 1.68446350e-02, 9.43383129e-04, 2.51666399e-04, 1.43912216e-02, 0.0, -1.13438886e+01, -1.13630011e+01, -1.17029663e+01, -1.19447872e+01, 0.0, 2.0000000000, 8.0000000000, 0.1234278997
        2114, -2.04682202e-01, 1.68446350e-02, 9.43383129e-04, 2.51666449e-04, 1.43912216e-02, 0.0, -1.13552304e+01, -1.13744056e+01, -1.17144601e+01, -1.19544533e+01, 0.0, 2.0000000000, 8.0000000000, 0.1237169663
        2115, -2.04682202e-01, 1.68446349e-02, 9.43383129e-04, 2.51666407e-04, 1.43912216e-02, 0.0, -1.13690114e+01, -1.13879823e+01, -1.17283964e+01, -1.19686855e+01, 0.0, 2.0000000000, 8.0000000000, 0.1240435322
        2116, -2.04682202e-01, 1.68446349e-02, 9.43383129e-04, 2.51666438e-04, 1.43912216e-02, 0.0, -1.13802533e+01, -1.13992998e+01, -1.17388565e+01, -1.19781165e+01, 0.0, 2.0000000000, 8.0000000000, 0.1244015694
        2117, -2.04682202e-01, 1.68446349e-02, 9.43383129e-04, 2.51666395e-04, 1.43912215e-02, 0.0, -1.13966321e+01, -1.14151652e+01, -1.17538576e+01, -1.19974535e+01, 0.0, 2.0000000000, 8.0000000000, 0.1247620662
        2118, -2.04682202e-01, 1.68446349e-02, 9.43383129e-04, 2.51666460e-04, 1.43912216e-02, 0.0, -1.14075816e+01, -1.14263956e+01, -1.17646885e+01, -1.20059001e+01, 0.0, 2.0000000000, 8.0000000000, 0.1251213670
        2119, -2.04682202e-01, 1.68446349e-02, 9.43383129e-04, 2.51666432e-04, 1.43912215e-02, 0.0, -1.14224871e+01, -1.14411051e+01, -1.17793124e+01, -1.20224469e+01, 0.0, 2.0000000000, 8.0000000000, 0.1254075686
        2120, -2.04682202e-01, 1.68446349e-02, 9.43383129e-04, 2.51666452e-04, 1.43912215e-02, 0.0, -1.14337494e+01, -1.14526284e+01, -1.17904050e+01, -1.20309828e+01, 0.0, 2.0000000000, 8.0000000000, 0.1256904165
        2121, -2.04682202e-01, 1.68446348e-02, 9.43383130e-04, 2.51666411e-04, 1.43912215e-02, 0.0, -1.14505499e+01, -1.14690525e+01, -1.18061890e+01, -1.20513003e+01, 0.0, 2.0000000000, 8.0000000000, 0.1259798686
        2122, -2.04682202e-01, 1.68446349e-02, 9.43383130e-04, 2.51666461e-04, 1.43912215e-02, 0.0, -1.14625355e+01, -1.14814109e+01, -1.18180101e+01, -1.20608281e+01, 0.0, 2.0000000000, 8.0000000000, 0.1262620171
        2123, -2.04682202e-01, 1.68446348e-02, 9.43383130e-04, 2.51666436e-04, 1.43912215e-02, 0.0, -1.14783171e+01, -1.14970621e+01, -1.18339043e+01, -1.20788997e+01, 0.0, 2.0000000000, 8.0000000000, 0.1265442491
